gtm,year,game_date,h,hr,er,so,era,era_cum,h_cum,hr_cum,er_cum,so_cum
1,1958,1958-04-15,11,2,8,2,9.0,9.0,11,2,8,2
2,1958,1958-04-16,5,0,1,11,4.76,4.76,16,2,9,13
3,1958,1958-04-17,10,1,4,5,4.68,4.68,26,3,13,18
4,1958,1958-04-18,12,2,5,7,4.76,4.76,38,5,18,25
5,1958,1958-04-19,15,2,10,4,5.86,5.86,53,7,28,29
6,1958,1958-04-20,15,3,9,5,6.4,6.4,68,10,37,34
7,1958,1958-04-22,4,1,2,4,5.75,5.75,72,11,39,38
8,1958,1958-04-23,10,2,7,8,5.91,5.91,82,13,46,46
9,1958,1958-04-24,9,4,15,3,6.95,6.95,91,17,61,49
10,1958,1958-04-25,9,1,2,6,6.44,6.44,100,18,63,55
11,1958,1958-04-26,10,1,6,5,6.4,6.4,110,19,69,60
12,1958,1958-04-27,10,1,3,5,6.11,6.11,120,20,72,65
13,1958,1958-04-29,11,1,6,3,6.1,6.1,131,21,78,68
14,1958,1958-04-30,9,1,3,4,5.88,5.88,140,22,81,72
15,1958,1958-05-01,13,3,7,4,5.95,5.95,153,25,88,76
16,1958,1958-05-02,9,0,5,9,5.89,5.89,162,25,93,85
17,1958,1958-05-03,9,3,3,3,5.72,5.72,171,28,96,88
18,1958,,13,1,6,3,5.74,5.74,184,29,102,91
19,1958,,10,0,2,2,5.54,5.54,194,29,104,93
20,1958,1958-05-05,8,2,7,2,5.61,5.61,202,31,111,95
21,1958,1958-05-06,10,2,6,11,5.48,5.48,212,33,117,106
22,1958,1958-05-07,15,1,9,5,5.64,5.64,227,34,126,111
23,1958,1958-05-09,12,2,11,3,5.9,5.9,239,36,137,114
24,1958,1958-05-10,4,1,3,3,5.79,5.79,243,37,140,117
25,1958,1958-05-12,17,4,5,7,5.76,5.76,260,41,145,124
26,1958,1958-05-13,26,5,13,5,6.03,6.03,286,46,158,129
27,1958,1958-05-14,13,1,7,2,6.09,6.09,299,47,165,131
28,1958,1958-05-15,8,0,1,4,5.87,5.87,307,47,166,135
29,1958,1958-05-16,5,1,2,5,5.76,5.76,312,48,168,140
30,1958,1958-05-17,13,2,10,1,5.92,5.92,325,50,178,141
31,1958,,10,1,6,2,5.94,5.94,335,51,184,143
32,1958,,8,0,0,7,5.76,5.76,343,51,184,150
33,1958,1958-05-20,2,0,2,6,5.6,5.6,345,51,186,156
34,1958,1958-05-21,9,0,1,0,5.47,5.47,354,51,187,156
35,1958,1958-05-23,8,1,4,7,5.45,5.45,362,52,191,163
36,1958,1958-05-24,10,0,5,1,5.45,5.45,372,52,196,164
37,1958,1958-05-26,2,0,1,4,5.33,5.33,374,52,197,168
38,1958,1958-05-27,10,1,5,1,5.34,5.34,384,53,202,169
39,1958,1958-05-28,6,0,0,4,5.2,5.2,390,53,202,173
40,1958,,8,1,3,4,5.15,5.15,398,54,205,177
41,1958,,15,5,10,7,5.28,5.28,413,59,215,184
42,1958,1958-05-31,12,1,4,8,5.25,5.25,425,60,219,192
43,1958,1958-06-01,2,0,0,3,5.13,5.13,427,60,219,195
44,1958,1958-06-03,5,0,8,12,5.19,5.19,432,60,227,207
45,1958,1958-06-04,3,0,0,7,5.08,5.08,435,60,227,214
46,1958,1958-06-05,13,2,7,3,5.12,5.12,448,62,234,217
47,1958,1958-06-06,9,0,3,3,5.07,5.07,457,62,237,220
48,1958,1958-06-07,6,1,2,11,5.01,5.01,463,63,239,231
49,1958,1958-06-08,11,2,4,4,4.99,4.99,474,65,243,235
50,1958,1958-06-10,11,0,2,4,4.93,4.93,485,65,245,239
51,1958,1958-06-11,9,0,2,6,4.87,4.87,494,65,247,245
52,1958,1958-06-12,10,1,4,8,4.85,4.85,504,66,251,253
53,1958,1958-06-13,7,0,3,7,4.82,4.82,511,66,254,260
54,1958,1958-06-14,6,1,2,8,4.77,4.77,517,67,256,268
55,1958,1958-06-15,14,3,12,8,4.9,4.9,531,70,268,276
56,1958,1958-06-17,10,1,8,7,4.96,4.96,541,71,276,283
57,1958,1958-06-18,4,0,0,6,4.88,4.88,545,71,276,289
58,1958,1958-06-19,12,2,9,3,4.96,4.96,557,73,285,292
59,1958,1958-06-20,6,0,2,5,4.92,4.92,563,73,287,297
60,1958,1958-06-21,15,0,10,5,5.01,5.01,578,73,297,302
61,1958,,5,0,0,2,4.93,4.93,583,73,297,304
62,1958,,5,0,1,9,4.86,4.86,588,73,298,313
63,1958,1958-06-23,10,0,6,5,4.88,4.88,598,73,304,318
64,1958,,15,0,10,8,4.95,4.95,613,73,314,326
65,1958,,8,1,2,9,4.89,4.89,621,74,316,335
66,1958,1958-06-26,8,0,1,3,4.83,4.83,629,74,317,338
67,1958,1958-06-27,7,1,1,8,4.78,4.78,636,75,318,346
68,1958,1958-06-28,11,2,6,6,4.8,4.8,647,77,324,352
69,1958,1958-06-29,14,2,10,1,4.89,4.89,661,79,334,353
70,1958,1958-06-30,8,1,4,7,4.88,4.88,669,80,338,360
71,1958,1958-07-01,9,0,3,4,4.85,4.85,678,80,341,364
72,1958,,7,0,2,6,4.81,4.81,685,80,343,370
73,1958,,9,1,2,4,4.77,4.77,694,81,345,374
74,1958,1958-07-05,10,0,7,6,4.8,4.8,704,81,352,380
75,1958,1958-07-06,11,0,5,8,4.81,4.81,715,81,357,388
76,1958,1958-07-09,4,0,3,5,4.78,4.78,719,81,360,393
77,1958,1958-07-10,13,3,7,4,4.81,4.81,732,84,367,397
78,1958,1958-07-11,15,1,6,8,4.83,4.83,747,85,373,405
79,1958,1958-07-12,7,1,3,2,4.8,4.8,754,86,376,407
80,1958,,3,0,0,10,4.74,4.74,757,86,376,417
81,1958,,7,1,1,4,4.7,4.7,764,87,377,421
82,1958,1958-07-14,9,0,2,7,4.66,4.66,773,87,379,428
83,1958,1958-07-15,10,1,4,9,4.66,4.66,783,88,383,437
84,1958,1958-07-16,13,3,7,9,4.68,4.68,796,91,390,446
85,1958,1958-07-17,6,2,3,7,4.66,4.66,802,93,393,453
86,1958,1958-07-18,11,2,6,5,4.68,4.68,813,95,399,458
87,1958,1958-07-19,8,2,5,5,4.68,4.68,821,97,404,463
88,1958,1958-07-20,4,0,0,7,4.63,4.63,825,97,404,470
89,1958,,14,2,10,6,4.7,4.7,839,99,414,476
90,1958,,8,0,6,8,4.72,4.72,847,99,420,484
91,1958,1958-07-24,9,1,5,2,4.73,4.73,856,100,425,486
92,1958,1958-07-25,8,1,3,5,4.71,4.71,864,101,428,491
93,1958,1958-07-26,7,1,4,7,4.7,4.7,871,102,432,498
94,1958,,8,3,7,7,4.73,4.73,879,105,439,505
95,1958,,6,1,4,5,4.72,4.72,885,106,443,510
96,1958,1958-07-29,7,1,2,9,4.69,4.69,892,107,445,519
97,1958,1958-07-30,6,2,4,4,4.69,4.69,898,109,449,523
98,1958,1958-07-31,8,1,4,6,4.69,4.69,906,110,453,529
99,1958,1958-08-01,5,0,2,7,4.66,4.66,911,110,455,536
100,1958,1958-08-02,6,1,2,6,4.63,4.63,917,111,457,542
101,1958,,10,2,6,10,4.64,4.64,927,113,463,552
102,1958,,6,1,3,9,4.63,4.63,933,114,466,561
103,1958,1958-08-04,9,1,3,2,4.62,4.62,942,115,469,563
104,1958,1958-08-05,21,1,13,1,4.71,4.71,963,116,482,564
105,1958,1958-08-06,6,0,1,1,4.67,4.67,969,116,483,565
106,1958,1958-08-07,4,1,1,10,4.64,4.64,973,117,484,575
107,1958,1958-08-08,7,0,3,5,4.62,4.62,980,117,487,580
108,1958,1958-08-09,8,3,4,9,4.61,4.61,988,120,491,589
109,1958,1958-08-10,16,5,12,6,4.68,4.68,1004,125,503,595
110,1958,1958-08-12,14,2,6,6,4.7,4.7,1018,127,509,601
111,1958,1958-08-13,7,2,5,6,4.7,4.7,1025,129,514,607
112,1958,1958-08-14,11,0,3,2,4.68,4.68,1036,129,517,609
113,1958,,10,2,3,4,4.66,4.66,1046,131,520,613
114,1958,,9,1,3,7,4.64,4.64,1055,132,523,620
115,1958,,16,2,11,4,4.7,4.7,1071,134,534,624
116,1958,,6,1,3,6,4.68,4.68,1077,135,537,630
117,1958,,5,1,1,5,4.65,4.65,1082,136,538,635
118,1958,,4,1,2,5,4.63,4.63,1086,137,540,640
119,1958,1958-08-20,6,0,1,4,4.6,4.6,1092,137,541,644
120,1958,1958-08-21,9,2,1,5,4.57,4.57,1101,139,542,649
121,1958,1958-08-23,4,1,1,3,4.54,4.54,1105,140,543,652
122,1958,1958-08-24,13,1,5,5,4.54,4.54,1118,141,548,657
123,1958,1958-08-25,8,1,2,6,4.52,4.52,1126,142,550,663
124,1958,1958-08-26,9,1,5,5,4.53,4.53,1135,143,555,668
125,1958,1958-08-27,11,2,7,3,4.55,4.55,1146,145,562,671
126,1958,1958-08-29,5,1,1,7,4.52,4.52,1151,146,563,678
127,1958,,8,2,3,3,4.51,4.51,1159,148,566,681
128,1958,,5,1,3,8,4.5,4.5,1164,149,569,689
129,1958,1958-08-31,15,2,14,4,4.58,4.58,1179,151,583,693
130,1958,,13,1,8,3,4.61,4.61,1192,152,591,696
131,1958,,11,3,5,11,4.59,4.59,1203,155,596,707
132,1958,1958-09-02,5,0,0,6,4.55,4.55,1208,155,596,713
133,1958,1958-09-03,4,1,3,7,4.54,4.54,1212,156,599,720
134,1958,1958-09-04,17,2,12,6,4.6,4.6,1229,158,611,726
135,1958,1958-09-05,7,0,1,4,4.57,4.57,1236,158,612,730
136,1958,1958-09-06,7,1,3,7,4.56,4.56,1243,159,615,737
137,1958,1958-09-07,10,2,5,4,4.57,4.57,1253,161,620,741
138,1958,1958-09-09,7,0,4,12,4.57,4.57,1260,161,624,753
139,1958,1958-09-10,10,0,5,7,4.57,4.57,1270,161,629,760
140,1958,1958-09-11,12,0,3,7,4.57,4.57,1282,161,632,767
141,1958,1958-09-12,7,0,2,5,4.55,4.55,1289,161,634,772
142,1958,1958-09-13,13,1,6,5,4.56,4.56,1302,162,640,777
143,1958,1958-09-14,7,1,3,5,4.55,4.55,1309,163,643,782
144,1958,1958-09-15,11,1,6,7,4.56,4.56,1320,164,649,789
145,1958,,8,3,5,3,4.57,4.57,1328,167,654,792
146,1958,,10,1,7,10,4.59,4.59,1338,168,661,802
147,1958,1958-09-19,7,0,1,9,4.56,4.56,1345,168,662,811
148,1958,1958-09-20,6,2,3,4,4.55,4.55,1351,170,665,815
149,1958,1958-09-21,8,0,1,8,4.53,4.53,1359,170,666,823
150,1958,1958-09-23,10,0,2,5,4.51,4.51,1369,170,668,828
151,1958,1958-09-24,6,1,2,6,4.5,4.5,1375,171,670,834
152,1958,,9,1,3,7,4.49,4.49,1384,172,673,841
153,1958,,5,0,1,9,4.46,4.46,1389,172,674,850
154,1958,1958-09-27,10,1,6,5,4.47,4.47,1399,173,680,855
1,1959,1959-04-11,9,0,5,10,5.62,5.62,9,0,5,10
2,1959,1959-04-12,8,0,3,3,4.24,4.24,17,0,8,13
3,1959,1959-04-14,10,1,5,5,4.5,4.5,27,1,13,18
4,1959,1959-04-15,8,0,0,7,3.34,3.34,35,1,13,25
5,1959,1959-04-16,10,1,6,6,3.89,3.89,45,2,19,31
6,1959,1959-04-17,11,3,9,4,4.75,4.75,56,5,28,35
7,1959,1959-04-18,10,2,6,7,4.94,4.94,66,7,34,42
8,1959,1959-04-19,4,0,2,2,4.56,4.56,70,7,36,44
9,1959,1959-04-20,3,1,1,11,4.16,4.16,73,8,37,55
10,1959,1959-04-21,10,2,7,7,4.35,4.35,83,10,44,62
11,1959,1959-04-22,12,0,5,8,4.41,4.41,95,10,49,70
12,1959,1959-04-24,7,1,2,8,4.17,4.17,102,11,51,78
13,1959,1959-04-25,9,2,6,2,4.35,4.35,111,13,57,80
14,1959,1959-04-26,16,2,9,5,4.68,4.68,127,15,66,85
15,1959,1959-04-27,6,0,3,7,4.57,4.57,133,15,69,92
16,1959,1959-04-29,11,2,5,8,4.6,4.6,144,17,74,100
17,1959,1959-04-30,8,0,4,13,4.57,4.57,152,17,78,113
18,1959,1959-05-01,8,2,5,5,4.62,4.62,160,19,83,118
19,1959,1959-05-02,13,3,16,5,5.25,5.25,173,22,99,123
20,1959,,8,2,6,4,5.32,5.32,181,24,105,127
21,1959,,10,0,0,3,5.06,5.06,191,24,105,130
22,1959,1959-05-04,12,2,3,6,4.97,4.97,203,26,108,136
23,1959,1959-05-05,15,0,3,11,4.73,4.73,218,26,111,147
24,1959,1959-05-06,12,0,4,6,4.72,4.72,230,26,115,153
25,1959,1959-05-07,6,0,1,1,4.57,4.57,236,26,116,154
26,1959,1959-05-08,12,2,8,6,4.72,4.72,248,28,124,160
27,1959,1959-05-09,8,0,4,6,4.66,4.66,256,28,128,166
28,1959,1959-05-10,6,1,2,6,4.56,4.56,262,29,130,172
29,1959,1959-05-11,8,2,6,7,4.61,4.61,270,31,136,179
30,1959,1959-05-12,5,1,1,6,4.49,4.49,275,32,137,185
31,1959,1959-05-13,9,1,6,6,4.54,4.54,284,33,143,191
32,1959,1959-05-14,12,2,7,5,4.62,4.62,296,35,150,196
33,1959,1959-05-16,11,4,6,5,4.66,4.66,307,39,156,201
34,1959,1959-05-17,14,2,8,5,4.76,4.76,321,41,164,206
35,1959,1959-05-18,13,2,7,7,4.82,4.82,334,43,171,213
36,1959,1959-05-19,11,0,4,9,4.8,4.8,345,43,175,222
37,1959,,10,0,4,8,4.78,4.78,355,43,179,230
38,1959,,12,2,7,5,4.83,4.83,367,45,186,235
39,1959,1959-05-22,6,0,1,11,4.68,4.68,373,45,187,246
40,1959,1959-05-23,8,0,4,5,4.67,4.67,381,45,191,251
41,1959,1959-05-24,12,3,6,8,4.7,4.7,393,48,197,259
42,1959,1959-05-25,2,0,0,7,4.59,4.59,395,48,197,266
43,1959,1959-05-26,6,2,5,11,4.61,4.61,401,50,202,277
44,1959,1959-05-27,5,1,1,11,4.53,4.53,406,51,203,288
45,1959,1959-05-28,10,1,7,6,4.58,4.58,416,52,210,294
46,1959,1959-05-29,9,1,3,11,4.55,4.55,425,53,213,305
47,1959,1959-05-30,12,1,5,5,4.56,4.56,437,54,218,310
48,1959,1959-05-31,6,2,3,14,4.52,4.52,443,56,221,324
49,1959,1959-06-02,10,1,4,5,4.52,4.52,453,57,225,329
50,1959,1959-06-03,2,0,1,5,4.45,4.45,455,57,226,334
51,1959,1959-06-04,8,0,5,2,4.47,4.47,463,57,231,336
52,1959,1959-06-05,7,0,1,5,4.41,4.41,470,57,232,341
53,1959,1959-06-06,8,0,0,5,4.33,4.33,478,57,232,346
54,1959,1959-06-07,12,0,8,4,4.4,4.4,490,57,240,350
55,1959,1959-06-09,5,0,1,4,4.34,4.34,495,57,241,354
56,1959,1959-06-10,7,0,1,5,4.29,4.29,502,57,242,359
57,1959,1959-06-11,2,0,0,7,4.22,4.22,504,57,242,366
58,1959,1959-06-12,13,0,5,5,4.23,4.23,517,57,247,371
59,1959,1959-06-13,11,0,5,4,4.25,4.25,528,57,252,375
60,1959,,11,0,5,6,4.27,4.27,539,57,257,381
61,1959,,11,2,5,6,4.29,4.29,550,59,262,387
62,1959,1959-06-15,4,0,0,13,4.22,4.22,554,59,262,400
63,1959,1959-06-16,8,0,5,5,4.23,4.23,562,59,267,405
64,1959,,5,1,2,7,4.2,4.2,567,60,269,412
65,1959,,2,0,0,2,4.13,4.13,569,60,269,414
66,1959,1959-06-18,10,2,6,3,4.16,4.16,579,62,275,417
67,1959,1959-06-19,5,1,2,6,4.13,4.13,584,63,277,423
68,1959,1959-06-20,6,1,2,7,4.1,4.1,590,64,279,430
69,1959,1959-06-21,17,3,15,7,4.26,4.26,607,67,294,437
70,1959,1959-06-22,10,1,1,16,4.21,4.21,617,68,295,453
71,1959,1959-06-23,7,1,3,6,4.19,4.19,624,69,298,459
72,1959,1959-06-24,11,2,1,4,4.15,4.15,635,71,299,463
73,1959,1959-06-25,3,1,2,4,4.12,4.12,638,72,301,467
74,1959,1959-06-26,9,3,5,8,4.13,4.13,647,75,306,475
75,1959,1959-06-27,6,0,0,8,4.08,4.08,653,75,306,483
76,1959,1959-06-28,10,0,2,6,4.05,4.05,663,75,308,489
77,1959,1959-06-29,9,4,6,10,4.05,4.05,672,79,314,499
78,1959,1959-06-30,10,1,2,8,4.02,4.02,682,80,316,507
79,1959,1959-07-02,10,0,0,4,3.97,3.97,692,80,316,511
80,1959,1959-07-03,5,0,3,7,3.97,3.97,697,80,319,518
81,1959,,4,0,0,7,3.92,3.92,701,80,319,525
82,1959,,5,1,2,11,3.9,3.9,706,81,321,536
83,1959,,8,0,3,8,3.89,3.89,714,81,324,544
84,1959,,9,1,3,11,3.88,3.88,723,82,327,555
85,1959,1959-07-09,8,0,2,5,3.84,3.84,731,82,329,560
86,1959,1959-07-11,9,1,5,10,3.85,3.85,740,83,334,570
87,1959,1959-07-12,8,3,4,6,3.85,3.85,748,86,338,576
88,1959,1959-07-13,15,3,11,7,3.94,3.94,763,89,349,583
89,1959,1959-07-14,14,0,9,5,4.0,4.0,777,89,358,588
90,1959,1959-07-15,3,0,0,7,3.96,3.96,780,89,358,595
91,1959,1959-07-17,4,1,3,7,3.95,3.95,784,90,361,602
92,1959,1959-07-18,5,1,5,4,3.97,3.97,789,91,366,606
93,1959,,13,1,4,3,3.97,3.97,802,92,370,609
94,1959,,6,0,3,3,3.98,3.98,808,92,373,612
95,1959,1959-07-20,4,0,1,7,3.94,3.94,812,92,374,619
96,1959,1959-07-21,3,0,0,6,3.9,3.9,815,92,374,625
97,1959,1959-07-22,6,1,7,11,3.94,3.94,821,93,381,636
98,1959,1959-07-23,8,0,3,3,3.93,3.93,829,93,384,639
99,1959,1959-07-24,7,0,2,7,3.91,3.91,836,93,386,646
100,1959,1959-07-25,9,1,1,3,3.87,3.87,845,94,387,649
101,1959,1959-07-26,7,1,2,5,3.85,3.85,852,95,389,654
102,1959,1959-07-28,9,1,2,6,3.84,3.84,861,96,391,660
103,1959,1959-07-29,6,0,0,7,3.8,3.8,867,96,391,667
104,1959,1959-07-30,14,1,5,14,3.8,3.8,881,97,396,681
105,1959,1959-07-31,8,0,3,14,3.79,3.79,889,97,399,695
106,1959,1959-08-01,3,2,3,8,3.78,3.78,892,99,402,703
107,1959,1959-08-02,4,0,0,8,3.75,3.75,896,99,402,711
108,1959,1959-08-04,8,2,4,7,3.75,3.75,904,101,406,718
109,1959,1959-08-05,4,0,3,4,3.74,3.74,908,101,409,722
110,1959,1959-08-08,5,0,2,9,3.73,3.73,913,101,411,731
111,1959,1959-08-09,11,2,5,11,3.74,3.74,924,103,416,742
112,1959,1959-08-11,11,3,5,8,3.75,3.75,935,106,421,750
113,1959,1959-08-12,16,4,11,5,3.82,3.82,951,110,432,755
114,1959,1959-08-13,9,3,6,7,3.83,3.83,960,113,438,762
115,1959,1959-08-14,12,1,2,5,3.82,3.82,972,114,440,767
116,1959,1959-08-15,11,2,3,5,3.81,3.81,983,116,443,772
117,1959,1959-08-16,10,1,5,4,3.82,3.82,993,117,448,776
118,1959,,10,3,7,6,3.85,3.85,1003,120,455,782
119,1959,,9,0,3,8,3.85,3.85,1012,120,458,790
120,1959,1959-08-18,7,3,4,11,3.83,3.83,1019,123,462,801
121,1959,1959-08-19,13,1,9,7,3.88,3.88,1032,124,471,808
122,1959,1959-08-20,10,1,4,6,3.88,3.88,1042,125,475,814
123,1959,1959-08-21,11,0,4,4,3.88,3.88,1053,125,479,818
124,1959,1959-08-22,9,0,2,3,3.87,3.87,1062,125,481,821
125,1959,,11,0,9,8,3.91,3.91,1073,125,490,829
126,1959,,15,1,4,7,3.91,3.91,1088,126,494,836
127,1959,1959-08-24,4,1,2,13,3.9,3.9,1092,127,496,849
128,1959,1959-08-25,7,1,2,5,3.88,3.88,1099,128,498,854
129,1959,1959-08-28,8,1,5,11,3.89,3.89,1107,129,503,865
130,1959,1959-08-30,6,2,6,5,3.91,3.91,1113,131,509,870
131,1959,1959-08-31,7,1,2,18,3.89,3.89,1120,132,511,888
132,1959,1959-09-01,4,2,3,4,3.89,3.89,1124,134,514,892
133,1959,1959-09-02,9,1,1,7,3.86,3.86,1133,135,515,899
134,1959,1959-09-03,6,2,5,8,3.87,3.87,1139,137,520,907
135,1959,,5,1,3,10,3.86,3.86,1144,138,523,917
136,1959,,11,2,5,10,3.87,3.87,1155,140,528,927
137,1959,1959-09-07,6,0,1,14,3.85,3.85,1161,140,529,941
138,1959,1959-09-09,3,0,0,11,3.82,3.82,1164,140,529,952
139,1959,1959-09-10,3,0,0,4,3.79,3.79,1167,140,529,956
140,1959,,7,2,4,7,3.8,3.8,1174,142,533,963
141,1959,,6,0,0,11,3.77,3.77,1180,142,533,974
142,1959,1959-09-13,11,4,4,8,3.77,3.77,1191,146,537,982
143,1959,1959-09-14,7,1,4,7,3.77,3.77,1198,147,541,989
144,1959,1959-09-15,16,1,7,7,3.79,3.79,1214,148,548,996
145,1959,1959-09-16,13,2,7,7,3.81,3.81,1227,150,555,1003
146,1959,1959-09-17,7,0,3,6,3.81,3.81,1234,150,558,1009
147,1959,,6,0,1,4,3.79,3.79,1240,150,559,1013
148,1959,,6,0,2,13,3.78,3.78,1246,150,561,1026
149,1959,1959-09-20,6,0,2,10,3.77,3.77,1252,150,563,1036
150,1959,1959-09-22,14,2,10,5,3.81,3.81,1266,152,573,1041
151,1959,1959-09-23,5,0,0,5,3.78,3.78,1271,152,573,1046
152,1959,1959-09-25,8,2,4,7,3.78,3.78,1279,154,577,1053
153,1959,1959-09-26,16,1,12,6,3.84,3.84,1295,155,589,1059
154,1959,1959-09-27,6,1,1,3,3.82,3.82,1301,156,590,1062
155,1959,1959-09-28,6,0,1,6,3.8,3.8,1307,156,591,1068
156,1959,1959-09-29,10,1,4,9,3.79,3.79,1317,157,595,1077
1,1960,1960-04-12,7,1,2,14,1.64,1.64,7,1,2,14
2,1960,1960-04-13,9,2,4,6,2.7,2.7,16,3,6,20
3,1960,1960-04-14,9,1,2,5,2.48,2.48,25,4,8,25
4,1960,1960-04-16,4,1,2,4,2.37,2.37,29,5,10,29
5,1960,1960-04-17,10,2,5,11,2.87,2.87,39,7,15,40
6,1960,1960-04-19,5,0,0,3,2.41,2.41,44,7,15,43
7,1960,1960-04-20,5,0,1,5,2.25,2.25,49,7,16,48
8,1960,1960-04-22,15,1,11,5,3.38,3.38,64,8,27,53
9,1960,1960-04-23,12,3,9,5,4.05,4.05,76,11,36,58
10,1960,1960-04-24,7,2,7,8,4.4,4.4,83,13,43,66
11,1960,1960-04-26,4,0,1,10,4.08,4.08,87,13,44,76
12,1960,1960-04-27,4,0,4,6,4.08,4.08,91,13,48,82
13,1960,1960-04-28,10,1,7,4,4.3,4.3,101,14,55,86
14,1960,1960-04-29,8,0,1,7,4.06,4.06,109,14,56,93
15,1960,1960-04-30,9,4,6,8,4.2,4.2,118,18,62,101
16,1960,1960-05-02,7,1,1,9,3.99,3.99,125,19,63,110
17,1960,1960-05-03,6,2,4,11,3.99,3.99,131,21,67,121
18,1960,1960-05-04,8,1,2,4,3.88,3.88,139,22,69,125
19,1960,1960-05-05,9,2,3,6,3.81,3.81,148,24,72,131
20,1960,1960-05-06,10,2,5,15,3.85,3.85,158,26,77,146
21,1960,1960-05-07,7,1,2,11,3.72,3.72,165,27,79,157
22,1960,1960-05-08,12,1,4,3,3.73,3.73,177,28,83,160
23,1960,1960-05-09,6,2,4,14,3.75,3.75,183,30,87,174
24,1960,1960-05-10,8,2,3,8,3.72,3.72,191,32,90,182
25,1960,1960-05-11,10,0,6,6,3.81,3.81,201,32,96,188
26,1960,1960-05-13,10,0,3,7,3.79,3.79,211,32,99,195
27,1960,1960-05-14,2,1,1,1,3.69,3.69,213,33,100,196
28,1960,1960-05-15,7,0,2,7,3.64,3.64,220,33,102,203
29,1960,1960-05-17,8,2,4,7,3.66,3.66,228,35,106,210
30,1960,1960-05-18,8,1,5,8,3.67,3.67,236,36,111,218
31,1960,1960-05-19,9,0,3,10,3.65,3.65,245,36,114,228
32,1960,1960-05-20,13,1,6,8,3.74,3.74,258,37,120,236
33,1960,1960-05-22,9,1,3,9,3.71,3.71,267,38,123,245
34,1960,1960-05-23,1,0,0,10,3.61,3.61,268,38,123,255
35,1960,1960-05-24,8,0,2,5,3.56,3.56,276,38,125,260
36,1960,1960-05-25,5,1,1,7,3.49,3.49,281,39,126,267
37,1960,1960-05-27,8,0,3,8,3.48,3.48,289,39,129,275
38,1960,1960-05-28,4,1,3,15,3.42,3.42,293,40,132,290
39,1960,1960-05-29,5,0,0,4,3.33,3.33,298,40,132,294
40,1960,1960-05-30,16,3,15,6,3.62,3.62,314,43,147,300
41,1960,1960-05-31,7,2,3,10,3.61,3.61,321,45,150,310
42,1960,1960-06-01,11,1,5,11,3.64,3.64,332,46,155,321
43,1960,1960-06-02,16,3,10,10,3.79,3.79,348,49,165,331
44,1960,1960-06-03,15,1,6,10,3.83,3.83,363,50,171,341
45,1960,1960-06-04,6,2,4,7,3.83,3.83,369,52,175,348
46,1960,1960-06-05,15,2,12,10,4.0,4.0,384,54,187,358
47,1960,1960-06-07,8,1,1,7,3.94,3.94,392,55,188,365
48,1960,1960-06-08,4,0,1,8,3.88,3.88,396,55,189,373
49,1960,1960-06-09,11,0,6,9,3.92,3.92,407,55,195,382
50,1960,1960-06-10,3,1,4,4,3.92,3.92,410,56,199,386
51,1960,1960-06-11,7,0,2,7,3.89,3.89,417,56,201,393
52,1960,1960-06-12,4,1,1,8,3.83,3.83,421,57,202,401
53,1960,1960-06-14,13,1,6,11,3.87,3.87,434,58,208,412
54,1960,1960-06-15,5,1,2,5,3.83,3.83,439,59,210,417
55,1960,1960-06-16,14,0,6,6,3.87,3.87,453,59,216,423
56,1960,1960-06-17,6,1,2,3,3.84,3.84,459,60,218,426
57,1960,1960-06-18,9,1,4,2,3.83,3.83,468,61,222,428
58,1960,1960-06-19,8,1,5,6,3.85,3.85,476,62,227,434
59,1960,1960-06-20,9,2,4,7,3.86,3.86,485,64,231,441
60,1960,1960-06-21,12,1,5,7,3.89,3.89,497,65,236,448
61,1960,1960-06-23,6,0,2,3,3.86,3.86,503,65,238,451
62,1960,1960-06-24,7,1,3,9,3.84,3.84,510,66,241,460
63,1960,1960-06-25,8,1,4,6,3.85,3.85,518,67,245,466
64,1960,1960-06-26,7,0,3,5,3.83,3.83,525,67,248,471
65,1960,1960-06-28,8,1,2,11,3.81,3.81,533,68,250,482
66,1960,,5,0,2,12,3.78,3.78,538,68,252,494
67,1960,,4,0,2,12,3.76,3.76,542,68,254,506
68,1960,1960-06-30,9,1,6,5,3.79,3.79,551,69,260,511
69,1960,1960-07-01,9,0,4,6,3.79,3.79,560,69,264,517
70,1960,1960-07-02,4,0,1,6,3.75,3.75,564,69,265,523
71,1960,1960-07-03,7,0,1,8,3.71,3.71,571,69,266,531
72,1960,,6,2,6,5,3.75,3.75,577,71,272,536
73,1960,,10,0,4,2,3.75,3.75,587,71,276,538
74,1960,1960-07-05,4,0,0,7,3.7,3.7,591,71,276,545
75,1960,1960-07-06,3,0,0,7,3.65,3.65,594,71,276,552
76,1960,1960-07-07,8,1,1,8,3.62,3.62,602,72,277,560
77,1960,1960-07-08,9,0,3,6,3.61,3.61,611,72,280,566
78,1960,1960-07-09,12,3,4,4,3.62,3.62,623,75,284,570
79,1960,1960-07-10,6,2,5,4,3.63,3.63,629,77,289,574
80,1960,1960-07-15,10,0,3,7,3.62,3.62,639,77,292,581
81,1960,1960-07-16,9,0,1,7,3.59,3.59,648,77,293,588
82,1960,1960-07-17,10,0,2,9,3.58,3.58,658,77,295,597
83,1960,1960-07-19,13,1,4,4,3.58,3.58,671,78,299,601
84,1960,1960-07-20,9,2,5,11,3.59,3.59,680,80,304,612
85,1960,1960-07-21,7,2,3,4,3.58,3.58,687,82,307,616
86,1960,1960-07-22,4,0,0,14,3.54,3.54,691,82,307,630
87,1960,1960-07-23,3,0,0,4,3.5,3.5,694,82,307,634
88,1960,1960-07-24,10,0,0,8,3.46,3.46,704,82,307,642
89,1960,1960-07-26,11,1,4,9,3.47,3.47,715,83,311,651
90,1960,1960-07-27,4,0,0,6,3.43,3.43,719,83,311,657
91,1960,1960-07-28,7,3,5,8,3.45,3.45,726,86,316,665
92,1960,1960-07-29,10,0,3,10,3.44,3.44,736,86,319,675
93,1960,1960-07-30,11,5,6,9,3.46,3.46,747,91,325,684
94,1960,1960-07-31,10,1,4,7,3.47,3.47,757,92,329,691
95,1960,1960-08-02,5,0,1,4,3.45,3.45,762,92,330,695
96,1960,1960-08-03,5,0,1,3,3.43,3.43,767,92,331,698
97,1960,1960-08-04,7,1,4,2,3.44,3.44,774,93,335,700
98,1960,1960-08-06,4,1,1,7,3.42,3.42,778,94,336,707
99,1960,,9,0,7,9,3.45,3.45,787,94,343,716
100,1960,,4,0,1,11,3.43,3.43,791,94,344,727
101,1960,1960-08-08,11,2,5,5,3.45,3.45,802,96,349,732
102,1960,1960-08-09,9,1,2,10,3.43,3.43,811,97,351,742
103,1960,1960-08-10,5,1,2,6,3.42,3.42,816,98,353,748
104,1960,1960-08-11,2,0,0,13,3.39,3.39,818,98,353,761
105,1960,1960-08-12,7,0,3,3,3.39,3.39,825,98,356,764
106,1960,1960-08-13,12,0,5,7,3.41,3.41,837,98,361,771
107,1960,,7,0,2,3,3.4,3.4,844,98,363,774
108,1960,,9,2,5,13,3.41,3.41,853,100,368,787
109,1960,1960-08-16,11,1,5,10,3.42,3.42,864,101,373,797
110,1960,1960-08-17,4,1,1,8,3.4,3.4,868,102,374,805
111,1960,1960-08-18,9,3,3,11,3.38,3.38,877,105,377,816
112,1960,1960-08-19,3,0,0,2,3.35,3.35,880,105,377,818
113,1960,1960-08-20,4,1,1,8,3.33,3.33,884,106,378,826
114,1960,1960-08-21,7,1,2,9,3.32,3.32,891,107,380,835
115,1960,1960-08-22,8,1,5,5,3.34,3.34,899,108,385,840
116,1960,1960-08-23,11,5,7,7,3.37,3.37,910,113,392,847
117,1960,1960-08-24,8,1,3,2,3.37,3.37,918,114,395,849
118,1960,1960-08-25,6,1,4,10,3.37,3.37,924,115,399,859
119,1960,,5,0,1,7,3.35,3.35,929,115,400,866
120,1960,,3,0,0,7,3.32,3.32,932,115,400,873
121,1960,1960-08-28,13,3,4,5,3.33,3.33,945,118,404,878
122,1960,1960-08-29,16,3,10,8,3.38,3.38,961,121,414,886
123,1960,1960-08-30,11,2,5,5,3.4,3.4,972,123,419,891
124,1960,1960-08-31,6,0,1,7,3.38,3.38,978,123,420,898
125,1960,1960-09-01,7,1,1,13,3.35,3.35,985,124,421,911
126,1960,1960-09-02,7,1,4,6,3.36,3.36,992,125,425,917
127,1960,1960-09-03,7,1,1,8,3.35,3.35,999,126,426,925
128,1960,1960-09-04,13,1,8,3,3.38,3.38,1012,127,434,928
129,1960,,11,1,9,6,3.43,3.43,1023,128,443,934
130,1960,,6,1,3,2,3.42,3.42,1029,129,446,936
131,1960,1960-09-06,6,0,0,8,3.4,3.4,1035,129,446,944
132,1960,1960-09-07,12,1,4,13,3.39,3.39,1047,130,450,957
133,1960,1960-09-08,8,2,4,10,3.39,3.39,1055,132,454,967
134,1960,1960-09-09,5,1,2,7,3.38,3.38,1060,133,456,974
135,1960,1960-09-10,12,3,10,5,3.43,3.43,1072,136,466,979
136,1960,1960-09-11,2,0,0,7,3.41,3.41,1074,136,466,986
137,1960,,5,0,0,12,3.38,3.38,1079,136,466,998
138,1960,,5,0,1,11,3.36,3.36,1084,136,467,1009
139,1960,1960-09-14,7,1,2,13,3.35,3.35,1091,137,469,1022
140,1960,1960-09-15,9,1,3,5,3.35,3.35,1100,138,472,1027
141,1960,1960-09-16,7,0,2,7,3.35,3.35,1107,138,474,1034
142,1960,1960-09-17,4,1,7,8,3.37,3.37,1111,139,481,1042
143,1960,1960-09-18,7,3,5,1,3.39,3.39,1118,142,486,1043
144,1960,1960-09-19,7,1,1,8,3.37,3.37,1125,143,487,1051
145,1960,1960-09-20,11,0,3,2,3.37,3.37,1136,143,490,1053
146,1960,1960-09-21,7,2,3,13,3.36,3.36,1143,145,493,1066
147,1960,1960-09-25,16,2,8,2,3.39,3.39,1159,147,501,1068
148,1960,1960-09-26,10,0,5,7,3.4,3.4,1169,147,506,1075
149,1960,1960-09-27,5,0,1,6,3.39,3.39,1174,147,507,1081
150,1960,1960-09-28,9,1,2,6,3.38,3.38,1183,148,509,1087
151,1960,1960-09-29,9,2,4,10,3.38,3.38,1192,150,513,1097
152,1960,1960-09-30,7,1,5,7,3.39,3.39,1199,151,518,1104
153,1960,1960-10-01,14,2,8,13,3.41,3.41,1213,153,526,1117
154,1960,1960-10-02,5,1,2,5,3.4,3.4,1218,154,528,1122
1,1961,1961-04-11,6,1,2,13,2.0,2.0,6,1,2,13
2,1961,1961-04-12,9,0,1,11,1.5,1.5,15,1,3,24
3,1961,1961-04-13,9,2,5,9,2.67,2.67,24,3,8,33
4,1961,1961-04-14,11,0,4,7,3.0,3.0,35,3,12,40
5,1961,1961-04-15,11,2,4,7,3.2,3.2,46,5,16,47
6,1961,1961-04-16,14,0,3,5,3.17,3.17,60,5,19,52
7,1961,1961-04-17,12,3,9,8,4.0,4.0,72,8,28,60
8,1961,1961-04-18,8,2,3,6,3.88,3.88,80,10,31,66
9,1961,1961-04-19,9,1,1,7,3.56,3.56,89,11,32,73
10,1961,1961-04-20,17,3,10,8,4.2,4.2,106,14,42,81
11,1961,1961-04-21,6,1,3,11,4.09,4.09,112,15,45,92
12,1961,1961-04-22,6,0,0,5,3.75,3.75,118,15,45,97
13,1961,1961-04-23,6,1,1,6,3.54,3.54,124,16,46,103
14,1961,1961-04-25,7,1,3,7,3.5,3.5,131,17,49,110
15,1961,1961-04-26,10,0,3,10,3.47,3.47,141,17,52,120
16,1961,1961-04-29,7,1,3,5,3.44,3.44,148,18,55,125
17,1961,,5,0,0,10,3.24,3.24,153,18,55,135
18,1961,,13,0,10,4,3.63,3.63,166,18,65,139
19,1961,1961-05-02,13,0,3,9,3.6,3.6,179,18,68,148
20,1961,1961-05-03,12,0,4,5,3.64,3.64,191,18,72,153
21,1961,1961-05-04,13,1,9,7,3.89,3.89,204,19,81,160
22,1961,1961-05-05,7,0,0,8,3.71,3.71,211,19,81,168
23,1961,1961-05-06,13,0,8,4,3.92,3.92,224,19,89,172
24,1961,1961-05-07,10,1,2,5,3.84,3.84,234,20,91,177
25,1961,1961-05-08,7,0,3,10,3.79,3.79,241,20,94,187
26,1961,1961-05-09,4,0,2,2,3.78,3.78,245,20,96,189
27,1961,1961-05-10,5,0,0,6,3.64,3.64,250,20,96,195
28,1961,1961-05-12,5,0,2,11,3.58,3.58,255,20,98,206
29,1961,1961-05-13,9,1,2,5,3.52,3.52,264,21,100,211
30,1961,1961-05-14,15,2,7,14,3.62,3.62,279,23,107,225
31,1961,1961-05-15,8,4,7,10,3.73,3.73,287,27,114,235
32,1961,1961-05-16,13,1,5,5,3.77,3.77,300,28,119,240
33,1961,1961-05-17,4,0,1,11,3.66,3.66,304,28,120,251
34,1961,1961-05-19,9,1,6,4,3.73,3.73,313,29,126,255
35,1961,1961-05-20,5,1,3,5,3.71,3.71,318,30,129,260
36,1961,1961-05-21,4,1,2,6,3.66,3.66,322,31,131,266
37,1961,1961-05-22,4,0,1,8,3.57,3.57,326,31,132,274
38,1961,1961-05-23,7,0,2,4,3.54,3.54,333,31,134,278
39,1961,1961-05-24,9,1,4,6,3.57,3.57,342,32,138,284
40,1961,1961-05-25,3,0,0,8,3.48,3.48,345,32,138,292
41,1961,1961-05-26,7,2,10,5,3.65,3.65,352,34,148,297
42,1961,1961-05-27,12,3,10,2,3.81,3.81,364,37,158,299
43,1961,1961-05-28,10,1,3,8,3.79,3.79,374,38,161,307
44,1961,1961-05-29,3,0,1,13,3.73,3.73,377,38,162,320
45,1961,1961-05-30,3,1,3,5,3.71,3.71,380,39,165,325
46,1961,1961-05-31,12,3,8,9,3.8,3.8,392,42,173,334
47,1961,1961-06-02,10,2,2,7,3.76,3.76,402,44,175,341
48,1961,1961-06-03,7,1,3,7,3.74,3.74,409,45,178,348
49,1961,1961-06-04,8,1,4,6,3.75,3.75,417,46,182,354
50,1961,1961-06-05,13,2,5,8,3.77,3.77,430,48,187,362
51,1961,1961-06-06,12,1,6,1,3.81,3.81,442,49,193,363
52,1961,1961-06-07,7,2,3,7,3.8,3.8,449,51,196,370
53,1961,1961-06-08,7,2,4,5,3.8,3.8,456,53,200,375
54,1961,1961-06-09,4,0,1,7,3.75,3.75,460,53,201,382
55,1961,1961-06-10,7,1,4,3,3.76,3.76,467,54,205,385
56,1961,1961-06-11,5,1,3,10,3.74,3.74,472,55,208,395
57,1961,1961-06-12,12,0,7,5,3.81,3.81,484,55,215,400
58,1961,1961-06-13,7,2,4,7,3.82,3.82,491,57,219,407
59,1961,1961-06-14,5,0,0,7,3.75,3.75,496,57,219,414
60,1961,1961-06-15,11,0,3,13,3.72,3.72,507,57,222,427
61,1961,1961-06-16,8,1,2,9,3.69,3.69,515,58,224,436
62,1961,1961-06-17,5,0,0,12,3.63,3.63,520,58,224,448
63,1961,1961-06-18,14,5,9,6,3.72,3.72,534,63,233,454
64,1961,1961-06-20,2,0,0,14,3.66,3.66,536,63,233,468
65,1961,,7,0,1,8,3.62,3.62,543,63,234,476
66,1961,,8,0,2,5,3.59,3.59,551,63,236,481
67,1961,1961-06-22,14,3,6,9,3.63,3.63,565,66,242,490
68,1961,1961-06-23,9,1,5,6,3.66,3.66,574,67,247,496
69,1961,1961-06-24,9,1,7,9,3.71,3.71,583,68,254,505
70,1961,1961-06-25,8,0,3,6,3.7,3.7,591,68,257,511
71,1961,1961-06-27,14,1,4,5,3.71,3.71,605,69,261,516
72,1961,1961-06-28,9,0,9,9,3.79,3.79,614,69,270,525
73,1961,1961-06-29,9,0,4,12,3.8,3.8,623,69,274,537
74,1961,1961-06-30,8,0,6,10,3.83,3.83,631,69,280,547
75,1961,1961-07-01,6,0,2,8,3.8,3.8,637,69,282,555
76,1961,1961-07-02,5,1,1,4,3.76,3.76,642,70,283,559
77,1961,1961-07-03,3,0,2,7,3.74,3.74,645,70,285,566
78,1961,1961-07-04,9,1,5,6,3.76,3.76,654,71,290,572
79,1961,1961-07-05,14,4,7,6,3.8,3.8,668,75,297,578
80,1961,1961-07-06,5,0,1,7,3.76,3.76,673,75,298,585
81,1961,,13,2,7,10,3.8,3.8,686,77,305,595
82,1961,,8,1,4,7,3.81,3.81,694,78,309,602
83,1961,1961-07-08,7,1,1,7,3.77,3.77,701,79,310,609
84,1961,1961-07-09,15,3,11,6,3.86,3.86,716,82,321,615
85,1961,1961-07-13,7,0,2,7,3.84,3.84,723,82,323,622
86,1961,1961-07-14,14,2,7,8,3.87,3.87,737,84,330,630
87,1961,1961-07-15,11,1,7,7,3.91,3.91,748,85,337,637
88,1961,1961-07-16,17,5,11,3,3.98,3.98,765,90,348,640
89,1961,1961-07-17,8,3,4,5,3.98,3.98,773,93,352,645
90,1961,1961-07-19,9,0,3,4,3.97,3.97,782,93,355,649
91,1961,1961-07-20,7,0,1,7,3.94,3.94,789,93,356,656
92,1961,1961-07-21,12,1,10,4,4.01,4.01,801,94,366,660
93,1961,1961-07-22,8,0,4,9,4.0,4.0,809,94,370,669
94,1961,1961-07-23,5,0,1,6,3.97,3.97,814,94,371,675
95,1961,1961-07-25,6,0,2,10,3.95,3.95,820,94,373,685
96,1961,1961-07-26,5,0,1,7,3.92,3.92,825,94,374,692
97,1961,1961-07-27,9,1,6,6,3.94,3.94,834,95,380,698
98,1961,1961-07-28,7,1,4,3,3.94,3.94,841,96,384,701
99,1961,1961-07-29,11,1,4,8,3.94,3.94,852,97,388,709
100,1961,1961-07-30,6,0,2,8,3.92,3.92,858,97,390,717
101,1961,1961-08-02,11,2,5,7,3.93,3.93,869,99,395,724
102,1961,1961-08-03,5,0,1,5,3.9,3.9,874,99,396,729
103,1961,1961-08-04,5,2,4,7,3.9,3.9,879,101,400,736
104,1961,1961-08-05,15,0,6,13,3.9,3.9,894,101,406,749
105,1961,1961-08-06,10,2,4,2,3.9,3.9,904,103,410,751
106,1961,1961-08-08,9,1,3,6,3.89,3.89,913,104,413,757
107,1961,1961-08-09,4,2,1,11,3.87,3.87,917,106,414,768
108,1961,1961-08-12,5,0,0,4,3.83,3.83,922,106,414,772
109,1961,1961-08-13,8,0,0,8,3.8,3.8,930,106,414,780
110,1961,1961-08-14,11,0,5,6,3.81,3.81,941,106,419,786
111,1961,1961-08-15,9,1,4,8,3.81,3.81,950,107,423,794
112,1961,,7,1,6,7,3.83,3.83,957,108,429,801
113,1961,,12,3,8,7,3.86,3.86,969,111,437,808
114,1961,1961-08-18,6,2,2,6,3.85,3.85,975,113,439,814
115,1961,1961-08-19,8,1,5,3,3.86,3.86,983,114,444,817
116,1961,1961-08-20,19,3,10,5,3.92,3.92,1002,117,454,822
117,1961,1961-08-22,6,1,4,2,3.92,3.92,1008,118,458,824
118,1961,1961-08-23,12,3,8,4,3.96,3.96,1020,121,466,828
119,1961,1961-08-24,16,1,10,5,4.01,4.01,1036,122,476,833
120,1961,1961-08-25,5,1,2,6,4.0,4.0,1041,123,478,839
121,1961,1961-08-26,12,3,6,2,4.01,4.01,1053,126,484,841
122,1961,,9,1,5,10,4.03,4.03,1062,127,489,851
123,1961,,12,1,8,4,4.06,4.06,1074,128,497,855
124,1961,1961-08-29,2,0,0,12,4.03,4.03,1076,128,497,867
125,1961,1961-08-30,7,1,2,12,4.01,4.01,1083,129,499,879
126,1961,1961-08-31,6,1,2,7,4.0,4.0,1089,130,501,886
127,1961,1961-09-01,5,0,3,9,3.99,3.99,1094,130,504,895
128,1961,1961-09-02,8,1,2,3,3.98,3.98,1102,131,506,898
129,1961,1961-09-03,9,1,4,9,3.98,3.98,1111,132,510,907
130,1961,1961-09-04,2,0,0,3,3.95,3.95,1113,132,510,910
131,1961,1961-09-05,5,0,1,5,3.93,3.93,1118,132,511,915
132,1961,1961-09-06,12,3,5,14,3.93,3.93,1130,135,516,929
133,1961,1961-09-08,9,3,7,2,3.96,3.96,1139,138,523,931
134,1961,1961-09-09,11,2,6,3,3.98,3.98,1150,140,529,934
135,1961,1961-09-10,8,2,7,11,4.01,4.01,1158,142,536,945
136,1961,1961-09-11,8,3,5,15,4.01,4.01,1166,145,541,960
137,1961,1961-09-12,17,5,17,10,4.1,4.1,1183,150,558,970
138,1961,1961-09-13,20,3,8,2,4.13,4.13,1203,153,566,972
139,1961,1961-09-14,12,0,4,12,4.13,4.13,1215,153,570,984
140,1961,1961-09-15,5,1,1,10,4.11,4.11,1220,154,571,994
141,1961,1961-09-16,11,1,6,10,4.11,4.11,1231,155,577,1004
142,1961,1961-09-17,11,0,3,8,4.1,4.1,1242,155,580,1012
143,1961,1961-09-18,8,3,5,11,4.11,4.11,1250,158,585,1023
144,1961,1961-09-19,9,4,5,4,4.11,4.11,1259,162,590,1027
145,1961,1961-09-20,7,1,2,15,4.08,4.08,1266,163,592,1042
146,1961,1961-09-22,9,2,3,4,4.08,4.08,1275,165,595,1046
147,1961,1961-09-23,15,0,4,9,4.08,4.08,1290,165,599,1055
148,1961,1961-09-24,11,0,6,7,4.09,4.09,1301,165,605,1062
149,1961,,9,1,3,5,4.09,4.09,1310,166,608,1067
150,1961,,13,0,8,3,4.11,4.11,1323,166,616,1070
151,1961,1961-09-27,3,0,0,7,4.09,4.09,1326,166,616,1077
152,1961,1961-09-28,6,0,0,8,4.06,4.06,1332,166,616,1085
153,1961,1961-09-30,3,1,1,9,4.06,4.06,1335,167,617,1094
154,1961,1961-10-01,11,0,2,11,4.04,4.04,1346,167,619,1105
1,1962,1962-04-10,14,1,6,6,6.0,6.0,14,1,6,6
2,1962,1962-04-11,4,0,2,7,4.0,4.0,18,1,8,13
3,1962,1962-04-12,7,2,7,9,5.0,5.0,25,3,15,22
4,1962,1962-04-13,8,1,3,11,4.5,4.5,33,4,18,33
5,1962,1962-04-14,4,0,4,10,4.4,4.4,37,4,22,43
6,1962,1962-04-15,10,1,5,13,4.5,4.5,47,5,27,56
7,1962,1962-04-16,12,3,16,7,6.24,6.24,59,8,43,63
8,1962,1962-04-17,9,1,7,6,6.34,6.34,68,9,50,69
9,1962,1962-04-18,15,2,14,9,7.29,7.29,83,11,64,78
10,1962,1962-04-19,7,0,3,12,6.85,6.85,90,11,67,90
11,1962,1962-04-21,7,0,1,2,6.31,6.31,97,11,68,92
12,1962,1962-04-22,12,1,3,6,6.09,6.09,109,12,71,98
13,1962,1962-04-23,9,0,2,4,5.76,5.76,118,12,73,102
14,1962,1962-04-24,6,1,2,18,5.49,5.49,124,13,75,120
15,1962,1962-04-25,10,3,9,3,5.77,5.77,134,16,84,123
16,1962,1962-04-26,10,1,4,8,5.66,5.66,144,17,88,131
17,1962,1962-04-27,10,0,2,7,5.44,5.44,154,17,90,138
18,1962,1962-04-28,6,0,1,6,5.18,5.18,160,17,91,144
19,1962,,15,1,6,7,5.23,5.23,175,18,97,151
20,1962,,5,1,1,5,5.01,5.01,180,19,98,156
21,1962,1962-04-30,5,0,0,8,4.77,4.77,185,19,98,164
22,1962,1962-05-01,12,0,4,14,4.57,4.57,197,19,102,178
23,1962,1962-05-02,9,0,1,9,4.41,4.41,206,19,103,187
24,1962,1962-05-04,13,0,5,7,4.46,4.46,219,19,108,194
25,1962,1962-05-05,5,0,1,4,4.32,4.32,224,19,109,198
26,1962,1962-05-07,10,2,5,3,4.37,4.37,234,21,114,201
27,1962,1962-05-08,11,0,4,10,4.33,4.33,245,21,118,211
28,1962,1962-05-09,8,0,2,5,4.25,4.25,253,21,120,216
29,1962,1962-05-10,3,2,2,5,4.17,4.17,256,23,122,221
30,1962,1962-05-11,9,0,5,4,4.2,4.2,265,23,127,225
31,1962,1962-05-12,16,0,5,16,4.14,4.14,281,23,132,241
32,1962,1962-05-13,9,0,2,5,4.08,4.08,290,23,134,246
33,1962,1962-05-15,11,0,6,6,4.14,4.14,301,23,140,252
34,1962,1962-05-16,11,0,1,4,4.05,4.05,312,23,141,256
35,1962,1962-05-17,11,1,4,6,4.03,4.03,323,24,145,262
36,1962,1962-05-18,12,0,8,6,4.14,4.14,335,24,153,268
37,1962,1962-05-19,9,0,4,4,4.14,4.14,344,24,157,272
38,1962,1962-05-20,7,0,4,4,4.13,4.13,351,24,161,276
39,1962,1962-05-21,5,1,1,10,4.05,4.05,356,25,162,286
40,1962,1962-05-22,5,0,1,5,3.98,3.98,361,25,163,291
41,1962,1962-05-23,4,0,1,7,3.91,3.91,365,25,164,298
42,1962,1962-05-24,4,1,0,6,3.82,3.82,369,26,164,304
43,1962,1962-05-25,13,2,5,7,3.84,3.84,382,28,169,311
44,1962,1962-05-26,5,1,2,16,3.8,3.8,387,29,171,327
45,1962,,6,0,2,4,3.76,3.76,393,29,173,331
46,1962,,8,0,1,5,3.71,3.71,401,29,174,336
47,1962,,13,1,6,10,3.75,3.75,414,30,180,346
48,1962,,9,3,5,8,3.78,3.78,423,33,185,354
49,1962,1962-05-31,3,0,2,4,3.74,3.74,426,33,187,358
50,1962,,12,2,4,4,3.75,3.75,438,35,191,362
51,1962,,11,2,5,8,3.77,3.77,449,37,196,370
52,1962,1962-06-02,12,2,7,6,3.84,3.84,461,39,203,376
53,1962,1962-06-03,11,1,6,9,3.89,3.89,472,40,209,385
54,1962,1962-06-04,3,1,3,13,3.87,3.87,475,41,212,398
55,1962,,11,0,2,4,3.84,3.84,486,41,214,402
56,1962,,8,0,3,9,3.82,3.82,494,41,217,411
57,1962,1962-06-06,9,0,3,3,3.81,3.81,503,41,220,414
58,1962,1962-06-07,7,1,3,2,3.8,3.8,510,42,223,416
59,1962,1962-06-08,8,0,3,12,3.76,3.76,518,42,226,428
60,1962,1962-06-09,13,3,12,5,3.9,3.9,531,45,238,433
61,1962,,6,1,3,3,3.89,3.89,537,46,241,436
62,1962,,8,1,6,4,3.92,3.92,545,47,247,440
63,1962,1962-06-12,17,5,15,7,4.1,4.1,562,52,262,447
64,1962,1962-06-13,3,1,1,6,4.06,4.06,565,53,263,453
65,1962,1962-06-14,7,1,3,6,4.05,4.05,572,54,266,459
66,1962,1962-06-15,6,0,2,6,4.02,4.02,578,54,268,465
67,1962,1962-06-16,8,0,2,5,3.99,3.99,586,54,270,470
68,1962,1962-06-17,7,1,2,5,3.96,3.96,593,55,272,475
69,1962,1962-06-18,5,0,0,9,3.9,3.9,598,55,272,484
70,1962,1962-06-19,9,1,2,6,3.87,3.87,607,56,274,490
71,1962,1962-06-20,11,0,5,5,3.88,3.88,618,56,279,495
72,1962,1962-06-22,8,0,3,11,3.86,3.86,626,56,282,506
73,1962,1962-06-23,8,0,3,7,3.85,3.85,634,56,285,513
74,1962,1962-06-24,14,4,12,6,3.96,3.96,648,60,297,519
75,1962,1962-06-25,11,1,6,9,3.99,3.99,659,61,303,528
76,1962,1962-06-26,6,0,1,15,3.95,3.95,665,61,304,543
77,1962,1962-06-27,5,0,1,7,3.91,3.91,670,61,305,550
78,1962,1962-06-28,10,0,4,16,3.89,3.89,680,61,309,566
79,1962,1962-06-29,4,1,10,6,3.97,3.97,684,62,319,572
80,1962,1962-06-30,0,0,0,13,3.92,3.92,684,62,319,585
81,1962,1962-07-01,5,1,1,13,3.88,3.88,689,63,320,598
82,1962,,5,0,1,12,3.85,3.85,694,63,321,610
83,1962,,7,0,0,8,3.8,3.8,701,63,321,618
84,1962,,5,1,1,10,3.77,3.77,706,64,322,628
85,1962,,5,0,3,7,3.76,3.76,711,64,325,635
86,1962,1962-07-05,8,1,3,8,3.75,3.75,719,65,328,643
87,1962,1962-07-06,11,0,6,8,3.78,3.78,730,65,334,651
88,1962,1962-07-07,11,2,5,6,3.8,3.8,741,67,339,657
89,1962,1962-07-08,3,0,0,9,3.76,3.76,744,67,339,666
90,1962,1962-07-12,3,0,0,7,3.72,3.72,747,67,339,673
91,1962,1962-07-13,7,1,4,9,3.72,3.72,754,68,343,682
92,1962,1962-07-14,6,1,3,3,3.71,3.71,760,69,346,685
93,1962,,6,0,1,7,3.68,3.68,766,69,347,692
94,1962,,5,1,2,4,3.67,3.67,771,70,349,696
95,1962,1962-07-17,11,3,7,7,3.71,3.71,782,73,356,703
96,1962,1962-07-18,7,2,5,8,3.71,3.71,789,75,361,711
97,1962,1962-07-19,9,0,3,9,3.71,3.71,798,75,364,720
98,1962,1962-07-20,5,0,2,5,3.69,3.69,803,75,366,725
99,1962,1962-07-21,8,1,1,6,3.66,3.66,811,76,367,731
100,1962,1962-07-22,9,2,6,6,3.7,3.7,820,78,373,737
101,1962,1962-07-23,9,0,2,4,3.68,3.68,829,78,375,741
102,1962,1962-07-24,7,0,2,4,3.67,3.67,836,78,377,745
103,1962,1962-07-25,9,1,2,9,3.65,3.65,845,79,379,754
104,1962,1962-07-27,5,0,0,6,3.62,3.62,850,79,379,760
105,1962,1962-07-28,12,1,5,3,3.63,3.63,862,80,384,763
106,1962,1962-07-29,6,1,1,5,3.61,3.61,868,81,385,768
107,1962,1962-08-01,14,1,5,8,3.62,3.62,882,82,390,776
108,1962,1962-08-02,10,2,3,6,3.62,3.62,892,84,393,782
109,1962,1962-08-03,9,0,3,6,3.61,3.61,901,84,396,788
110,1962,1962-08-04,11,0,2,4,3.6,3.6,912,84,398,792
111,1962,,12,2,3,9,3.57,3.57,924,86,401,801
112,1962,,9,0,4,11,3.58,3.58,933,86,405,812
113,1962,1962-08-06,6,0,1,8,3.55,3.55,939,86,406,820
114,1962,1962-08-07,11,0,3,4,3.55,3.55,950,86,409,824
115,1962,1962-08-08,7,0,1,7,3.53,3.53,957,86,410,831
116,1962,1962-08-09,6,1,3,6,3.52,3.52,963,87,413,837
117,1962,1962-08-10,12,1,10,2,3.58,3.58,975,88,423,839
118,1962,1962-08-11,8,1,5,9,3.6,3.6,983,89,428,848
119,1962,1962-08-12,10,0,2,1,3.59,3.59,993,89,430,849
120,1962,1962-08-14,8,0,2,4,3.58,3.58,1001,89,432,853
121,1962,1962-08-15,9,0,5,5,3.59,3.59,1010,89,437,858
122,1962,1962-08-16,7,0,3,2,3.59,3.59,1017,89,440,860
123,1962,1962-08-17,7,0,2,9,3.57,3.57,1024,89,442,869
124,1962,1962-08-18,15,1,12,4,3.64,3.64,1039,90,454,873
125,1962,1962-08-19,3,0,0,7,3.61,3.61,1042,90,454,880
126,1962,1962-08-20,10,1,7,3,3.64,3.64,1052,91,461,883
127,1962,1962-08-22,7,2,5,5,3.65,3.65,1059,93,466,888
128,1962,1962-08-23,7,2,2,9,3.64,3.64,1066,95,468,897
129,1962,1962-08-24,11,3,6,8,3.66,3.66,1077,98,474,905
130,1962,1962-08-25,3,0,2,5,3.65,3.65,1080,98,476,910
131,1962,1962-08-26,7,1,5,8,3.66,3.66,1087,99,481,918
132,1962,1962-08-28,8,0,1,6,3.64,3.64,1095,99,482,924
133,1962,1962-08-29,10,0,1,6,3.61,3.61,1105,99,483,930
134,1962,1962-08-30,11,0,3,5,3.6,3.6,1116,99,486,935
135,1962,1962-08-31,10,0,3,4,3.6,3.6,1126,99,489,939
136,1962,1962-09-01,8,0,3,11,3.6,3.6,1134,99,492,950
137,1962,1962-09-02,5,0,0,5,3.57,3.57,1139,99,492,955
138,1962,1962-09-03,8,2,7,3,3.59,3.59,1147,101,499,958
139,1962,1962-09-04,8,2,4,8,3.6,3.6,1155,103,503,966
140,1962,1962-09-05,9,0,3,8,3.59,3.59,1164,103,506,974
141,1962,1962-09-06,9,0,9,2,3.63,3.63,1173,103,515,976
142,1962,1962-09-07,8,1,5,4,3.64,3.64,1181,104,520,980
143,1962,1962-09-08,4,0,1,8,3.62,3.62,1185,104,521,988
144,1962,1962-09-09,12,0,3,2,3.62,3.62,1197,104,524,990
145,1962,1962-09-10,4,0,1,9,3.6,3.6,1201,104,525,999
146,1962,1962-09-11,3,0,0,5,3.58,3.58,1204,104,525,1004
147,1962,1962-09-12,9,0,0,5,3.55,3.55,1213,104,525,1009
148,1962,1962-09-14,10,1,7,6,3.57,3.57,1223,105,532,1015
149,1962,1962-09-15,7,0,0,6,3.55,3.55,1230,105,532,1021
150,1962,1962-09-16,11,1,5,8,3.56,3.56,1241,106,537,1029
151,1962,1962-09-17,6,0,2,5,3.55,3.55,1247,106,539,1034
152,1962,1962-09-18,11,1,8,5,3.59,3.59,1258,107,547,1039
153,1962,1962-09-19,5,0,0,9,3.56,3.56,1263,107,547,1048
154,1962,1962-09-21,10,1,11,7,3.61,3.61,1273,108,558,1055
155,1962,1962-09-22,12,0,1,4,3.6,3.6,1285,108,559,1059
156,1962,1962-09-23,15,0,10,5,3.64,3.64,1300,108,569,1064
157,1962,1962-09-25,9,1,2,4,3.63,3.63,1309,109,571,1068
158,1962,1962-09-26,9,0,1,5,3.61,3.61,1318,109,572,1073
159,1962,1962-09-27,11,1,7,4,3.63,3.63,1329,110,579,1077
160,1962,1962-09-28,11,0,3,4,3.63,3.63,1340,110,582,1081
161,1962,1962-09-29,5,0,0,5,3.6,3.6,1345,110,582,1086
162,1962,1962-09-30,5,1,1,7,3.59,3.59,1350,111,583,1093
163,1962,1962-10-01,10,4,7,4,3.61,3.61,1360,115,590,1097
164,1962,1962-10-02,13,0,4,6,3.61,3.61,1373,115,594,1103
165,1962,1962-10-03,13,0,4,1,3.62,3.62,1386,115,598,1104
1,1963,1963-04-09,11,0,1,5,1.0,1.0,11,0,1,5
2,1963,1963-04-10,5,0,1,10,1.0,1.0,16,0,2,15
3,1963,1963-04-11,8,0,2,2,1.38,1.38,24,0,4,17
4,1963,1963-04-12,9,0,2,5,1.45,1.45,33,0,6,22
5,1963,1963-04-13,5,0,1,8,1.36,1.36,38,0,7,30
6,1963,1963-04-14,8,0,4,6,1.82,1.82,46,0,11,36
7,1963,1963-04-16,8,1,1,5,1.63,1.63,54,1,12,41
8,1963,1963-04-17,3,0,0,6,1.41,1.41,57,1,12,47
9,1963,1963-04-18,8,0,2,7,1.48,1.48,65,1,14,54
10,1963,1963-04-19,2,0,0,14,1.34,1.34,67,1,14,68
11,1963,1963-04-20,11,0,5,7,1.65,1.65,78,1,19,75
12,1963,,8,0,3,7,1.76,1.76,86,1,22,82
13,1963,,8,1,5,9,2.0,2.0,94,2,27,91
14,1963,1963-04-22,13,3,9,8,2.49,2.49,107,5,36,99
15,1963,1963-04-23,4,1,1,6,2.39,2.39,111,6,37,105
16,1963,1963-04-24,3,0,0,3,2.24,2.24,114,6,37,108
17,1963,1963-04-25,5,0,1,9,2.17,2.17,119,6,38,117
18,1963,1963-04-26,16,0,8,7,2.49,2.49,135,6,46,124
19,1963,1963-04-27,5,0,0,5,2.36,2.36,140,6,46,129
20,1963,1963-04-28,15,2,5,1,2.49,2.49,155,8,51,130
21,1963,1963-04-29,9,0,4,8,2.57,2.57,164,8,55,138
22,1963,1963-05-02,4,1,2,3,2.55,2.55,168,9,57,141
23,1963,1963-05-03,15,2,13,5,3.01,3.01,183,11,70,146
24,1963,1963-05-04,7,0,2,4,2.98,2.98,190,11,72,150
25,1963,1963-05-05,8,0,3,0,2.98,2.98,198,11,75,150
26,1963,1963-05-06,13,0,4,3,3.03,3.03,211,11,79,153
27,1963,1963-05-07,7,1,1,6,2.96,2.96,218,12,80,159
28,1963,1963-05-08,10,2,5,3,3.03,3.03,228,14,85,162
29,1963,1963-05-09,17,3,10,5,3.28,3.28,245,17,95,167
30,1963,1963-05-10,6,1,1,11,3.21,3.21,251,18,96,178
31,1963,1963-05-11,0,0,0,4,3.1,3.1,251,18,96,182
32,1963,1963-05-12,10,1,5,4,3.16,3.16,261,19,101,186
33,1963,1963-05-14,8,1,3,8,3.16,3.16,269,20,104,194
34,1963,1963-05-15,11,0,2,12,3.09,3.09,280,20,106,206
35,1963,1963-05-16,7,0,0,5,3.01,3.01,287,20,106,211
36,1963,1963-05-17,9,0,3,5,3.01,3.01,296,20,109,216
37,1963,1963-05-18,10,0,3,9,3.01,3.01,306,20,112,225
38,1963,,2,0,0,5,2.93,2.93,308,20,112,230
39,1963,,9,0,1,10,2.85,2.85,317,20,113,240
40,1963,1963-05-21,5,0,2,10,2.83,2.83,322,20,115,250
41,1963,1963-05-22,2,2,3,6,2.83,2.83,324,22,118,256
42,1963,1963-05-24,14,2,7,6,2.93,2.93,338,24,125,262
43,1963,1963-05-25,8,3,6,2,3.01,3.01,346,27,131,264
44,1963,1963-05-26,8,2,3,5,3.0,3.0,354,29,134,269
45,1963,1963-05-28,6,0,0,8,2.94,2.94,360,29,134,277
46,1963,1963-05-29,8,0,3,4,2.96,2.96,368,29,137,281
47,1963,1963-05-30,12,1,7,8,3.05,3.05,380,30,144,289
48,1963,1963-05-31,9,1,4,4,3.08,3.08,389,31,148,293
49,1963,1963-06-01,3,0,1,10,3.05,3.05,392,31,149,303
50,1963,1963-06-02,6,0,0,5,2.99,2.99,398,31,149,308
51,1963,1963-06-03,8,1,2,13,2.98,2.98,406,32,151,321
52,1963,1963-06-04,6,0,1,6,2.94,2.94,412,32,152,327
53,1963,1963-06-05,8,0,1,8,2.9,2.9,420,32,153,335
54,1963,1963-06-07,7,0,0,9,2.85,2.85,427,32,153,344
55,1963,1963-06-08,10,2,5,4,2.89,2.89,437,34,158,348
56,1963,1963-06-09,15,4,8,7,2.98,2.98,452,38,166,355
57,1963,1963-06-10,12,3,7,4,3.05,3.05,464,41,173,359
58,1963,1963-06-11,7,1,3,5,3.05,3.05,471,42,176,364
59,1963,1963-06-12,10,0,1,9,3.02,3.02,481,42,177,373
60,1963,1963-06-13,3,0,0,10,2.96,2.96,484,42,177,383
61,1963,1963-06-14,10,2,4,11,2.98,2.98,494,44,181,394
62,1963,1963-06-15,7,0,1,6,2.95,2.95,501,44,182,400
63,1963,,13,1,8,6,3.03,3.03,514,45,190,406
64,1963,,5,0,0,6,2.98,2.98,519,45,190,412
65,1963,1963-06-17,4,0,0,9,2.94,2.94,523,45,190,421
66,1963,1963-06-18,11,1,5,3,2.97,2.97,534,46,195,424
67,1963,1963-06-19,13,2,6,4,3.02,3.02,547,48,201,428
68,1963,1963-06-21,6,1,3,9,3.02,3.02,553,49,204,437
69,1963,1963-06-22,4,1,1,9,3.0,3.0,557,50,205,446
70,1963,1963-06-23,9,1,3,4,3.0,3.0,566,51,208,450
71,1963,1963-06-24,6,0,4,7,3.01,3.01,572,51,212,457
72,1963,1963-06-25,6,0,1,9,2.98,2.98,578,51,213,466
73,1963,1963-06-26,9,0,2,6,2.97,2.97,587,51,215,472
74,1963,1963-06-28,7,0,1,7,2.94,2.94,594,51,216,479
75,1963,1963-06-29,15,1,5,13,2.96,2.96,609,52,221,492
76,1963,1963-06-30,11,2,5,4,2.99,2.99,620,54,226,496
77,1963,1963-07-01,5,1,1,12,2.96,2.96,625,55,227,508
78,1963,1963-07-02,5,0,0,5,2.93,2.93,630,55,227,513
79,1963,1963-07-03,3,0,0,9,2.89,2.89,633,55,227,522
80,1963,1963-07-04,16,0,7,7,2.94,2.94,649,55,234,529
81,1963,1963-07-05,2,0,0,4,2.9,2.9,651,55,234,533
82,1963,1963-07-06,7,0,2,9,2.89,2.89,658,55,236,542
83,1963,,3,0,0,4,2.86,2.86,661,55,236,546
84,1963,,7,0,1,5,2.84,2.84,668,55,237,551
85,1963,1963-07-10,3,0,0,11,2.8,2.8,671,55,237,562
86,1963,1963-07-11,8,2,3,9,2.8,2.8,679,57,240,571
87,1963,1963-07-12,3,0,0,13,2.77,2.77,682,57,240,584
88,1963,1963-07-13,6,1,2,2,2.76,2.76,688,58,242,586
89,1963,1963-07-14,7,2,2,3,2.76,2.76,695,60,244,589
90,1963,1963-07-15,17,1,4,8,2.77,2.77,712,61,248,597
91,1963,,6,0,2,7,2.77,2.77,718,61,250,604
92,1963,,12,2,10,6,2.85,2.85,730,63,260,610
93,1963,1963-07-17,11,0,1,4,2.83,2.83,741,63,261,614
94,1963,1963-07-18,14,1,3,3,2.83,2.83,755,64,264,617
95,1963,1963-07-19,6,1,2,11,2.82,2.82,761,65,266,628
96,1963,1963-07-20,11,1,4,9,2.83,2.83,772,66,270,637
97,1963,,10,2,6,9,2.87,2.87,782,68,276,646
98,1963,,16,2,10,3,2.95,2.95,798,70,286,649
99,1963,1963-07-23,7,0,0,6,2.92,2.92,805,70,286,655
100,1963,1963-07-24,5,0,1,8,2.9,2.9,810,70,287,663
101,1963,1963-07-25,10,1,5,13,2.92,2.92,820,71,292,676
102,1963,1963-07-26,10,0,4,6,2.93,2.93,830,71,296,682
103,1963,1963-07-27,7,0,3,6,2.93,2.93,837,71,299,688
104,1963,1963-07-28,10,2,7,12,2.97,2.97,847,73,306,700
105,1963,1963-07-29,5,0,2,7,2.96,2.96,852,73,308,707
106,1963,1963-07-30,14,1,5,5,2.98,2.98,866,74,313,712
107,1963,1963-07-31,7,0,3,7,2.98,2.98,873,74,316,719
108,1963,1963-08-02,10,1,4,3,2.99,2.99,883,75,320,722
109,1963,1963-08-03,3,0,0,4,2.96,2.96,886,75,320,726
110,1963,1963-08-04,1,0,0,4,2.94,2.94,887,75,320,730
111,1963,1963-08-06,6,0,1,6,2.92,2.92,893,75,321,736
112,1963,1963-08-07,8,0,1,12,2.9,2.9,901,75,322,748
113,1963,1963-08-08,11,2,5,8,2.91,2.91,912,77,327,756
114,1963,1963-08-09,12,1,3,8,2.92,2.92,924,78,330,764
115,1963,1963-08-10,8,1,3,13,2.92,2.92,932,79,333,777
116,1963,1963-08-11,16,2,9,4,2.97,2.97,948,81,342,781
117,1963,1963-08-13,5,0,4,5,2.99,2.99,953,81,346,786
118,1963,1963-08-14,7,1,0,5,2.96,2.96,960,82,346,791
119,1963,1963-08-15,9,1,5,5,2.98,2.98,969,83,351,796
120,1963,1963-08-16,11,1,7,7,3.01,3.01,980,84,358,803
121,1963,1963-08-17,6,1,1,11,3.0,3.0,986,85,359,814
122,1963,,3,0,0,8,2.97,2.97,989,85,359,822
123,1963,,5,0,2,4,2.96,2.96,994,85,361,826
124,1963,1963-08-20,6,0,5,7,2.98,2.98,1000,85,366,833
125,1963,1963-08-21,13,0,1,12,2.95,2.95,1013,85,367,845
126,1963,1963-08-22,12,0,3,3,2.95,2.95,1025,85,370,848
127,1963,1963-08-23,13,2,5,3,2.96,2.96,1038,87,375,851
128,1963,1963-08-24,9,0,2,6,2.96,2.96,1047,87,377,857
129,1963,1963-08-25,5,0,1,6,2.94,2.94,1052,87,378,863
130,1963,1963-08-26,8,1,3,4,2.94,2.94,1060,88,381,867
131,1963,1963-08-27,9,1,2,2,2.93,2.93,1069,89,383,869
132,1963,1963-08-28,11,1,6,7,2.96,2.96,1080,90,389,876
133,1963,1963-08-29,3,1,1,7,2.94,2.94,1083,91,390,883
134,1963,1963-08-30,9,0,1,9,2.93,2.93,1092,91,391,892
135,1963,1963-08-31,10,2,3,9,2.92,2.92,1102,93,394,901
136,1963,1963-09-01,9,1,3,5,2.92,2.92,1111,94,397,906
137,1963,,7,1,3,13,2.92,2.92,1118,95,400,919
138,1963,,5,0,1,4,2.91,2.91,1123,95,401,923
139,1963,1963-09-03,9,0,3,8,2.91,2.91,1132,95,404,931
140,1963,1963-09-04,8,0,2,11,2.9,2.9,1140,95,406,942
141,1963,1963-09-05,5,0,0,7,2.87,2.87,1145,95,406,949
142,1963,1963-09-06,10,1,2,9,2.87,2.87,1155,96,408,958
143,1963,1963-09-07,9,3,5,7,2.89,2.89,1164,99,413,965
144,1963,1963-09-08,13,1,5,3,2.9,2.9,1177,100,418,968
145,1963,1963-09-10,6,1,1,9,2.89,2.89,1183,101,419,977
146,1963,1963-09-11,11,1,3,5,2.89,2.89,1194,102,422,982
147,1963,1963-09-12,6,0,3,1,2.89,2.89,1200,102,425,983
148,1963,,5,0,2,9,2.89,2.89,1205,102,427,992
149,1963,,11,0,1,6,2.87,2.87,1216,102,428,998
150,1963,1963-09-14,5,1,1,7,2.86,2.86,1221,103,429,1005
151,1963,1963-09-15,9,1,3,6,2.86,2.86,1230,104,432,1011
152,1963,1963-09-16,3,1,1,7,2.85,2.85,1233,105,433,1018
153,1963,1963-09-17,4,0,0,4,2.83,2.83,1237,105,433,1022
154,1963,1963-09-18,11,1,5,11,2.84,2.84,1248,106,438,1033
155,1963,1963-09-20,7,0,0,3,2.82,2.82,1255,106,438,1036
156,1963,1963-09-21,8,1,3,11,2.82,2.82,1263,107,441,1047
157,1963,1963-09-22,9,0,2,10,2.82,2.82,1272,107,443,1057
158,1963,1963-09-24,4,0,1,6,2.8,2.8,1276,107,444,1063
159,1963,1963-09-25,7,0,0,10,2.79,2.79,1283,107,444,1073
160,1963,1963-09-26,8,0,4,6,2.79,2.79,1291,107,448,1079
161,1963,1963-09-27,10,0,4,6,2.8,2.8,1301,107,452,1085
162,1963,1963-09-28,19,3,11,4,2.85,2.85,1320,110,463,1089
163,1963,1963-09-29,9,1,3,6,2.85,2.85,1329,111,466,1095
1,1964,1964-04-14,6,0,0,5,0.0,0.0,6,0,0,5
2,1964,1964-04-15,10,0,6,6,3.0,3.0,16,0,6,11
3,1964,1964-04-16,13,0,4,5,3.33,3.33,29,0,10,16
4,1964,1964-04-17,12,2,7,4,4.25,4.25,41,2,17,20
5,1964,1964-04-18,4,1,3,7,4.0,4.0,45,3,20,27
6,1964,1964-04-19,7,0,3,8,3.63,3.63,52,3,23,35
7,1964,1964-04-20,11,1,7,11,4.09,4.09,63,4,30,46
8,1964,1964-04-22,8,3,6,6,4.38,4.38,71,7,36,52
9,1964,1964-04-23,10,1,5,2,4.45,4.45,81,8,41,54
10,1964,1964-04-24,8,1,6,5,4.65,4.65,89,9,47,59
11,1964,1964-04-25,9,0,5,3,4.73,4.73,98,9,52,62
12,1964,1964-04-26,4,0,0,3,4.33,4.33,102,9,52,65
13,1964,1964-04-27,6,0,0,5,4.0,4.0,108,9,52,70
14,1964,1964-04-28,7,0,1,11,3.79,3.79,115,9,53,81
15,1964,1964-04-29,5,1,2,6,3.67,3.67,120,10,55,87
16,1964,1964-04-30,11,1,6,6,3.84,3.84,131,11,61,93
17,1964,1964-05-01,5,1,1,9,3.67,3.67,136,12,62,102
18,1964,1964-05-02,10,1,5,8,3.68,3.68,146,13,67,110
19,1964,1964-05-03,9,1,6,0,3.8,3.8,155,14,73,110
20,1964,1964-05-04,3,1,1,13,3.64,3.64,158,15,74,123
21,1964,1964-05-06,6,1,2,5,3.56,3.56,164,16,76,128
22,1964,1964-05-07,5,0,2,5,3.49,3.49,169,16,78,133
23,1964,1964-05-08,6,1,3,6,3.49,3.49,175,17,81,139
24,1964,1964-05-09,7,0,3,6,3.48,3.48,182,17,84,145
25,1964,1964-05-10,6,0,1,5,3.38,3.38,188,17,85,150
26,1964,1964-05-12,7,0,2,6,3.34,3.34,195,17,87,156
27,1964,,9,1,4,9,3.35,3.35,204,18,91,165
28,1964,,4,0,0,8,3.23,3.23,208,18,91,173
29,1964,1964-05-15,5,0,0,8,3.12,3.12,213,18,91,181
30,1964,1964-05-16,11,0,7,9,3.25,3.25,224,18,98,190
31,1964,,10,0,2,9,3.21,3.21,234,18,100,199
32,1964,,13,1,5,5,3.26,3.26,247,19,105,204
33,1964,1964-05-18,12,0,3,4,3.25,3.25,259,19,108,208
34,1964,1964-05-19,6,0,4,6,3.28,3.28,265,19,112,214
35,1964,1964-05-20,6,0,0,5,3.18,3.18,271,19,112,219
36,1964,1964-05-21,7,0,1,11,3.12,3.12,278,19,113,230
37,1964,1964-05-22,8,0,1,8,3.07,3.07,286,19,114,238
38,1964,1964-05-23,12,1,3,12,3.02,3.02,298,20,117,250
39,1964,1964-05-24,4,0,0,3,2.94,2.94,302,20,117,253
40,1964,1964-05-26,6,0,4,2,2.98,2.98,308,20,121,255
41,1964,1964-05-27,3,0,1,8,2.94,2.94,311,20,122,263
42,1964,1964-05-28,13,0,2,13,2.86,2.86,324,20,124,276
43,1964,1964-05-29,6,0,1,7,2.81,2.81,330,20,125,283
44,1964,1964-05-30,8,0,3,9,2.82,2.82,338,20,128,292
45,1964,1964-05-31,8,1,3,9,2.82,2.82,346,21,131,301
46,1964,1964-06-02,7,0,4,8,2.85,2.85,353,21,135,309
47,1964,1964-06-03,4,0,0,10,2.78,2.78,357,21,135,319
48,1964,1964-06-04,0,0,0,12,2.73,2.73,357,21,135,331
49,1964,1964-06-05,9,2,1,7,2.7,2.7,366,23,136,338
50,1964,1964-06-06,6,0,2,6,2.69,2.69,372,23,138,344
51,1964,,6,1,1,10,2.65,2.65,378,24,139,354
52,1964,,3,1,1,1,2.65,2.65,381,25,140,355
53,1964,1964-06-08,4,1,1,5,2.61,2.61,385,26,141,360
54,1964,1964-06-09,4,1,2,6,2.6,2.6,389,27,143,366
55,1964,1964-06-10,10,1,5,6,2.64,2.64,399,28,148,372
56,1964,1964-06-11,4,0,0,6,2.59,2.59,403,28,148,378
57,1964,1964-06-12,4,0,0,6,2.55,2.55,407,28,148,384
58,1964,1964-06-13,5,1,2,4,2.54,2.54,412,29,150,388
59,1964,,10,3,3,3,2.54,2.54,422,32,153,391
60,1964,,8,1,5,5,2.58,2.58,430,33,158,396
61,1964,1964-06-16,4,0,1,8,2.56,2.56,434,33,159,404
62,1964,1964-06-17,3,0,0,8,2.52,2.52,437,33,159,412
63,1964,1964-06-19,14,2,7,6,2.59,2.59,451,35,166,418
64,1964,1964-06-20,9,3,6,8,2.65,2.65,460,38,172,426
65,1964,,9,0,2,8,2.64,2.64,469,38,174,434
66,1964,,8,1,2,5,2.63,2.63,477,39,176,439
67,1964,1964-06-22,15,5,9,6,2.73,2.73,492,44,185,445
68,1964,1964-06-23,11,1,4,3,2.75,2.75,503,45,189,448
69,1964,1964-06-24,7,0,4,3,2.77,2.77,510,45,193,451
70,1964,1964-06-25,11,0,2,11,2.74,2.74,521,45,195,462
71,1964,1964-06-26,9,0,3,4,2.75,2.75,530,45,198,466
72,1964,1964-06-27,11,3,8,3,2.83,2.83,541,48,206,469
73,1964,1964-06-28,7,0,1,5,2.81,2.81,548,48,207,474
74,1964,1964-06-29,11,0,3,6,2.81,2.81,559,48,210,480
75,1964,1964-07-01,5,1,2,10,2.8,2.8,564,49,212,490
76,1964,1964-07-02,5,1,2,10,2.79,2.79,569,50,214,500
77,1964,1964-07-03,9,1,1,9,2.77,2.77,578,51,215,509
78,1964,1964-07-04,10,0,2,8,2.76,2.76,588,51,217,517
79,1964,1964-07-05,6,0,0,5,2.72,2.72,594,51,217,522
80,1964,1964-07-09,9,1,6,8,2.76,2.76,603,52,223,530
81,1964,1964-07-10,8,0,3,9,2.77,2.77,611,52,226,539
82,1964,1964-07-11,15,0,8,5,2.83,2.83,626,52,234,544
83,1964,,9,1,3,3,2.83,2.83,635,53,237,547
84,1964,,9,0,2,8,2.82,2.82,644,53,239,555
85,1964,1964-07-13,14,1,10,7,2.91,2.91,658,54,249,562
86,1964,1964-07-14,10,2,8,8,2.97,2.97,668,56,257,570
87,1964,1964-07-15,7,0,2,3,2.96,2.96,675,56,259,573
88,1964,1964-07-16,8,0,2,5,2.95,2.95,683,56,261,578
89,1964,1964-07-17,6,1,1,10,2.93,2.93,689,57,262,588
90,1964,1964-07-18,8,0,1,10,2.91,2.91,697,57,263,598
91,1964,,12,2,8,3,2.96,2.96,709,59,271,601
92,1964,,15,1,7,5,3.0,3.0,724,60,278,606
93,1964,1964-07-20,8,0,4,10,3.02,3.02,732,60,282,616
94,1964,1964-07-21,5,1,1,9,2.99,2.99,737,61,283,625
95,1964,1964-07-22,4,0,0,12,2.96,2.96,741,61,283,637
96,1964,1964-07-23,5,1,4,11,2.97,2.97,746,62,287,648
97,1964,1964-07-24,12,0,4,4,2.98,2.98,758,62,291,652
98,1964,1964-07-25,9,0,4,9,2.99,2.99,767,62,295,661
99,1964,1964-07-26,11,1,1,10,2.97,2.97,778,63,296,671
100,1964,1964-07-28,7,0,0,3,2.94,2.94,785,63,296,674
101,1964,1964-07-30,5,1,3,7,2.95,2.95,790,64,299,681
102,1964,1964-07-31,6,1,5,5,2.97,2.97,796,65,304,686
103,1964,1964-08-01,15,1,8,7,3.02,3.02,811,66,312,693
104,1964,1964-08-02,7,0,1,5,3.0,3.0,818,66,313,698
105,1964,,6,0,1,6,2.98,2.98,824,66,314,704
106,1964,,14,0,7,8,3.02,3.02,838,66,321,712
107,1964,1964-08-05,10,2,4,8,3.03,3.03,848,68,325,720
108,1964,1964-08-06,9,0,4,9,3.04,3.04,857,68,329,729
109,1964,1964-08-07,7,0,1,4,3.02,3.02,864,68,330,733
110,1964,1964-08-08,7,1,3,9,3.02,3.02,871,69,333,742
111,1964,1964-08-09,8,0,5,7,3.04,3.04,879,69,338,749
112,1964,1964-08-10,10,0,7,3,3.08,3.08,889,69,345,752
113,1964,1964-08-11,7,2,3,8,3.08,3.08,896,71,348,760
114,1964,1964-08-12,5,1,1,10,3.07,3.07,901,72,349,770
115,1964,1964-08-14,7,0,3,5,3.07,3.07,908,72,352,775
116,1964,1964-08-15,6,0,3,6,3.07,3.07,914,72,355,781
117,1964,,7,0,0,13,3.04,3.04,921,72,355,794
118,1964,,9,0,4,4,3.05,3.05,930,72,359,798
119,1964,1964-08-18,6,0,2,7,3.04,3.04,936,72,361,805
120,1964,1964-08-19,13,1,5,5,3.05,3.05,949,73,366,810
121,1964,1964-08-20,16,0,8,6,3.1,3.1,965,73,374,816
122,1964,1964-08-21,5,0,2,9,3.09,3.09,970,73,376,825
123,1964,1964-08-22,11,0,2,10,3.06,3.06,981,73,378,835
124,1964,1964-08-23,3,0,0,8,3.04,3.04,984,73,378,843
125,1964,1964-08-24,10,1,4,3,3.04,3.04,994,74,382,846
126,1964,1964-08-25,6,0,1,6,3.03,3.03,1000,74,383,852
127,1964,1964-08-26,7,0,1,6,3.01,3.01,1007,74,384,858
128,1964,1964-08-28,7,1,4,1,3.02,3.02,1014,75,388,859
129,1964,1964-08-29,9,1,4,3,3.03,3.03,1023,76,392,862
130,1964,1964-08-30,8,0,5,3,3.05,3.05,1031,76,397,865
131,1964,1964-08-31,9,0,3,12,3.05,3.05,1040,76,400,877
132,1964,1964-09-01,6,1,5,8,3.07,3.07,1046,77,405,885
133,1964,1964-09-02,13,0,2,10,3.05,3.05,1059,77,407,895
134,1964,,3,0,0,5,3.03,3.03,1062,77,407,900
135,1964,,11,1,3,6,3.03,3.03,1073,78,410,906
136,1964,1964-09-05,5,0,2,3,3.02,3.02,1078,78,412,909
137,1964,1964-09-06,7,0,3,8,3.02,3.02,1085,78,415,917
138,1964,,7,0,4,5,3.03,3.03,1092,78,419,922
139,1964,,9,0,1,10,3.02,3.02,1101,78,420,932
140,1964,1964-09-08,8,0,2,5,3.01,3.01,1109,78,422,937
141,1964,1964-09-09,5,0,0,4,2.99,2.99,1114,78,422,941
142,1964,1964-09-10,13,1,5,4,3.01,3.01,1127,79,427,945
143,1964,1964-09-11,8,0,4,5,3.01,3.01,1135,79,431,950
144,1964,1964-09-12,2,0,0,5,2.99,2.99,1137,79,431,955
145,1964,1964-09-13,6,1,4,5,3.0,3.0,1143,80,435,960
146,1964,1964-09-14,10,0,6,8,3.02,3.02,1153,80,441,968
147,1964,1964-09-15,11,0,1,6,3.01,3.01,1164,80,442,974
148,1964,1964-09-16,8,3,7,3,3.03,3.03,1172,83,449,977
149,1964,1964-09-17,8,0,0,5,3.01,3.01,1180,83,449,982
150,1964,1964-09-18,7,0,3,4,3.01,3.01,1187,83,452,986
151,1964,1964-09-19,16,0,3,10,3.0,3.0,1203,83,455,996
152,1964,1964-09-20,8,0,2,4,2.99,2.99,1211,83,457,1000
153,1964,1964-09-22,5,0,1,6,2.98,2.98,1216,83,458,1006
154,1964,1964-09-23,12,2,7,4,3.01,3.01,1228,85,465,1010
155,1964,1964-09-24,7,0,4,2,3.02,3.02,1235,85,469,1012
156,1964,1964-09-25,3,0,2,4,3.01,3.01,1238,85,471,1016
157,1964,1964-09-27,5,0,1,7,2.99,2.99,1243,85,472,1023
158,1964,1964-09-28,6,0,1,7,2.98,2.98,1249,85,473,1030
159,1964,1964-09-29,7,0,4,3,2.98,2.98,1256,85,477,1033
160,1964,1964-09-30,2,0,0,2,2.97,2.97,1258,85,477,1035
161,1964,1964-10-01,6,1,4,5,2.97,2.97,1264,86,481,1040
162,1964,1964-10-02,14,1,5,9,2.98,2.98,1278,87,486,1049
163,1964,1964-10-03,5,0,0,6,2.97,2.97,1283,87,486,1055
164,1964,1964-10-04,6,1,1,7,2.95,2.95,1289,88,487,1062
1,1965,1965-04-12,4,0,1,9,1.0,1.0,4,0,1,9
2,1965,1965-04-14,2,1,1,8,1.0,1.0,6,1,2,17
3,1965,1965-04-17,4,2,3,10,1.73,1.73,10,3,5,27
4,1965,1965-04-18,6,1,2,7,1.8,1.8,16,4,7,34
5,1965,1965-04-20,6,0,2,6,1.84,1.84,22,4,9,40
6,1965,1965-04-21,5,0,1,11,1.7,1.7,27,4,10,51
7,1965,1965-04-22,4,0,0,9,1.45,1.45,31,4,10,60
8,1965,1965-04-23,4,0,0,4,1.27,1.27,35,4,10,64
9,1965,1965-04-24,10,0,2,3,1.35,1.35,45,4,12,67
10,1965,1965-04-25,8,1,6,8,1.82,1.82,53,5,18,75
11,1965,1965-04-26,8,1,4,9,2.02,2.02,61,6,22,84
12,1965,1965-04-27,12,0,4,6,2.19,2.19,73,6,26,90
13,1965,1965-04-28,9,0,2,6,2.17,2.17,82,6,28,96
14,1965,1965-04-29,4,0,1,5,2.09,2.09,86,6,29,101
15,1965,1965-04-30,8,1,2,10,2.08,2.08,94,7,31,111
16,1965,1965-05-01,7,0,1,4,2.01,2.01,101,7,32,115
17,1965,1965-05-02,6,2,4,3,2.12,2.12,107,9,36,118
18,1965,1965-05-04,9,3,6,6,2.33,2.33,116,12,42,124
19,1965,1965-05-05,9,0,1,8,2.26,2.26,125,12,43,132
20,1965,1965-05-06,8,1,3,4,2.3,2.3,133,13,46,136
21,1965,1965-05-07,6,2,3,3,2.33,2.33,139,15,49,139
22,1965,1965-05-08,3,0,0,7,2.23,2.23,142,15,49,146
23,1965,1965-05-09,9,1,6,12,2.4,2.4,151,16,55,158
24,1965,1965-05-10,7,0,2,8,2.38,2.38,158,16,57,166
25,1965,1965-05-11,4,1,2,4,2.36,2.36,162,17,59,170
26,1965,1965-05-12,6,1,2,2,2.35,2.35,168,18,61,172
27,1965,1965-05-13,3,0,0,13,2.26,2.26,171,18,61,185
28,1965,1965-05-14,5,1,1,4,2.21,2.21,176,19,62,189
29,1965,1965-05-15,8,0,1,6,2.17,2.17,184,19,63,195
30,1965,,10,0,5,6,2.26,2.26,194,19,68,201
31,1965,,6,0,2,5,2.25,2.25,200,19,70,206
32,1965,1965-05-17,5,0,3,13,2.26,2.26,205,19,73,219
33,1965,1965-05-18,6,1,3,1,2.29,2.29,211,20,76,220
34,1965,1965-05-19,13,0,2,4,2.24,2.24,224,20,78,224
35,1965,1965-05-21,9,2,4,5,2.3,2.3,233,22,82,229
36,1965,1965-05-22,6,1,1,12,2.26,2.26,239,23,83,241
37,1965,1965-05-23,9,1,3,7,2.24,2.24,248,24,86,248
38,1965,1965-05-24,11,0,6,8,2.34,2.34,259,24,92,256
39,1965,1965-05-25,1,0,0,6,2.28,2.28,260,24,92,262
40,1965,1965-05-26,7,0,2,6,2.27,2.27,267,24,94,268
41,1965,1965-05-27,8,0,2,1,2.27,2.27,275,24,96,269
42,1965,1965-05-28,9,0,5,2,2.33,2.33,284,24,101,271
43,1965,1965-05-29,6,1,2,12,2.32,2.32,290,25,103,283
44,1965,1965-05-30,5,0,2,13,2.31,2.31,295,25,105,296
45,1965,,9,0,0,5,2.26,2.26,304,25,105,301
46,1965,,11,1,6,7,2.34,2.34,315,26,111,308
47,1965,1965-06-02,9,0,1,7,2.32,2.32,324,26,112,315
48,1965,1965-06-03,14,3,5,5,2.37,2.37,338,29,117,320
49,1965,1965-06-04,8,1,4,5,2.41,2.41,346,30,121,325
50,1965,1965-06-05,10,1,7,6,2.5,2.5,356,31,128,331
51,1965,,6,0,0,8,2.45,2.45,362,31,128,339
52,1965,,12,2,6,4,2.52,2.52,374,33,134,343
53,1965,1965-06-07,9,2,3,13,2.53,2.53,383,35,137,356
54,1965,1965-06-08,8,0,1,4,2.51,2.51,391,35,138,360
55,1965,1965-06-09,7,1,7,8,2.59,2.59,398,36,145,368
56,1965,1965-06-10,9,2,4,7,2.62,2.62,407,38,149,375
57,1965,1965-06-11,4,0,1,6,2.59,2.59,411,38,150,381
58,1965,1965-06-12,5,0,0,8,2.55,2.55,416,38,150,389
59,1965,,7,1,2,7,2.54,2.54,423,39,152,396
60,1965,,10,1,3,4,2.55,2.55,433,40,155,400
61,1965,1965-06-15,11,0,2,2,2.54,2.54,444,40,157,402
62,1965,1965-06-16,6,0,1,8,2.51,2.51,450,40,158,410
63,1965,1965-06-17,1,0,0,5,2.47,2.47,451,40,158,415
64,1965,1965-06-18,9,1,4,3,2.5,2.5,460,41,162,418
65,1965,1965-06-19,5,0,0,8,2.46,2.46,465,41,162,426
66,1965,,1,1,1,12,2.44,2.44,466,42,163,438
67,1965,,9,0,3,2,2.45,2.45,475,42,166,440
68,1965,1965-06-21,2,1,1,5,2.43,2.43,477,43,167,445
69,1965,1965-06-22,5,1,1,6,2.41,2.41,482,44,168,451
70,1965,1965-06-24,15,5,13,6,2.55,2.55,497,49,181,457
71,1965,1965-06-25,6,0,1,12,2.53,2.53,503,49,182,469
72,1965,1965-06-26,13,1,6,3,2.58,2.58,516,50,188,472
73,1965,1965-06-27,12,2,10,9,2.68,2.68,528,52,198,481
74,1965,1965-06-28,5,0,1,12,2.66,2.66,533,52,199,493
75,1965,1965-06-29,8,1,3,10,2.67,2.67,541,53,202,503
76,1965,,4,0,2,6,2.66,2.66,545,53,204,509
77,1965,,7,0,3,7,2.67,2.67,552,53,207,516
78,1965,1965-07-01,9,2,6,5,2.71,2.71,561,55,213,521
79,1965,1965-07-02,10,0,3,5,2.72,2.72,571,55,216,526
80,1965,1965-07-03,5,1,1,10,2.7,2.7,576,56,217,536
81,1965,1965-07-04,7,0,2,6,2.69,2.69,583,56,219,542
82,1965,1965-07-05,7,1,6,5,2.74,2.74,590,57,225,547
83,1965,1965-07-06,14,2,7,4,2.79,2.79,604,59,232,551
84,1965,1965-07-07,15,3,7,8,2.84,2.84,619,62,239,559
85,1965,1965-07-08,15,0,4,4,2.85,2.85,634,62,243,563
86,1965,1965-07-09,8,1,4,5,2.87,2.87,642,63,247,568
87,1965,1965-07-10,16,0,4,5,2.88,2.88,658,63,251,573
88,1965,,5,2,2,10,2.87,2.87,663,65,253,583
89,1965,,9,1,4,5,2.88,2.88,672,66,257,588
90,1965,1965-07-15,3,0,0,3,2.85,2.85,675,66,257,591
91,1965,1965-07-16,4,0,0,9,2.82,2.82,679,66,257,600
92,1965,1965-07-17,7,1,2,4,2.81,2.81,686,67,259,604
93,1965,1965-07-18,9,1,2,7,2.79,2.79,695,68,261,611
94,1965,1965-07-19,9,1,2,4,2.79,2.79,704,69,263,615
95,1965,1965-07-20,3,1,2,10,2.78,2.78,707,70,265,625
96,1965,1965-07-21,14,1,6,7,2.81,2.81,721,71,271,632
97,1965,1965-07-22,7,2,5,5,2.83,2.83,728,73,276,637
98,1965,1965-07-23,11,1,4,8,2.84,2.84,739,74,280,645
99,1965,1965-07-24,5,1,2,9,2.82,2.82,744,75,282,654
100,1965,1965-07-25,5,0,1,4,2.81,2.81,749,75,283,658
101,1965,1965-07-26,9,1,4,7,2.82,2.82,758,76,287,665
102,1965,1965-07-27,10,1,4,4,2.83,2.83,768,77,291,669
103,1965,1965-07-28,5,1,3,10,2.83,2.83,773,78,294,679
104,1965,1965-07-30,8,1,2,7,2.82,2.82,781,79,296,686
105,1965,1965-07-31,14,0,4,5,2.84,2.84,795,79,300,691
106,1965,1965-08-01,5,0,2,11,2.83,2.83,800,79,302,702
107,1965,1965-08-02,10,0,6,5,2.86,2.86,810,79,308,707
108,1965,,5,2,3,7,2.86,2.86,815,81,311,714
109,1965,,5,2,2,7,2.86,2.86,820,83,313,721
110,1965,1965-08-05,7,2,3,12,2.86,2.86,827,85,316,733
111,1965,1965-08-06,10,4,5,8,2.87,2.87,837,89,321,741
112,1965,1965-08-07,6,2,3,7,2.87,2.87,843,91,324,748
113,1965,1965-08-08,20,3,14,6,2.98,2.98,863,94,338,754
114,1965,1965-08-10,7,1,3,14,2.98,2.98,870,95,341,768
115,1965,1965-08-11,5,0,0,3,2.95,2.95,875,95,341,771
116,1965,1965-08-13,6,0,1,5,2.93,2.93,881,95,342,776
117,1965,1965-08-14,5,0,0,12,2.91,2.91,886,95,342,788
118,1965,1965-08-15,10,0,3,7,2.91,2.91,896,95,345,795
119,1965,1965-08-16,12,0,6,4,2.93,2.93,908,95,351,799
120,1965,1965-08-17,6,0,2,8,2.92,2.92,914,95,353,807
121,1965,1965-08-18,9,0,3,12,2.92,2.92,923,95,356,819
122,1965,1965-08-19,7,2,4,6,2.91,2.91,930,97,360,825
123,1965,1965-08-20,10,2,5,4,2.93,2.93,940,99,365,829
124,1965,1965-08-21,7,2,4,5,2.93,2.93,947,101,369,834
125,1965,1965-08-22,4,2,4,8,2.94,2.94,951,103,373,842
126,1965,1965-08-23,12,0,4,4,2.95,2.95,963,103,377,846
127,1965,1965-08-24,9,0,3,5,2.96,2.96,972,103,380,851
128,1965,1965-08-25,10,1,7,6,2.99,2.99,982,104,387,857
129,1965,1965-08-26,6,2,4,5,3.0,3.0,988,106,391,862
130,1965,1965-08-27,12,2,7,8,3.03,3.03,1000,108,398,870
131,1965,1965-08-28,7,2,4,13,3.04,3.04,1007,110,402,883
132,1965,1965-08-29,15,4,13,4,3.11,3.11,1022,114,415,887
133,1965,,8,0,3,10,3.11,3.11,1030,114,418,897
134,1965,,10,1,2,3,3.1,3.1,1040,115,420,900
135,1965,1965-09-02,5,0,1,9,3.09,3.09,1045,115,421,909
136,1965,1965-09-03,8,0,0,3,3.07,3.07,1053,115,421,912
137,1965,1965-09-04,5,0,0,4,3.04,3.04,1058,115,421,916
138,1965,1965-09-05,4,0,2,6,3.04,3.04,1062,115,423,922
139,1965,1965-09-06,12,2,7,11,3.06,3.06,1074,117,430,933
140,1965,1965-09-07,10,1,3,8,3.06,3.06,1084,118,433,941
141,1965,1965-09-09,0,0,0,14,3.04,3.04,1084,118,433,955
142,1965,1965-09-10,7,2,2,3,3.03,3.03,1091,120,435,958
143,1965,1965-09-11,12,0,3,4,3.03,3.03,1103,120,438,962
144,1965,1965-09-12,7,0,3,4,3.03,3.03,1110,120,441,966
145,1965,1965-09-14,5,1,1,5,3.02,3.02,1115,121,442,971
146,1965,1965-09-15,11,1,5,7,3.03,3.03,1126,122,447,978
147,1965,1965-09-16,5,0,0,4,3.01,3.01,1131,122,447,982
148,1965,1965-09-17,7,1,1,5,3.0,3.0,1138,123,448,987
149,1965,1965-09-18,4,0,0,6,2.98,2.98,1142,123,448,993
150,1965,1965-09-19,7,0,0,2,2.96,2.96,1149,123,448,995
151,1965,1965-09-21,6,0,0,7,2.94,2.94,1155,123,448,1002
152,1965,1965-09-22,13,3,6,7,2.95,2.95,1168,126,454,1009
153,1965,1965-09-24,8,0,3,3,2.95,2.95,1176,126,457,1012
154,1965,1965-09-25,5,0,0,12,2.94,2.94,1181,126,457,1024
155,1965,1965-09-26,5,0,0,4,2.92,2.92,1186,126,457,1028
156,1965,1965-09-27,11,0,1,1,2.9,2.9,1197,126,458,1029
157,1965,1965-09-28,8,0,1,7,2.89,2.89,1205,126,459,1036
158,1965,1965-09-29,2,0,0,13,2.87,2.87,1207,126,459,1049
159,1965,1965-09-30,3,0,0,8,2.85,2.85,1210,126,459,1057
160,1965,1965-10-01,6,0,1,3,2.84,2.84,1216,126,460,1060
161,1965,1965-10-02,4,1,1,13,2.83,2.83,1220,127,461,1073
162,1965,1965-10-03,3,0,0,6,2.81,2.81,1223,127,461,1079
1,1966,1966-04-12,6,0,1,5,1.0,1.0,6,0,1,5
2,1966,1966-04-13,9,2,3,7,2.0,2.0,15,2,4,12
3,1966,1966-04-14,9,1,3,9,2.33,2.33,24,3,7,21
4,1966,1966-04-15,9,0,2,6,2.25,2.25,33,3,9,27
5,1966,1966-04-16,8,0,1,9,2.0,2.0,41,3,10,36
6,1966,1966-04-17,7,0,0,7,1.67,1.67,48,3,10,43
7,1966,1966-04-18,9,0,3,5,1.86,1.86,57,3,13,48
8,1966,1966-04-19,10,2,6,2,2.41,2.41,67,5,19,50
9,1966,1966-04-20,7,0,2,7,2.36,2.36,74,5,21,57
10,1966,1966-04-22,6,0,1,11,2.22,2.22,80,5,22,68
11,1966,1966-04-23,7,1,2,6,2.23,2.23,87,6,24,74
12,1966,1966-04-24,6,0,2,8,2.23,2.23,93,6,26,82
13,1966,1966-04-25,5,0,2,7,2.21,2.21,98,6,28,89
14,1966,1966-04-26,13,0,2,8,2.2,2.2,111,6,30,97
15,1966,1966-04-27,5,1,1,10,2.11,2.11,116,7,31,107
16,1966,1966-04-28,6,1,2,10,2.11,2.11,122,8,33,117
17,1966,1966-04-29,4,0,2,7,2.1,2.1,126,8,35,124
18,1966,1966-04-30,6,1,3,9,2.15,2.15,132,9,38,133
19,1966,1966-05-01,5,0,0,5,2.04,2.04,137,9,38,138
20,1966,1966-05-03,9,1,5,4,2.2,2.2,146,10,43,142
21,1966,1966-05-04,7,1,3,4,2.25,2.25,153,11,46,146
22,1966,1966-05-05,15,0,8,4,2.51,2.51,168,11,54,150
23,1966,1966-05-06,10,2,7,8,2.72,2.72,178,13,61,158
24,1966,1966-05-07,4,1,2,3,2.69,2.69,182,14,63,161
25,1966,1966-05-08,6,0,2,3,2.68,2.68,188,14,65,164
26,1966,1966-05-10,6,0,1,10,2.61,2.61,194,14,66,174
27,1966,1966-05-11,6,0,0,8,2.51,2.51,200,14,66,182
28,1966,1966-05-12,11,1,5,3,2.61,2.61,211,15,71,185
29,1966,1966-05-13,6,0,4,5,2.67,2.67,217,15,75,190
30,1966,1966-05-14,7,1,1,9,2.61,2.61,224,16,76,199
31,1966,1966-05-15,6,0,1,7,2.56,2.56,230,16,77,206
32,1966,1966-05-17,14,0,0,12,2.44,2.44,244,16,77,218
33,1966,1966-05-18,7,0,3,8,2.46,2.46,251,16,80,226
34,1966,1966-05-19,3,0,0,10,2.39,2.39,254,16,80,236
35,1966,1966-05-20,9,0,6,5,2.49,2.49,263,16,86,241
36,1966,1966-05-21,12,0,4,17,2.51,2.51,275,16,90,258
37,1966,1966-05-22,7,0,1,2,2.47,2.47,282,16,91,260
38,1966,1966-05-23,8,0,2,7,2.46,2.46,290,16,93,267
39,1966,1966-05-24,9,0,2,10,2.45,2.45,299,16,95,277
40,1966,1966-05-25,8,0,1,6,2.41,2.41,307,16,96,283
41,1966,1966-05-27,3,0,0,6,2.35,2.35,310,16,96,289
42,1966,1966-05-28,3,0,0,10,2.29,2.29,313,16,96,299
43,1966,1966-05-29,12,1,6,6,2.38,2.38,325,17,102,305
44,1966,1966-05-30,9,3,6,7,2.46,2.46,334,20,108,312
45,1966,1966-05-31,9,0,2,4,2.45,2.45,343,20,110,316
46,1966,1966-06-01,7,0,0,9,2.4,2.4,350,20,110,325
47,1966,1966-06-02,7,0,0,8,2.35,2.35,357,20,110,333
48,1966,1966-06-03,13,1,6,4,2.43,2.43,370,21,116,337
49,1966,1966-06-04,12,0,3,5,2.44,2.44,382,21,119,342
50,1966,,5,1,1,9,2.41,2.41,387,22,120,351
51,1966,,8,0,2,1,2.41,2.41,395,22,122,352
52,1966,1966-06-07,11,2,5,7,2.45,2.45,406,24,127,359
53,1966,1966-06-08,9,1,7,7,2.54,2.54,415,25,134,366
54,1966,1966-06-10,4,0,1,11,2.51,2.51,419,25,135,377
55,1966,1966-06-11,8,1,2,3,2.5,2.5,427,26,137,380
56,1966,1966-06-12,6,1,2,5,2.5,2.5,433,27,139,385
57,1966,1966-06-13,14,1,8,6,2.59,2.59,447,28,147,391
58,1966,1966-06-14,8,1,3,6,2.59,2.59,455,29,150,397
59,1966,1966-06-15,13,0,4,8,2.62,2.62,468,29,154,405
60,1966,1966-06-16,9,0,5,7,2.66,2.66,477,29,159,412
61,1966,1966-06-17,7,1,4,9,2.68,2.68,484,30,163,421
62,1966,1966-06-18,4,1,2,10,2.67,2.67,488,31,165,431
63,1966,1966-06-19,8,0,1,4,2.64,2.64,496,31,166,435
64,1966,1966-06-20,8,0,3,1,2.65,2.65,504,31,169,436
65,1966,1966-06-21,12,1,6,4,2.71,2.71,516,32,175,440
66,1966,1966-06-22,10,1,2,6,2.7,2.7,526,33,177,446
67,1966,1966-06-24,5,0,0,2,2.66,2.66,531,33,177,448
68,1966,,9,3,5,2,2.7,2.7,540,36,182,450
69,1966,,9,0,4,5,2.72,2.72,549,36,186,455
70,1966,1966-06-26,7,0,1,11,2.7,2.7,556,36,187,466
71,1966,1966-06-27,11,1,3,8,2.7,2.7,567,37,190,474
72,1966,1966-06-28,9,1,3,4,2.71,2.71,576,38,193,478
73,1966,1966-06-29,15,1,5,4,2.74,2.74,591,39,198,482
74,1966,1966-07-01,6,1,2,10,2.73,2.73,597,40,200,492
75,1966,1966-07-02,9,1,2,10,2.72,2.72,606,41,202,502
76,1966,1966-07-03,6,1,2,6,2.71,2.71,612,42,204,508
77,1966,1966-07-04,5,0,1,10,2.69,2.69,617,42,205,518
78,1966,1966-07-05,10,0,0,8,2.66,2.66,627,42,205,526
79,1966,1966-07-06,4,0,0,5,2.62,2.62,631,42,205,531
80,1966,1966-07-07,5,0,2,9,2.62,2.62,636,42,207,540
81,1966,1966-07-08,9,0,5,10,2.65,2.65,645,42,212,550
82,1966,1966-07-09,8,3,4,3,2.66,2.66,653,45,216,553
83,1966,1966-07-10,7,0,2,6,2.65,2.65,660,45,218,559
84,1966,1966-07-14,8,1,2,11,2.65,2.65,668,46,220,570
85,1966,1966-07-15,13,0,2,3,2.63,2.63,681,46,222,573
86,1966,1966-07-16,5,0,1,11,2.61,2.61,686,46,223,584
87,1966,,6,0,3,3,2.62,2.62,692,46,226,587
88,1966,,6,0,1,7,2.6,2.6,698,46,227,594
89,1966,1966-07-18,10,0,3,3,2.61,2.61,708,46,230,597
90,1966,1966-07-20,13,1,8,5,2.67,2.67,721,47,238,602
91,1966,1966-07-21,10,1,3,12,2.67,2.67,731,48,241,614
92,1966,1966-07-22,7,1,3,6,2.67,2.67,738,49,244,620
93,1966,1966-07-23,8,0,1,7,2.66,2.66,746,49,245,627
94,1966,,6,0,0,10,2.63,2.63,752,49,245,637
95,1966,,5,0,0,4,2.6,2.6,757,49,245,641
96,1966,1966-07-25,7,2,3,5,2.6,2.6,764,51,248,646
97,1966,1966-07-26,10,0,2,4,2.6,2.6,774,51,250,650
98,1966,1966-07-27,4,1,1,17,2.57,2.57,778,52,251,667
99,1966,1966-07-29,9,0,4,2,2.59,2.59,787,52,255,669
100,1966,1966-07-30,8,1,3,4,2.6,2.6,795,53,258,673
101,1966,1966-07-31,8,0,3,6,2.6,2.6,803,53,261,679
102,1966,1966-08-01,7,0,1,11,2.58,2.58,810,53,262,690
103,1966,1966-08-02,12,2,6,5,2.62,2.62,822,55,268,695
104,1966,1966-08-03,6,1,3,9,2.63,2.63,828,56,271,704
105,1966,1966-08-04,16,0,8,3,2.68,2.68,844,56,279,707
106,1966,1966-08-05,7,1,1,12,2.67,2.67,851,57,280,719
107,1966,1966-08-06,8,1,0,7,2.64,2.64,859,58,280,726
108,1966,1966-08-07,9,0,3,0,2.64,2.64,868,58,283,726
109,1966,1966-08-08,17,1,10,4,2.71,2.71,885,59,293,730
110,1966,1966-08-09,4,2,2,9,2.71,2.71,889,61,295,739
111,1966,1966-08-10,10,1,1,6,2.7,2.7,899,62,296,745
112,1966,1966-08-12,7,0,2,10,2.69,2.69,906,62,298,755
113,1966,1966-08-13,5,0,1,11,2.67,2.67,911,62,299,766
114,1966,,13,0,3,13,2.66,2.66,924,62,302,779
115,1966,,17,1,10,4,2.73,2.73,941,63,312,783
116,1966,1966-08-15,15,0,3,4,2.73,2.73,956,63,315,787
117,1966,1966-08-16,2,0,0,8,2.71,2.71,958,63,315,795
118,1966,1966-08-17,9,0,5,5,2.72,2.72,967,63,320,800
119,1966,1966-08-18,6,0,1,8,2.71,2.71,973,63,321,808
120,1966,1966-08-19,9,0,4,7,2.72,2.72,982,63,325,815
121,1966,1966-08-20,9,2,3,10,2.71,2.71,991,65,328,825
122,1966,1966-08-21,6,0,1,10,2.7,2.7,997,65,329,835
123,1966,1966-08-22,7,1,3,6,2.69,2.69,1004,66,332,841
124,1966,1966-08-23,8,1,6,4,2.72,2.72,1012,67,338,845
125,1966,1966-08-24,4,0,1,13,2.7,2.7,1016,67,339,858
126,1966,1966-08-26,4,0,0,7,2.68,2.68,1020,67,339,865
127,1966,1966-08-27,10,2,4,6,2.69,2.69,1030,69,343,871
128,1966,1966-08-28,6,0,2,7,2.69,2.69,1036,69,345,878
129,1966,1966-08-29,11,0,3,6,2.69,2.69,1047,69,348,884
130,1966,1966-08-30,15,0,9,4,2.74,2.74,1062,69,357,888
131,1966,1966-08-31,11,0,4,6,2.76,2.76,1073,69,361,894
132,1966,1966-09-01,6,1,3,5,2.76,2.76,1079,70,364,899
133,1966,1966-09-02,3,0,1,5,2.74,2.74,1082,70,365,904
134,1966,1966-09-03,11,1,3,8,2.74,2.74,1093,71,368,912
135,1966,1966-09-04,15,2,6,7,2.77,2.77,1108,73,374,919
136,1966,1966-09-05,7,1,1,10,2.76,2.76,1115,74,375,929
137,1966,1966-09-06,15,1,6,2,2.78,2.78,1130,75,381,931
138,1966,1966-09-07,9,1,2,10,2.77,2.77,1139,76,383,941
139,1966,1966-09-09,3,0,0,5,2.75,2.75,1142,76,383,946
140,1966,1966-09-10,4,0,0,5,2.72,2.72,1146,76,383,951
141,1966,,6,0,0,6,2.71,2.71,1152,76,383,957
142,1966,,7,0,0,6,2.69,2.69,1159,76,383,963
143,1966,1966-09-12,7,0,2,11,2.68,2.68,1166,76,385,974
144,1966,1966-09-13,7,0,3,8,2.68,2.68,1173,76,388,982
145,1966,1966-09-15,5,2,3,6,2.69,2.69,1178,78,391,988
146,1966,1966-09-16,5,0,1,5,2.67,2.67,1183,78,392,993
147,1966,1966-09-17,12,2,8,6,2.71,2.71,1195,80,400,999
148,1966,1966-09-18,8,0,4,4,2.72,2.72,1203,80,404,1003
149,1966,1966-09-19,5,0,1,7,2.71,2.71,1208,80,405,1010
150,1966,1966-09-20,5,0,1,6,2.7,2.7,1213,80,406,1016
151,1966,1966-09-21,5,1,2,5,2.69,2.69,1218,81,408,1021
152,1966,,8,0,0,5,2.67,2.67,1226,81,408,1026
153,1966,,4,0,0,7,2.66,2.66,1230,81,408,1033
154,1966,1966-09-24,9,0,3,5,2.66,2.66,1239,81,411,1038
155,1966,1966-09-25,4,0,1,5,2.65,2.65,1243,81,412,1043
156,1966,1966-09-26,8,0,2,2,2.65,2.65,1251,81,414,1045
157,1966,1966-09-27,4,0,0,1,2.63,2.63,1255,81,414,1046
158,1966,1966-09-28,4,0,0,6,2.62,2.62,1259,81,414,1052
159,1966,1966-09-29,4,1,1,13,2.61,2.61,1263,82,415,1065
160,1966,1966-09-30,9,1,5,1,2.62,2.62,1272,83,420,1066
161,1966,,8,1,3,8,2.63,2.63,1280,84,423,1074
162,1966,,7,0,2,10,2.62,2.62,1287,84,425,1084
1,1967,1967-04-10,10,3,6,2,6.75,6.75,10,3,6,2
2,1967,1967-04-14,10,0,8,6,7.88,7.88,20,3,14,8
3,1967,1967-04-15,19,2,10,5,9.0,9.0,39,5,24,13
4,1967,1967-04-16,8,0,4,6,7.88,7.88,47,5,28,19
5,1967,1967-04-18,9,0,1,5,6.37,6.37,56,5,29,24
6,1967,1967-04-19,6,1,2,12,5.47,5.47,62,6,31,36
7,1967,1967-04-20,8,0,3,5,4.78,4.78,70,6,34,41
8,1967,1967-04-22,9,0,1,4,4.32,4.32,79,6,35,45
9,1967,1967-04-23,10,0,3,5,4.17,4.17,89,6,38,50
10,1967,1967-04-24,14,0,5,9,4.07,4.07,103,6,43,59
11,1967,1967-04-25,8,1,6,4,4.24,4.24,111,7,49,63
12,1967,1967-04-26,4,0,0,3,3.9,3.9,115,7,49,66
13,1967,1967-04-27,4,0,0,4,3.61,3.61,119,7,49,70
14,1967,1967-04-28,10,1,5,8,3.71,3.71,129,8,54,78
15,1967,1967-04-29,8,0,5,5,3.79,3.79,137,8,59,83
16,1967,1967-04-30,9,0,4,11,3.81,3.81,146,8,63,94
17,1967,1967-05-02,7,0,3,6,3.71,3.71,153,8,66,100
18,1967,1967-05-03,14,0,6,7,3.72,3.72,167,8,72,107
19,1967,1967-05-04,14,0,8,8,3.96,3.96,181,8,80,115
20,1967,1967-05-05,4,0,3,6,3.93,3.93,185,8,83,121
21,1967,1967-05-08,7,0,2,5,3.84,3.84,192,8,85,126
22,1967,1967-05-09,8,1,5,6,3.91,3.91,200,9,90,132
23,1967,1967-05-10,8,0,1,5,3.77,3.77,208,9,91,137
24,1967,1967-05-12,5,1,2,4,3.7,3.7,213,10,93,141
25,1967,1967-05-13,11,1,5,7,3.75,3.75,224,11,98,148
26,1967,,5,0,1,6,3.64,3.64,229,11,99,154
27,1967,,16,0,6,9,3.69,3.69,245,11,105,163
28,1967,1967-05-15,11,1,5,6,3.72,3.72,256,12,110,169
29,1967,1967-05-16,6,1,1,6,3.63,3.63,262,13,111,175
30,1967,1967-05-17,7,0,0,2,3.52,3.52,269,13,111,177
31,1967,1967-05-19,6,0,0,6,3.41,3.41,275,13,111,183
32,1967,1967-05-20,14,3,15,3,3.77,3.77,289,16,126,186
33,1967,,4,1,1,7,3.69,3.69,293,17,127,193
34,1967,,11,1,6,1,3.76,3.76,304,18,133,194
35,1967,1967-05-22,12,0,5,9,3.81,3.81,316,18,138,203
36,1967,1967-05-23,5,0,0,6,3.71,3.71,321,18,138,209
37,1967,1967-05-24,8,0,2,8,3.66,3.66,329,18,140,217
38,1967,1967-05-26,7,2,4,8,3.68,3.68,336,20,144,225
39,1967,1967-05-27,11,0,1,6,3.61,3.61,347,20,145,231
40,1967,1967-05-28,10,0,4,5,3.63,3.63,357,20,149,236
41,1967,1967-05-29,10,0,2,7,3.6,3.6,367,20,151,243
42,1967,1967-05-30,5,0,2,8,3.56,3.56,372,20,153,251
43,1967,1967-05-31,12,0,5,11,3.57,3.57,384,20,158,262
44,1967,1967-06-01,10,1,6,4,3.63,3.63,394,21,164,266
45,1967,1967-06-02,9,0,5,9,3.66,3.66,403,21,169,275
46,1967,1967-06-03,5,0,1,6,3.6,3.6,408,21,170,281
47,1967,1967-06-04,9,2,4,9,3.61,3.61,417,23,174,290
48,1967,1967-06-05,8,2,2,5,3.58,3.58,425,25,176,295
49,1967,1967-06-06,7,0,3,6,3.57,3.57,432,25,179,301
50,1967,1967-06-07,15,3,13,2,3.76,3.76,447,28,192,303
51,1967,1967-06-08,8,1,5,4,3.79,3.79,455,29,197,307
52,1967,1967-06-09,8,1,3,8,3.78,3.78,463,30,200,315
53,1967,1967-06-10,14,2,5,6,3.8,3.8,477,32,205,321
54,1967,,12,0,6,7,3.84,3.84,489,32,211,328
55,1967,,11,1,7,4,3.91,3.91,500,33,218,332
56,1967,1967-06-13,7,1,3,4,3.9,3.9,507,34,221,336
57,1967,1967-06-14,10,2,2,5,3.86,3.86,517,36,223,341
58,1967,1967-06-15,4,0,0,9,3.8,3.8,521,36,223,350
59,1967,1967-06-16,4,1,3,5,3.79,3.79,525,37,226,355
60,1967,1967-06-17,6,0,1,4,3.74,3.74,531,37,227,359
61,1967,1967-06-18,12,1,2,2,3.71,3.71,543,38,229,361
62,1967,1967-06-19,7,0,2,8,3.68,3.68,550,38,231,369
63,1967,1967-06-20,7,0,2,15,3.62,3.62,557,38,233,384
64,1967,1967-06-21,10,1,2,8,3.59,3.59,567,39,235,392
65,1967,1967-06-22,12,0,5,6,3.62,3.62,579,39,240,398
66,1967,1967-06-23,13,2,7,1,3.67,3.67,592,41,247,399
67,1967,1967-06-24,8,0,0,10,3.61,3.61,600,41,247,409
68,1967,1967-06-25,7,0,1,7,3.58,3.58,607,41,248,416
69,1967,1967-06-26,5,0,0,5,3.52,3.52,612,41,248,421
70,1967,1967-06-27,2,0,0,11,3.47,3.47,614,41,248,432
71,1967,1967-06-28,7,1,4,8,3.48,3.48,621,42,252,440
72,1967,1967-06-29,18,3,13,4,3.62,3.62,639,45,265,444
73,1967,1967-06-30,9,0,4,5,3.62,3.62,648,45,269,449
74,1967,1967-07-01,11,1,4,8,3.63,3.63,659,46,273,457
75,1967,1967-07-02,13,0,5,7,3.65,3.65,672,46,278,464
76,1967,1967-07-03,11,1,4,5,3.66,3.66,683,47,282,469
77,1967,1967-07-04,16,2,8,1,3.72,3.72,699,49,290,470
78,1967,1967-07-05,7,1,3,7,3.71,3.71,706,50,293,477
79,1967,1967-07-07,5,1,2,9,3.7,3.7,711,51,295,486
80,1967,1967-07-08,8,3,8,3,3.76,3.76,719,54,303,489
81,1967,1967-07-09,9,0,1,7,3.72,3.72,728,54,304,496
82,1967,1967-07-13,8,0,2,7,3.7,3.7,736,54,306,503
83,1967,1967-07-14,6,0,1,6,3.67,3.67,742,54,307,509
84,1967,1967-07-15,5,0,1,10,3.63,3.63,747,54,308,519
85,1967,,9,0,4,2,3.64,3.64,756,54,312,521
86,1967,,12,2,6,8,3.67,3.67,768,56,318,529
87,1967,,9,1,4,3,3.67,3.67,777,57,322,532
88,1967,,6,0,1,6,3.64,3.64,783,57,323,538
89,1967,1967-07-19,8,0,1,4,3.61,3.61,791,57,324,542
90,1967,1967-07-20,12,2,9,7,3.67,3.67,803,59,333,549
91,1967,1967-07-21,6,0,0,8,3.63,3.63,809,59,333,557
92,1967,1967-07-22,10,1,3,7,3.62,3.62,819,60,336,564
93,1967,1967-07-23,7,1,2,7,3.61,3.61,826,61,338,571
94,1967,1967-07-24,11,0,3,3,3.6,3.6,837,61,341,574
95,1967,1967-07-25,7,0,1,8,3.58,3.58,844,61,342,582
96,1967,1967-07-26,8,1,4,7,3.58,3.58,852,62,346,589
97,1967,1967-07-27,12,0,6,8,3.6,3.6,864,62,352,597
98,1967,1967-07-28,7,0,0,5,3.56,3.56,871,62,352,602
99,1967,1967-07-29,8,0,1,9,3.54,3.54,879,62,353,611
100,1967,1967-07-30,8,0,0,7,3.5,3.5,887,62,353,618
101,1967,1967-07-31,9,1,4,11,3.5,3.5,896,63,357,629
102,1967,1967-08-01,9,0,2,6,3.48,3.48,905,63,359,635
103,1967,1967-08-02,6,1,2,9,3.46,3.46,911,64,361,644
104,1967,1967-08-04,8,0,2,5,3.45,3.45,919,64,363,649
105,1967,1967-08-05,6,0,2,1,3.44,3.44,925,64,365,650
106,1967,1967-08-06,10,0,2,2,3.43,3.43,935,64,367,652
107,1967,1967-08-07,12,0,4,5,3.43,3.43,947,64,371,657
108,1967,1967-08-08,6,0,2,5,3.42,3.42,953,64,373,662
109,1967,1967-08-09,11,2,2,6,3.4,3.4,964,66,375,668
110,1967,1967-08-10,10,0,2,5,3.39,3.39,974,66,377,673
111,1967,1967-08-11,8,0,0,5,3.36,3.36,982,66,377,678
112,1967,1967-08-12,7,0,3,3,3.36,3.36,989,66,380,681
113,1967,1967-08-13,9,1,3,3,3.36,3.36,998,67,383,684
114,1967,1967-08-15,9,0,2,5,3.34,3.34,1007,67,385,689
115,1967,1967-08-16,4,0,1,3,3.32,3.32,1011,67,386,692
116,1967,1967-08-17,11,0,4,5,3.33,3.33,1022,67,390,697
117,1967,1967-08-18,7,1,1,9,3.31,3.31,1029,68,391,706
118,1967,1967-08-19,10,1,3,7,3.31,3.31,1039,69,394,713
119,1967,1967-08-20,9,0,1,9,3.29,3.29,1048,69,395,722
120,1967,1967-08-21,4,0,0,12,3.26,3.26,1052,69,395,734
121,1967,1967-08-22,12,0,3,5,3.26,3.26,1064,69,398,739
122,1967,1967-08-23,3,0,0,6,3.23,3.23,1067,69,398,745
123,1967,1967-08-24,10,0,3,5,3.23,3.23,1077,69,401,750
124,1967,,9,0,1,8,3.21,3.21,1086,69,402,758
125,1967,,8,1,3,6,3.21,3.21,1094,70,405,764
126,1967,1967-08-26,13,0,1,7,3.18,3.18,1107,70,406,771
127,1967,1967-08-27,11,0,6,1,3.21,3.21,1118,70,412,772
128,1967,1967-08-28,8,0,7,4,3.24,3.24,1126,70,419,776
129,1967,1967-08-29,16,1,11,8,3.3,3.3,1142,71,430,784
130,1967,1967-08-30,7,0,3,5,3.3,3.3,1149,71,433,789
131,1967,1967-08-31,7,1,3,4,3.3,3.3,1156,72,436,793
132,1967,1967-09-01,11,1,4,3,3.3,3.3,1167,73,440,796
133,1967,1967-09-02,12,0,4,4,3.31,3.31,1179,73,444,800
134,1967,1967-09-03,11,2,7,5,3.34,3.34,1190,75,451,805
135,1967,,10,1,2,3,3.33,3.33,1200,76,453,808
136,1967,,9,2,5,9,3.34,3.34,1209,78,458,817
137,1967,1967-09-06,9,1,3,5,3.34,3.34,1218,79,461,822
138,1967,1967-09-07,6,1,2,6,3.32,3.32,1224,80,463,828
139,1967,1967-09-08,7,1,2,7,3.31,3.31,1231,81,465,835
140,1967,1967-09-09,10,2,5,4,3.32,3.32,1241,83,470,839
141,1967,,4,0,1,2,3.31,3.31,1245,83,471,841
142,1967,,6,1,1,6,3.29,3.29,1251,84,472,847
143,1967,1967-09-11,11,1,4,2,3.29,3.29,1262,85,476,849
144,1967,1967-09-12,10,1,4,6,3.3,3.3,1272,86,480,855
145,1967,1967-09-13,5,1,3,10,3.29,3.29,1277,87,483,865
146,1967,,5,0,0,9,3.27,3.27,1282,87,483,874
147,1967,,6,0,0,5,3.25,3.25,1288,87,483,879
148,1967,1967-09-16,11,1,8,10,3.28,3.28,1299,88,491,889
149,1967,1967-09-17,10,2,4,7,3.29,3.29,1309,90,495,896
150,1967,1967-09-18,9,0,4,5,3.29,3.29,1318,90,499,901
151,1967,1967-09-19,9,0,6,3,3.31,3.31,1327,90,505,904
152,1967,1967-09-20,14,0,3,4,3.31,3.31,1341,90,508,908
153,1967,1967-09-22,5,1,1,5,3.3,3.3,1346,91,509,913
154,1967,1967-09-23,9,0,3,3,3.29,3.29,1355,91,512,916
155,1967,1967-09-24,11,1,3,6,3.29,3.29,1366,92,515,922
156,1967,1967-09-25,13,0,2,8,3.28,3.28,1379,92,517,930
157,1967,1967-09-26,9,0,1,9,3.26,3.26,1388,92,518,939
158,1967,1967-09-27,5,0,1,8,3.25,3.25,1393,92,519,947
159,1967,1967-09-28,5,0,0,3,3.23,3.23,1398,92,519,950
160,1967,1967-09-29,11,0,2,4,3.22,3.22,1409,92,521,954
161,1967,1967-09-30,10,1,4,6,3.23,3.23,1419,93,525,960
162,1967,1967-10-01,2,0,1,7,3.21,3.21,1421,93,526,967
1,1968,1968-04-10,7,0,2,1,2.0,2.0,7,0,2,1
2,1968,1968-04-11,7,0,2,7,2.0,2.0,14,0,4,8
3,1968,1968-04-13,4,0,0,7,1.33,1.33,18,0,4,15
4,1968,1968-04-14,9,1,3,2,1.75,1.75,27,1,7,17
5,1968,1968-04-15,6,0,1,6,1.6,1.6,33,1,8,23
6,1968,1968-04-16,10,0,3,5,1.83,1.83,43,1,11,28
7,1968,1968-04-17,5,1,3,6,2.03,2.03,48,2,14,34
8,1968,1968-04-19,6,1,1,8,1.9,1.9,54,3,15,42
9,1968,1968-04-20,2,1,3,12,2.05,2.05,56,4,18,54
10,1968,,13,2,6,10,2.45,2.45,69,6,24,64
11,1968,,8,2,2,5,2.41,2.41,77,8,26,69
12,1968,1968-04-22,3,0,1,7,2.29,2.29,80,8,27,76
13,1968,1968-04-24,4,0,1,6,2.21,2.21,84,8,28,82
14,1968,1968-04-26,10,0,1,6,2.12,2.12,94,8,29,88
15,1968,1968-04-27,7,2,3,6,2.2,2.2,101,10,32,94
16,1968,1968-04-28,12,1,6,5,2.46,2.46,113,11,38,99
17,1968,1968-04-29,6,0,2,6,2.43,2.43,119,11,40,105
18,1968,1968-04-30,7,0,1,11,2.35,2.35,126,11,41,116
19,1968,1968-05-01,15,0,7,3,2.6,2.6,141,11,48,119
20,1968,1968-05-02,10,0,1,4,2.41,2.41,151,11,49,123
21,1968,1968-05-03,7,1,2,5,2.39,2.39,158,12,51,128
22,1968,1968-05-04,7,0,2,5,2.37,2.37,165,12,53,133
23,1968,1968-05-05,11,0,2,7,2.28,2.28,176,12,55,140
24,1968,1968-05-07,7,0,1,6,2.23,2.23,183,12,56,146
25,1968,1968-05-08,13,2,7,2,2.42,2.42,196,14,63,148
26,1968,1968-05-09,3,0,0,5,2.33,2.33,199,14,63,153
27,1968,1968-05-10,8,0,1,3,2.29,2.29,207,14,64,156
28,1968,1968-05-11,12,3,5,8,2.4,2.4,219,17,69,164
29,1968,1968-05-12,7,0,0,8,2.29,2.29,226,17,69,172
30,1968,1968-05-13,6,1,5,8,2.38,2.38,232,18,74,180
31,1968,1968-05-14,2,0,0,7,2.3,2.3,234,18,74,187
32,1968,1968-05-15,9,0,5,1,2.39,2.39,243,18,79,188
33,1968,1968-05-16,8,0,1,6,2.35,2.35,251,18,80,194
34,1968,1968-05-17,2,0,0,8,2.28,2.28,253,18,80,202
35,1968,1968-05-18,5,0,0,6,2.22,2.22,258,18,80,208
36,1968,,10,1,2,4,2.21,2.21,268,19,82,212
37,1968,,7,1,3,7,2.23,2.23,275,20,85,219
38,1968,1968-05-20,8,0,2,3,2.23,2.23,283,20,87,222
39,1968,1968-05-21,7,0,2,10,2.23,2.23,290,20,89,232
40,1968,1968-05-22,5,0,0,8,2.17,2.17,295,20,89,240
41,1968,1968-05-23,13,0,2,9,2.16,2.16,308,20,91,249
42,1968,1968-05-24,11,1,7,8,2.26,2.26,319,21,98,257
43,1968,1968-05-25,9,0,3,6,2.28,2.28,328,21,101,263
44,1968,1968-05-26,6,0,0,6,2.23,2.23,334,21,101,269
45,1968,1968-05-27,16,0,7,2,2.34,2.34,350,21,108,271
46,1968,1968-05-28,13,0,7,6,2.45,2.45,363,21,115,277
47,1968,1968-05-29,12,0,5,9,2.5,2.5,375,21,120,286
48,1968,1968-05-30,9,1,3,2,2.51,2.51,384,22,123,288
49,1968,1968-05-31,6,0,0,7,2.46,2.46,390,22,123,295
50,1968,1968-06-01,8,0,1,7,2.43,2.43,398,22,124,302
51,1968,1968-06-02,13,0,5,4,2.48,2.48,411,22,129,306
52,1968,1968-06-03,7,0,0,6,2.44,2.44,418,22,129,312
53,1968,1968-06-04,3,0,0,8,2.39,2.39,421,22,129,320
54,1968,1968-06-05,6,0,1,12,2.36,2.36,427,22,130,332
55,1968,1968-06-06,6,1,2,8,2.35,2.35,433,23,132,340
56,1968,1968-06-07,4,0,0,4,2.31,2.31,437,23,132,344
57,1968,1968-06-08,6,1,2,7,2.31,2.31,443,24,134,351
58,1968,1968-06-09,4,0,2,6,2.3,2.3,447,24,136,357
59,1968,1968-06-10,5,0,1,10,2.28,2.28,452,24,137,367
60,1968,1968-06-11,11,0,1,3,2.26,2.26,463,24,138,370
61,1968,1968-06-12,9,0,2,3,2.25,2.25,472,24,140,373
62,1968,,7,0,0,3,2.22,2.22,479,24,140,376
63,1968,,4,0,2,9,2.21,2.21,483,24,142,385
64,1968,1968-06-15,10,0,5,8,2.26,2.26,493,24,147,393
65,1968,1968-06-16,8,1,1,5,2.24,2.24,501,25,148,398
66,1968,1968-06-18,8,1,2,7,2.24,2.24,509,26,150,405
67,1968,1968-06-19,8,0,2,11,2.24,2.24,517,26,152,416
68,1968,,13,0,5,1,2.28,2.28,530,26,157,417
69,1968,,8,0,2,5,2.27,2.27,538,26,159,422
70,1968,1968-06-21,9,0,2,1,2.27,2.27,547,26,161,423
71,1968,1968-06-22,7,1,1,5,2.26,2.26,554,27,162,428
72,1968,1968-06-23,9,1,5,7,2.3,2.3,563,28,167,435
73,1968,1968-06-25,9,1,9,6,2.39,2.39,572,29,176,441
74,1968,1968-06-26,2,0,0,6,2.36,2.36,574,29,176,447
75,1968,1968-06-27,9,2,5,9,2.39,2.39,583,31,181,456
76,1968,1968-06-28,8,1,2,8,2.38,2.38,591,32,183,464
77,1968,1968-06-29,8,0,2,3,2.38,2.38,599,32,185,467
78,1968,1968-06-30,5,0,2,3,2.37,2.37,604,32,187,470
79,1968,1968-07-01,10,0,5,5,2.41,2.41,614,32,192,475
80,1968,1968-07-02,8,0,4,6,2.43,2.43,622,32,196,481
81,1968,1968-07-03,10,0,2,6,2.42,2.42,632,32,198,487
82,1968,1968-07-04,10,1,3,8,2.43,2.43,642,33,201,495
83,1968,1968-07-05,7,0,2,4,2.41,2.41,649,33,203,499
84,1968,1968-07-06,11,0,3,6,2.42,2.42,660,33,206,505
85,1968,1968-07-07,10,1,4,6,2.44,2.44,670,34,210,511
86,1968,1968-07-11,6,0,1,3,2.42,2.42,676,34,211,514
87,1968,1968-07-12,10,0,5,5,2.46,2.46,686,34,216,519
88,1968,1968-07-13,10,0,4,4,2.48,2.48,696,34,220,523
89,1968,1968-07-14,7,1,5,7,2.51,2.51,703,35,225,530
90,1968,1968-07-15,9,1,4,5,2.53,2.53,712,36,229,535
91,1968,1968-07-16,11,1,2,4,2.52,2.52,723,37,231,539
92,1968,1968-07-17,9,1,6,9,2.56,2.56,732,38,237,548
93,1968,1968-07-19,8,0,3,5,2.57,2.57,740,38,240,553
94,1968,1968-07-20,9,0,2,8,2.56,2.56,749,38,242,561
95,1968,1968-07-21,11,2,7,10,2.61,2.61,760,40,249,571
96,1968,1968-07-22,13,0,4,6,2.62,2.62,773,40,253,577
97,1968,1968-07-23,7,0,1,5,2.61,2.61,780,40,254,582
98,1968,1968-07-24,5,0,1,5,2.59,2.59,785,40,255,587
99,1968,1968-07-26,8,0,2,10,2.58,2.58,793,40,257,597
100,1968,1968-07-27,9,0,2,3,2.58,2.58,802,40,259,600
101,1968,,8,1,8,6,2.64,2.64,810,41,267,606
102,1968,,6,0,1,8,2.62,2.62,816,41,268,614
103,1968,1968-07-29,5,0,1,7,2.61,2.61,821,41,269,621
104,1968,1968-07-30,7,0,2,8,2.6,2.6,828,41,271,629
105,1968,1968-07-31,6,0,3,5,2.61,2.61,834,41,274,634
106,1968,1968-08-01,10,1,2,2,2.6,2.6,844,42,276,636
107,1968,1968-08-02,9,0,3,7,2.61,2.61,853,42,279,643
108,1968,1968-08-03,3,0,0,10,2.58,2.58,856,42,279,653
109,1968,,14,2,6,1,2.61,2.61,870,44,285,654
110,1968,,1,0,0,11,2.59,2.59,871,44,285,665
111,1968,1968-08-05,6,0,0,8,2.56,2.56,877,44,285,673
112,1968,1968-08-06,11,0,0,5,2.54,2.54,888,44,285,678
113,1968,1968-08-07,8,1,2,2,2.54,2.54,896,45,287,680
114,1968,1968-08-08,5,1,1,6,2.52,2.52,901,46,288,686
115,1968,1968-08-09,6,1,2,4,2.52,2.52,907,47,290,690
116,1968,1968-08-10,10,0,2,12,2.5,2.5,917,47,292,702
117,1968,1968-08-11,4,0,0,8,2.48,2.48,921,47,292,710
118,1968,1968-08-13,8,0,2,9,2.48,2.48,929,47,294,719
119,1968,1968-08-14,10,1,3,7,2.49,2.49,939,48,297,726
120,1968,1968-08-16,10,1,4,5,2.5,2.5,949,49,301,731
121,1968,1968-08-17,10,1,3,6,2.5,2.5,959,50,304,737
122,1968,1968-08-18,8,0,3,6,2.51,2.51,967,50,307,743
123,1968,1968-08-19,8,0,6,9,2.54,2.54,975,50,313,752
124,1968,1968-08-20,9,0,5,5,2.56,2.56,984,50,318,757
125,1968,1968-08-21,10,0,3,3,2.57,2.57,994,50,321,760
126,1968,1968-08-22,4,0,3,9,2.57,2.57,998,50,324,769
127,1968,1968-08-23,8,0,6,8,2.6,2.6,1006,50,330,777
128,1968,1968-08-24,14,1,9,4,2.65,2.65,1020,51,339,781
129,1968,1968-08-25,8,0,2,8,2.64,2.64,1028,51,341,789
130,1968,1968-08-26,8,0,3,11,2.65,2.65,1036,51,344,800
131,1968,1968-08-27,11,1,4,1,2.66,2.66,1047,52,348,801
132,1968,,11,0,4,9,2.67,2.67,1058,52,352,810
133,1968,,6,1,4,4,2.68,2.68,1064,53,356,814
134,1968,1968-08-30,8,0,4,7,2.69,2.69,1072,53,360,821
135,1968,1968-08-31,10,0,4,2,2.7,2.7,1082,53,364,823
136,1968,1968-09-01,5,1,2,3,2.69,2.69,1087,54,366,826
137,1968,,8,0,4,8,2.71,2.71,1095,54,370,834
138,1968,,8,1,7,6,2.74,2.74,1103,55,377,840
139,1968,1968-09-03,13,1,8,9,2.78,2.78,1116,56,385,849
140,1968,1968-09-04,3,0,0,12,2.76,2.76,1119,56,385,861
141,1968,,12,0,2,8,2.75,2.75,1131,56,387,869
142,1968,,11,1,5,6,2.77,2.77,1142,57,392,875
143,1968,1968-09-07,9,1,4,6,2.78,2.78,1151,58,396,881
144,1968,1968-09-08,5,1,2,7,2.77,2.77,1156,59,398,888
145,1968,1968-09-09,6,0,1,6,2.76,2.76,1162,59,399,894
146,1968,1968-09-10,9,0,0,7,2.74,2.74,1171,59,399,901
147,1968,1968-09-11,9,0,5,5,2.76,2.76,1180,59,404,906
148,1968,1968-09-13,10,0,0,5,2.74,2.74,1190,59,404,911
149,1968,1968-09-14,6,0,0,6,2.72,2.72,1196,59,404,917
150,1968,1968-09-15,11,0,5,4,2.74,2.74,1207,59,409,921
151,1968,1968-09-16,9,0,0,3,2.72,2.72,1216,59,409,924
152,1968,1968-09-17,12,1,3,9,2.72,2.72,1228,60,412,933
153,1968,1968-09-18,11,0,2,6,2.72,2.72,1239,60,414,939
154,1968,1968-09-19,6,0,0,4,2.7,2.7,1245,60,414,943
155,1968,1968-09-20,10,2,4,9,2.71,2.71,1255,62,418,952
156,1968,1968-09-21,4,0,0,5,2.69,2.69,1259,62,418,957
157,1968,1968-09-22,5,0,2,6,2.69,2.69,1264,62,420,963
158,1968,1968-09-24,6,1,3,6,2.69,2.69,1270,63,423,969
159,1968,1968-09-25,3,1,4,10,2.7,2.7,1273,64,427,979
160,1968,1968-09-27,6,0,2,4,2.7,2.7,1279,64,429,983
161,1968,1968-09-28,8,0,2,6,2.69,2.69,1287,64,431,989
162,1968,1968-09-29,6,1,2,5,2.69,2.69,1293,65,433,994
1,1969,1969-04-07,4,2,2,5,2.0,2.0,4,2,2,5
2,1969,1969-04-09,7,1,3,5,2.65,2.65,11,3,5,10
3,1969,1969-04-11,5,0,3,3,2.77,2.77,16,3,8,13
4,1969,1969-04-12,8,0,1,8,2.31,2.31,24,3,9,21
5,1969,1969-04-13,7,3,5,4,2.93,2.93,31,6,14,25
6,1969,1969-04-14,12,0,11,5,4.41,4.41,43,6,25,30
7,1969,1969-04-15,3,0,0,2,3.75,3.75,46,6,25,32
8,1969,1969-04-16,4,0,0,7,3.26,3.26,50,6,25,39
9,1969,1969-04-18,10,0,4,1,3.35,3.35,60,6,29,40
10,1969,1969-04-19,10,0,4,5,3.41,3.41,70,6,33,45
11,1969,1969-04-20,7,0,1,8,3.19,3.19,77,6,34,53
12,1969,1969-04-21,8,0,4,10,3.26,3.26,85,6,38,63
13,1969,1969-04-22,10,1,4,9,3.32,3.32,95,7,42,72
14,1969,1969-04-23,6,0,3,9,3.29,3.29,101,7,45,81
15,1969,1969-04-24,12,2,8,5,3.61,3.61,113,9,53,86
16,1969,1969-04-25,4,0,1,9,3.45,3.45,117,9,54,95
17,1969,1969-04-26,12,1,3,1,3.42,3.42,129,10,57,96
18,1969,1969-04-27,4,0,0,7,3.23,3.23,133,10,57,103
19,1969,1969-04-28,7,1,2,8,3.16,3.16,140,11,59,111
20,1969,1969-04-29,6,0,1,7,3.05,3.05,146,11,60,118
21,1969,1969-04-30,6,0,1,7,2.97,2.97,152,11,61,125
22,1969,1969-05-01,1,0,0,8,2.83,2.83,153,11,61,133
23,1969,1969-05-02,10,1,6,2,2.99,2.99,163,12,67,135
24,1969,1969-05-03,7,2,5,4,3.08,3.08,170,14,72,139
25,1969,1969-05-04,6,1,2,7,3.05,3.05,176,15,74,146
26,1969,1969-05-06,10,2,7,6,3.22,3.22,186,17,81,152
27,1969,1969-05-07,9,0,2,5,3.13,3.13,195,17,83,157
28,1969,1969-05-09,10,0,3,6,3.13,3.13,205,17,86,163
29,1969,1969-05-10,7,0,1,2,3.05,3.05,212,17,87,165
30,1969,1969-05-12,10,1,4,5,3.1,3.1,222,18,91,170
31,1969,1969-05-14,2,0,2,8,3.07,3.07,224,18,93,178
32,1969,1969-05-16,7,0,3,7,3.07,3.07,231,18,96,185
33,1969,1969-05-17,5,0,0,4,2.98,2.98,236,18,96,189
34,1969,1969-05-18,14,0,5,5,3.04,3.04,250,18,101,194
35,1969,1969-05-20,14,2,5,9,3.09,3.09,264,20,106,203
36,1969,1969-05-21,5,0,1,8,3.03,3.03,269,20,107,211
37,1969,1969-05-22,9,0,3,9,3.03,3.03,278,20,110,220
38,1969,1969-05-23,4,0,1,6,2.98,2.98,282,20,111,226
39,1969,1969-05-24,9,0,0,3,2.9,2.9,291,20,111,229
40,1969,1969-05-25,15,0,4,8,2.93,2.93,306,20,115,237
41,1969,1969-05-27,4,0,0,6,2.86,2.86,310,20,115,243
42,1969,1969-05-28,5,0,0,6,2.79,2.79,315,20,115,249
43,1969,1969-05-29,6,2,3,5,2.79,2.79,321,22,118,254
44,1969,1969-05-30,13,4,12,7,3.01,3.01,334,26,130,261
45,1969,1969-05-31,7,3,5,10,3.06,3.06,341,29,135,271
46,1969,1969-06-01,15,1,4,4,3.08,3.08,356,30,139,275
47,1969,1969-06-02,7,0,2,4,3.06,3.06,363,30,141,279
48,1969,1969-06-03,7,2,5,10,3.11,3.11,370,32,146,289
49,1969,1969-06-04,4,0,0,12,3.01,3.01,374,32,146,301
50,1969,1969-06-06,7,0,2,10,2.99,2.99,381,32,148,311
51,1969,1969-06-07,11,0,3,6,2.99,2.99,392,32,151,317
52,1969,1969-06-08,6,2,4,11,3.01,3.01,398,34,155,328
53,1969,1969-06-10,7,0,1,7,2.97,2.97,405,34,156,335
54,1969,1969-06-11,5,0,3,7,2.97,2.97,410,34,159,342
55,1969,1969-06-12,4,1,1,12,2.93,2.93,414,35,160,354
56,1969,1969-06-13,7,0,0,4,2.88,2.88,421,35,160,358
57,1969,1969-06-14,5,1,3,9,2.88,2.88,426,36,163,367
58,1969,1969-06-15,8,0,2,7,2.87,2.87,434,36,165,374
59,1969,1969-06-16,8,2,3,12,2.85,2.85,442,38,168,386
60,1969,,9,2,3,9,2.85,2.85,451,40,171,395
61,1969,,7,0,0,7,2.8,2.8,458,40,171,402
62,1969,1969-06-18,3,0,1,7,2.78,2.78,461,40,172,409
63,1969,1969-06-20,7,0,2,4,2.76,2.76,468,40,174,413
64,1969,1969-06-21,6,0,0,3,2.72,2.72,474,40,174,416
65,1969,1969-06-22,5,0,0,7,2.68,2.68,479,40,174,423
66,1969,1969-06-23,5,1,1,3,2.65,2.65,484,41,175,426
67,1969,1969-06-24,9,3,9,3,2.75,2.75,493,44,184,429
68,1969,1969-06-25,11,2,5,2,2.79,2.79,504,46,189,431
69,1969,1969-06-26,4,0,0,3,2.75,2.75,508,46,189,434
70,1969,1969-06-27,7,2,5,7,2.79,2.79,515,48,194,441
71,1969,1969-06-28,5,0,0,3,2.75,2.75,520,48,194,444
72,1969,1969-06-29,6,0,1,4,2.72,2.72,526,48,195,448
73,1969,1969-06-30,4,0,1,7,2.7,2.7,530,48,196,455
74,1969,1969-07-01,7,1,1,7,2.68,2.68,537,49,197,462
75,1969,1969-07-02,12,1,8,4,2.75,2.75,549,50,205,466
76,1969,1969-07-03,9,1,4,4,2.76,2.76,558,51,209,470
77,1969,1969-07-04,12,0,4,4,2.77,2.77,570,51,213,474
78,1969,1969-07-05,9,2,4,8,2.79,2.79,579,53,217,482
79,1969,1969-07-06,11,3,8,6,2.85,2.85,590,56,225,488
80,1969,1969-07-07,13,1,5,1,2.88,2.88,603,57,230,489
81,1969,,8,1,3,8,2.88,2.88,611,58,233,497
82,1969,,7,1,3,0,2.88,2.88,618,59,236,497
83,1969,1969-07-09,4,0,1,1,2.86,2.86,622,59,237,498
84,1969,1969-07-10,9,0,3,7,2.86,2.86,631,59,240,505
85,1969,1969-07-11,13,0,5,9,2.88,2.88,644,59,245,514
86,1969,1969-07-12,13,0,2,12,2.85,2.85,657,59,247,526
87,1969,1969-07-13,7,1,2,10,2.85,2.85,664,60,249,536
88,1969,1969-07-14,7,1,1,7,2.82,2.82,671,61,250,543
89,1969,1969-07-15,12,1,7,5,2.87,2.87,683,62,257,548
90,1969,1969-07-16,5,1,2,7,2.86,2.86,688,63,259,555
91,1969,1969-07-17,15,3,10,5,2.95,2.95,703,66,269,560
92,1969,1969-07-18,7,1,2,7,2.94,2.94,710,67,271,567
93,1969,1969-07-19,7,3,5,5,2.96,2.96,717,70,276,572
94,1969,1969-07-20,10,2,5,7,2.99,2.99,727,72,281,579
95,1969,1969-07-24,9,0,5,3,3.01,3.01,736,72,286,582
96,1969,1969-07-25,13,0,2,3,3.0,3.0,749,72,288,585
97,1969,1969-07-26,8,0,3,8,3.0,3.0,757,72,291,593
98,1969,1969-07-27,8,2,2,3,2.99,2.99,765,74,293,596
99,1969,,11,2,4,5,2.99,2.99,776,76,297,601
100,1969,,9,2,5,7,3.01,3.01,785,78,302,608
101,1969,1969-07-30,14,0,3,3,3.02,3.02,799,78,305,611
102,1969,1969-07-31,16,0,1,5,2.98,2.98,815,78,306,616
103,1969,1969-08-01,13,0,7,2,3.02,3.02,828,78,313,618
104,1969,1969-08-02,10,1,6,3,3.05,3.05,838,79,319,621
105,1969,1969-08-03,4,0,0,3,3.03,3.03,842,79,319,624
106,1969,1969-08-04,6,2,2,3,3.02,3.02,848,81,321,627
107,1969,1969-08-05,15,3,7,5,3.05,3.05,863,84,328,632
108,1969,1969-08-06,11,3,5,8,3.07,3.07,874,87,333,640
109,1969,1969-08-07,5,0,0,8,3.04,3.04,879,87,333,648
110,1969,1969-08-08,2,0,0,7,3.02,3.02,881,87,333,655
111,1969,1969-08-09,9,3,4,7,3.02,3.02,890,90,337,662
112,1969,1969-08-10,6,0,2,5,3.02,3.02,896,90,339,667
113,1969,1969-08-11,5,1,3,5,3.02,3.02,901,91,342,672
114,1969,1969-08-12,7,0,2,6,3.01,3.01,908,91,344,678
115,1969,1969-08-13,14,0,5,6,3.02,3.02,922,91,349,684
116,1969,1969-08-15,7,1,2,8,3.02,3.02,929,92,351,692
117,1969,1969-08-16,11,0,3,1,3.02,3.02,940,92,354,693
118,1969,1969-08-17,8,2,3,5,3.02,3.02,948,94,357,698
119,1969,1969-08-19,9,0,0,11,2.99,2.99,957,94,357,709
120,1969,1969-08-20,10,1,5,6,3.01,3.01,967,95,362,715
121,1969,1969-08-21,6,0,2,4,3.0,3.0,973,95,364,719
122,1969,1969-08-22,7,1,5,6,3.02,3.02,980,96,369,725
123,1969,1969-08-23,8,1,3,7,3.02,3.02,988,97,372,732
124,1969,1969-08-24,13,0,5,8,3.04,3.04,1001,97,377,740
125,1969,1969-08-26,7,0,0,5,3.02,3.02,1008,97,377,745
126,1969,1969-08-27,7,1,2,2,3.01,3.01,1015,98,379,747
127,1969,1969-08-28,10,2,9,8,3.05,3.05,1025,100,388,755
128,1969,1969-08-29,8,2,2,8,3.05,3.05,1033,102,390,763
129,1969,1969-08-30,4,0,0,9,3.02,3.02,1037,102,390,772
130,1969,1969-08-31,6,0,1,7,3.01,3.01,1043,102,391,779
131,1969,1969-09-01,10,2,5,4,3.02,3.02,1053,104,396,783
132,1969,1969-09-02,8,2,5,9,3.04,3.04,1061,106,401,792
133,1969,1969-09-03,8,2,4,2,3.04,3.04,1069,108,405,794
134,1969,1969-09-04,7,1,3,8,3.05,3.05,1076,109,408,802
135,1969,1969-09-05,11,1,4,5,3.06,3.06,1087,110,412,807
136,1969,1969-09-06,9,0,3,6,3.06,3.06,1096,110,415,813
137,1969,1969-09-07,10,0,4,6,3.07,3.07,1106,110,419,819
138,1969,1969-09-08,11,0,0,4,3.05,3.05,1117,110,419,823
139,1969,1969-09-09,7,0,2,2,3.04,3.04,1124,110,421,825
140,1969,1969-09-10,10,1,8,7,3.07,3.07,1134,111,429,832
141,1969,1969-09-11,4,0,0,7,3.05,3.05,1138,111,429,839
142,1969,1969-09-12,6,1,2,8,3.05,3.05,1144,112,431,847
143,1969,1969-09-13,9,0,1,5,3.03,3.03,1153,112,432,852
144,1969,1969-09-14,4,1,1,9,3.02,3.02,1157,113,433,861
145,1969,1969-09-15,10,0,4,5,3.02,3.02,1167,113,437,866
146,1969,,7,0,1,7,3.01,3.01,1174,113,438,873
147,1969,,10,0,2,10,3.0,3.0,1184,113,440,883
148,1969,1969-09-17,16,1,6,4,3.01,3.01,1200,114,446,887
149,1969,1969-09-18,7,1,2,3,3.0,3.0,1207,115,448,890
150,1969,1969-09-19,7,1,5,6,3.02,3.02,1214,116,453,896
151,1969,1969-09-20,8,0,5,4,3.03,3.03,1222,116,458,900
152,1969,1969-09-21,10,0,3,5,3.03,3.03,1232,116,461,905
153,1969,1969-09-22,7,0,2,10,3.03,3.03,1239,116,463,915
154,1969,,14,0,6,4,3.05,3.05,1253,116,469,919
155,1969,,12,1,4,7,3.06,3.06,1265,117,473,926
156,1969,1969-09-24,8,1,6,11,3.08,3.08,1273,118,479,937
157,1969,1969-09-26,6,0,2,8,3.07,3.07,1279,118,481,945
158,1969,1969-09-27,6,1,1,7,3.05,3.05,1285,119,482,952
159,1969,1969-09-28,9,1,8,6,3.08,3.08,1294,120,490,958
160,1969,1969-09-30,10,2,5,6,3.1,3.1,1304,122,495,964
161,1969,1969-10-01,8,0,2,5,3.09,3.09,1312,122,497,969
162,1969,1969-10-02,12,0,3,6,3.09,3.09,1324,122,500,975
1,1970,1970-04-07,11,0,2,3,2.0,2.0,11,0,2,3
2,1970,1970-04-08,8,0,4,11,3.0,3.0,19,0,6,14
3,1970,1970-04-09,9,1,3,9,3.0,3.0,28,1,9,23
4,1970,1970-04-10,11,1,6,4,3.75,3.75,39,2,15,27
5,1970,1970-04-11,8,1,4,6,3.8,3.8,47,3,19,33
6,1970,1970-04-12,4,0,0,6,3.17,3.17,51,3,19,39
7,1970,1970-04-13,2,0,0,4,2.71,2.71,53,3,19,43
8,1970,1970-04-14,5,0,2,5,2.62,2.62,58,3,21,48
9,1970,1970-04-15,7,0,3,5,2.7,2.7,65,3,24,53
10,1970,1970-04-16,14,2,10,6,3.48,3.48,79,5,34,59
11,1970,1970-04-18,8,2,4,3,3.53,3.53,87,7,38,62
12,1970,1970-04-19,6,0,1,4,3.31,3.31,93,7,39,66
13,1970,1970-04-22,6,0,1,6,3.13,3.13,99,7,40,72
14,1970,1970-04-24,8,0,0,10,2.77,2.77,107,7,40,82
15,1970,1970-04-25,6,0,0,6,2.59,2.59,113,7,40,88
16,1970,1970-04-26,5,2,3,4,2.61,2.61,118,9,43,92
17,1970,1970-04-27,8,0,4,7,2.69,2.69,126,9,47,99
18,1970,1970-04-28,6,2,3,5,2.69,2.69,132,11,50,104
19,1970,1970-04-29,5,0,1,3,2.61,2.61,137,11,51,107
20,1970,1970-04-30,4,1,1,3,2.53,2.53,141,12,52,110
21,1970,1970-05-01,9,0,1,7,2.46,2.46,150,12,53,117
22,1970,1970-05-02,4,0,3,2,2.48,2.48,154,12,56,119
23,1970,1970-05-03,9,0,1,2,2.42,2.42,163,12,57,121
24,1970,1970-05-05,6,0,0,6,2.32,2.32,169,12,57,127
25,1970,1970-05-06,9,0,5,4,2.44,2.44,178,12,62,131
26,1970,1970-05-07,5,0,2,8,2.41,2.41,183,12,64,139
27,1970,1970-05-08,7,3,4,8,2.44,2.44,190,15,68,147
28,1970,1970-05-09,9,1,3,12,2.41,2.41,199,16,71,159
29,1970,1970-05-10,4,0,0,4,2.33,2.33,203,16,71,163
30,1970,1970-05-12,13,2,5,3,2.42,2.42,216,18,76,166
31,1970,1970-05-13,8,2,6,2,2.53,2.53,224,20,82,168
32,1970,1970-05-14,8,1,3,2,2.54,2.54,232,21,85,170
33,1970,1970-05-15,10,2,5,8,2.61,2.61,242,23,90,178
34,1970,1970-05-16,8,2,5,7,2.68,2.68,250,25,95,185
35,1970,1970-05-17,4,0,0,4,2.61,2.61,254,25,95,189
36,1970,1970-05-18,10,0,2,6,2.59,2.59,264,25,97,195
37,1970,1970-05-19,8,2,3,8,2.6,2.6,272,27,100,203
38,1970,1970-05-20,11,2,10,10,2.8,2.8,283,29,110,213
39,1970,1970-05-21,7,2,3,6,2.8,2.8,290,31,113,219
40,1970,1970-05-22,3,0,1,4,2.76,2.76,293,31,114,223
41,1970,1970-05-23,10,2,5,7,2.81,2.81,303,33,119,230
42,1970,1970-05-24,11,0,1,3,2.77,2.77,314,33,120,233
43,1970,1970-05-26,12,0,3,3,2.77,2.77,326,33,123,236
44,1970,1970-05-27,13,3,8,4,2.9,2.9,339,36,131,240
45,1970,1970-05-28,7,3,4,5,2.93,2.93,346,39,135,245
46,1970,1970-05-29,9,0,4,9,2.95,2.95,355,39,139,254
47,1970,1970-05-30,14,0,6,4,3.01,3.01,369,39,145,258
48,1970,1970-05-31,15,1,6,4,3.06,3.06,384,40,151,262
49,1970,1970-06-01,6,0,4,4,3.1,3.1,390,40,155,266
50,1970,1970-06-03,13,0,5,5,3.13,3.13,403,40,160,271
51,1970,1970-06-04,6,0,0,1,3.07,3.07,409,40,160,272
52,1970,1970-06-05,10,0,3,4,3.07,3.07,419,40,163,276
53,1970,1970-06-06,14,1,7,8,3.13,3.13,433,41,170,284
54,1970,1970-06-07,7,0,3,7,3.13,3.13,440,41,173,291
55,1970,1970-06-09,9,0,3,7,3.13,3.13,449,41,176,298
56,1970,1970-06-10,7,0,2,7,3.11,3.11,456,41,178,305
57,1970,1970-06-11,7,0,1,13,3.06,3.06,463,41,179,318
58,1970,1970-06-12,4,1,2,4,3.04,3.04,467,42,181,322
59,1970,1970-06-13,9,2,7,7,3.1,3.1,476,44,188,329
60,1970,1970-06-14,7,2,4,5,3.12,3.12,483,46,192,334
61,1970,1970-06-15,9,1,5,2,3.15,3.15,492,47,197,336
62,1970,1970-06-16,4,0,0,9,3.1,3.1,496,47,197,345
63,1970,1970-06-17,7,0,0,5,3.05,3.05,503,47,197,350
64,1970,1970-06-19,5,1,1,6,3.02,3.02,508,48,198,356
65,1970,1970-06-20,9,3,5,5,3.06,3.06,517,51,203,361
66,1970,,11,0,3,7,3.05,3.05,528,51,206,368
67,1970,,14,3,9,6,3.15,3.15,542,54,215,374
68,1970,1970-06-22,9,1,2,1,3.13,3.13,551,55,217,375
69,1970,1970-06-23,2,0,0,5,3.09,3.09,553,55,217,380
70,1970,1970-06-24,6,0,0,5,3.04,3.04,559,55,217,385
71,1970,1970-06-26,6,0,1,5,3.01,3.01,565,55,218,390
72,1970,1970-06-27,5,4,4,12,3.03,3.03,570,59,222,402
73,1970,1970-06-28,7,0,0,4,2.99,2.99,577,59,222,406
74,1970,1970-06-29,13,2,10,8,3.08,3.08,590,61,232,414
75,1970,1970-06-30,10,1,4,6,3.09,3.09,600,62,236,420
76,1970,1970-07-01,8,0,2,2,3.08,3.08,608,62,238,422
77,1970,1970-07-03,10,3,6,9,3.11,3.11,618,65,244,431
78,1970,1970-07-04,7,2,2,0,3.1,3.1,625,67,246,431
79,1970,1970-07-05,2,0,0,6,3.06,3.06,627,67,246,437
80,1970,1970-07-06,13,1,7,3,3.11,3.11,640,68,253,440
81,1970,1970-07-07,7,0,2,4,3.09,3.09,647,68,255,444
82,1970,1970-07-08,9,1,5,8,3.12,3.12,656,69,260,452
83,1970,1970-07-09,14,2,9,6,3.19,3.19,670,71,269,458
84,1970,1970-07-10,9,4,7,10,3.23,3.23,679,75,276,468
85,1970,1970-07-11,8,1,3,3,3.24,3.24,687,76,279,471
86,1970,1970-07-12,9,1,4,10,3.25,3.25,696,77,283,481
87,1970,1970-07-16,6,1,1,7,3.22,3.22,702,78,284,488
88,1970,1970-07-17,5,0,0,12,3.18,3.18,707,78,284,500
89,1970,1970-07-18,13,0,4,5,3.19,3.19,720,78,288,505
90,1970,,15,2,6,4,3.22,3.22,735,80,294,509
91,1970,,6,2,3,4,3.22,3.22,741,82,297,513
92,1970,1970-07-20,0,0,0,10,3.19,3.19,741,82,297,523
93,1970,1970-07-21,8,3,5,3,3.21,3.21,749,85,302,526
94,1970,1970-07-22,12,2,9,5,3.27,3.27,761,87,311,531
95,1970,1970-07-24,6,0,2,8,3.25,3.25,767,87,313,539
96,1970,1970-07-25,7,1,5,2,3.27,3.27,774,88,318,541
97,1970,1970-07-26,11,2,3,5,3.27,3.27,785,90,321,546
98,1970,1970-07-27,15,3,10,5,3.34,3.34,800,93,331,551
99,1970,1970-07-28,8,0,2,8,3.33,3.33,808,93,333,559
100,1970,1970-07-30,6,0,3,10,3.32,3.32,814,93,336,569
101,1970,1970-07-31,10,1,3,3,3.32,3.32,824,94,339,572
102,1970,,12,3,10,4,3.39,3.39,836,97,349,576
103,1970,,6,3,5,5,3.41,3.41,842,100,354,581
104,1970,1970-08-02,5,0,2,5,3.4,3.4,847,100,356,586
105,1970,1970-08-03,9,2,5,13,3.41,3.41,856,102,361,599
106,1970,1970-08-04,12,3,8,7,3.45,3.45,868,105,369,606
107,1970,1970-08-05,7,1,2,3,3.44,3.44,875,106,371,609
108,1970,1970-08-06,14,0,2,7,3.43,3.43,889,106,373,616
109,1970,1970-08-07,7,1,4,3,3.43,3.43,896,107,377,619
110,1970,1970-08-08,14,5,10,9,3.49,3.49,910,112,387,628
111,1970,,8,2,3,8,3.49,3.49,918,114,390,636
112,1970,,6,0,3,7,3.48,3.48,924,114,393,643
113,1970,1970-08-11,10,0,3,4,3.48,3.48,934,114,396,647
114,1970,1970-08-12,8,0,3,4,3.47,3.47,942,114,399,651
115,1970,1970-08-14,12,4,9,3,3.52,3.52,954,118,408,654
116,1970,,10,2,7,4,3.55,3.55,964,120,415,658
117,1970,,15,4,13,6,3.64,3.64,979,124,428,664
118,1970,1970-08-16,11,0,5,2,3.65,3.65,990,124,433,666
119,1970,1970-08-17,14,0,10,5,3.71,3.71,1004,124,443,671
120,1970,1970-08-18,5,0,2,4,3.69,3.69,1009,124,445,675
121,1970,1970-08-19,7,2,2,8,3.68,3.68,1016,126,447,683
122,1970,1970-08-21,7,0,1,3,3.66,3.66,1023,126,448,686
123,1970,1970-08-22,11,0,2,13,3.62,3.62,1034,126,450,699
124,1970,1970-08-23,23,2,10,2,3.67,3.67,1057,128,460,701
125,1970,1970-08-24,8,1,3,4,3.67,3.67,1065,129,463,705
126,1970,1970-08-25,9,0,1,3,3.65,3.65,1074,129,464,708
127,1970,1970-08-26,10,1,5,4,3.66,3.66,1084,130,469,712
128,1970,1970-08-28,5,1,1,7,3.64,3.64,1089,131,470,719
129,1970,1970-08-29,8,1,2,4,3.62,3.62,1097,132,472,723
130,1970,1970-08-30,7,1,2,4,3.61,3.61,1104,133,474,727
131,1970,,10,1,3,5,3.61,3.61,1114,134,477,732
132,1970,,5,1,1,6,3.59,3.59,1119,135,478,738
133,1970,1970-09-02,9,1,4,3,3.59,3.59,1128,136,482,741
134,1970,1970-09-03,15,3,11,2,3.65,3.65,1143,139,493,743
135,1970,1970-09-04,10,0,4,2,3.66,3.66,1153,139,497,745
136,1970,1970-09-05,12,1,7,3,3.68,3.68,1165,140,504,748
137,1970,1970-09-06,7,2,3,2,3.68,3.68,1172,142,507,750
138,1970,,6,1,3,8,3.67,3.67,1178,143,510,758
139,1970,,8,1,1,3,3.65,3.65,1186,144,511,761
140,1970,1970-09-08,10,1,3,0,3.65,3.65,1196,145,514,761
141,1970,1970-09-09,10,1,6,3,3.67,3.67,1206,146,520,764
142,1970,1970-09-10,19,2,13,3,3.73,3.73,1225,148,533,767
143,1970,1970-09-11,8,0,4,7,3.74,3.74,1233,148,537,774
144,1970,1970-09-12,11,1,8,4,3.77,3.77,1244,149,545,778
145,1970,1970-09-13,8,0,2,10,3.75,3.75,1252,149,547,788
146,1970,1970-09-14,11,1,4,2,3.75,3.75,1263,150,551,790
147,1970,1970-09-15,8,2,2,10,3.74,3.74,1271,152,553,800
148,1970,1970-09-16,11,1,4,4,3.74,3.74,1282,153,557,804
149,1970,1970-09-17,9,2,10,5,3.79,3.79,1291,155,567,809
150,1970,1970-09-18,6,0,2,6,3.77,3.77,1297,155,569,815
151,1970,1970-09-19,9,1,4,6,3.78,3.78,1306,156,573,821
152,1970,1970-09-20,11,0,6,8,3.78,3.78,1317,156,579,829
153,1970,1970-09-21,12,1,7,6,3.8,3.8,1329,157,586,835
154,1970,1970-09-22,3,0,0,3,3.77,3.77,1332,157,586,838
155,1970,1970-09-23,15,3,14,3,3.84,3.84,1347,160,600,841
156,1970,1970-09-25,6,1,3,6,3.83,3.83,1353,161,603,847
157,1970,1970-09-26,8,1,3,6,3.83,3.83,1361,162,606,853
158,1970,1970-09-27,11,1,6,5,3.84,3.84,1372,163,612,858
159,1970,1970-09-29,9,0,2,6,3.83,3.83,1381,163,614,864
160,1970,1970-09-30,6,0,1,6,3.82,3.82,1387,163,615,870
161,1970,1970-10-01,7,1,4,10,3.82,3.82,1394,164,619,880
1,1971,1971-04-05,5,0,5,3,5.62,5.62,5,0,5,3
2,1971,1971-04-06,4,0,0,1,2.65,2.65,9,0,5,4
3,1971,1971-04-07,6,0,1,4,2.16,2.16,15,0,6,8
4,1971,1971-04-09,8,0,3,10,2.38,2.38,23,0,9,18
5,1971,1971-04-10,3,2,2,5,2.3,2.3,26,2,11,23
6,1971,1971-04-11,9,4,8,5,3.29,3.29,35,6,19,28
7,1971,1971-04-12,5,0,3,4,3.25,3.25,40,6,22,32
8,1971,1971-04-13,7,1,3,9,3.21,3.21,47,7,25,41
9,1971,1971-04-14,12,2,7,2,3.65,3.65,59,9,32,43
10,1971,1971-04-15,9,0,1,2,3.38,3.38,68,9,33,45
11,1971,1971-04-16,10,0,5,4,3.49,3.49,78,9,38,49
12,1971,1971-04-17,10,1,4,8,3.53,3.53,88,10,42,57
13,1971,1971-04-18,15,1,8,4,3.88,3.88,103,11,50,61
14,1971,1971-04-19,7,0,2,0,3.74,3.74,110,11,52,61
15,1971,1971-04-20,5,0,2,3,3.63,3.63,115,11,54,64
16,1971,1971-04-21,9,0,1,5,3.46,3.46,124,11,55,69
17,1971,1971-04-23,5,0,0,6,3.26,3.26,129,11,55,75
18,1971,1971-04-24,10,1,4,11,3.3,3.3,139,12,59,86
19,1971,,5,0,2,1,3.23,3.23,144,12,61,87
20,1971,,6,1,2,2,3.19,3.19,150,13,63,89
21,1971,1971-04-27,13,2,5,3,3.27,3.27,163,15,68,92
22,1971,1971-04-28,11,0,6,6,3.42,3.42,174,15,74,98
23,1971,1971-04-29,6,0,1,3,3.31,3.31,180,15,75,101
24,1971,1971-04-30,11,0,4,3,3.35,3.35,191,15,79,104
25,1971,1971-05-01,10,3,7,4,3.51,3.51,201,18,86,108
26,1971,1971-05-02,7,2,4,3,3.54,3.54,208,20,90,111
27,1971,1971-05-04,3,0,0,5,3.41,3.41,211,20,90,116
28,1971,1971-05-05,11,2,7,7,3.54,3.54,222,22,97,123
29,1971,1971-05-06,9,1,2,3,3.49,3.49,231,23,99,126
30,1971,1971-05-07,7,1,3,11,3.47,3.47,238,24,102,137
31,1971,1971-05-08,12,1,5,7,3.52,3.52,250,25,107,144
32,1971,1971-05-09,14,0,11,3,3.76,3.76,264,25,118,147
33,1971,1971-05-11,6,0,1,6,3.67,3.67,270,25,119,153
34,1971,1971-05-12,5,0,0,5,3.56,3.56,275,25,119,158
35,1971,1971-05-14,9,2,4,4,3.59,3.59,284,27,123,162
36,1971,1971-05-15,2,0,1,8,3.52,3.52,286,27,124,170
37,1971,1971-05-16,8,1,6,7,3.59,3.59,294,28,130,177
38,1971,1971-05-18,11,0,6,7,3.66,3.66,305,28,136,184
39,1971,1971-05-19,9,0,4,3,3.67,3.67,314,28,140,187
40,1971,1971-05-20,7,1,5,5,3.72,3.72,321,29,145,192
41,1971,1971-05-21,8,1,1,3,3.65,3.65,329,30,146,195
42,1971,1971-05-22,10,0,5,4,3.69,3.69,339,30,151,199
43,1971,1971-05-23,15,1,3,6,3.68,3.68,354,31,154,205
44,1971,1971-05-25,13,1,9,8,3.8,3.8,367,32,163,213
45,1971,1971-05-26,11,3,6,7,3.85,3.85,378,35,169,220
46,1971,1971-05-27,4,1,1,8,3.79,3.79,382,36,170,228
47,1971,1971-05-28,7,1,2,4,3.75,3.75,389,37,172,232
48,1971,1971-05-29,5,1,3,6,3.73,3.73,394,38,175,238
49,1971,1971-05-30,7,0,1,6,3.65,3.65,401,38,176,244
50,1971,1971-05-31,4,0,0,9,3.58,3.58,405,38,176,253
51,1971,1971-06-01,9,0,3,6,3.56,3.56,414,38,179,259
52,1971,1971-06-02,5,1,1,5,3.51,3.51,419,39,180,264
53,1971,1971-06-04,10,0,1,6,3.47,3.47,429,39,181,270
54,1971,1971-06-05,10,0,0,2,3.4,3.4,439,39,181,272
55,1971,1971-06-06,6,0,2,2,3.38,3.38,445,39,183,274
56,1971,1971-06-08,6,1,2,7,3.35,3.35,451,40,185,281
57,1971,1971-06-09,13,3,7,5,3.42,3.42,464,43,192,286
58,1971,1971-06-10,8,0,4,4,3.44,3.44,472,43,196,290
59,1971,1971-06-11,5,1,1,3,3.4,3.4,477,44,197,293
60,1971,1971-06-12,7,1,3,5,3.39,3.39,484,45,200,298
61,1971,1971-06-13,7,0,1,3,3.35,3.35,491,45,201,301
62,1971,1971-06-14,7,0,2,6,3.33,3.33,498,45,203,307
63,1971,1971-06-15,5,0,0,8,3.27,3.27,503,45,203,315
64,1971,1971-06-16,9,2,6,8,3.32,3.32,512,47,209,323
65,1971,1971-06-18,6,0,4,7,3.33,3.33,518,47,213,330
66,1971,1971-06-19,1,0,0,3,3.28,3.28,519,47,213,333
67,1971,1971-06-20,17,0,4,1,3.29,3.29,536,47,217,334
68,1971,1971-06-21,6,0,0,1,3.24,3.24,542,47,217,335
69,1971,1971-06-22,14,0,6,6,3.28,3.28,556,47,223,341
70,1971,1971-06-23,7,0,3,8,3.28,3.28,563,47,226,349
71,1971,1971-06-24,9,0,2,3,3.26,3.26,572,47,228,352
72,1971,1971-06-25,14,2,5,5,3.28,3.28,586,49,233,357
73,1971,,10,1,2,5,3.26,3.26,596,50,235,362
74,1971,,10,1,3,8,3.24,3.24,606,51,238,370
75,1971,1971-06-27,4,0,1,6,3.21,3.21,610,51,239,376
76,1971,1971-06-28,11,1,4,3,3.22,3.22,621,52,243,379
77,1971,1971-06-29,10,0,2,0,3.21,3.21,631,52,245,379
78,1971,1971-06-30,10,3,9,4,3.29,3.29,641,55,254,383
79,1971,1971-07-01,5,0,0,4,3.25,3.25,646,55,254,387
80,1971,1971-07-02,12,0,2,4,3.23,3.23,658,55,256,391
81,1971,1971-07-03,6,0,0,4,3.19,3.19,664,55,256,395
82,1971,1971-07-04,6,0,4,5,3.2,3.2,670,55,260,400
83,1971,1971-07-05,11,0,2,8,3.19,3.19,681,55,262,408
84,1971,1971-07-06,10,0,0,4,3.15,3.15,691,55,262,412
85,1971,,11,1,6,5,3.18,3.18,702,56,268,417
86,1971,,6,1,3,3,3.18,3.18,708,57,271,420
87,1971,1971-07-08,11,0,3,4,3.18,3.18,719,57,274,424
88,1971,1971-07-09,16,0,5,4,3.2,3.2,735,57,279,428
89,1971,1971-07-10,10,0,3,8,3.2,3.2,745,57,282,436
90,1971,1971-07-11,8,1,3,6,3.19,3.19,753,58,285,442
91,1971,1971-07-15,6,0,0,4,3.16,3.16,759,58,285,446
92,1971,1971-07-16,12,0,3,4,3.16,3.16,771,58,288,450
93,1971,1971-07-17,13,3,10,2,3.24,3.24,784,61,298,452
94,1971,,7,0,1,4,3.22,3.22,791,61,299,456
95,1971,,10,2,7,7,3.26,3.26,801,63,306,463
96,1971,1971-07-19,11,1,4,3,3.27,3.27,812,64,310,466
97,1971,1971-07-20,10,1,7,8,3.31,3.31,822,65,317,474
98,1971,1971-07-21,9,0,4,8,3.32,3.32,831,65,321,482
99,1971,1971-07-22,7,2,3,5,3.32,3.32,838,67,324,487
100,1971,1971-07-23,10,2,5,10,3.34,3.34,848,69,329,497
101,1971,1971-07-24,11,1,1,9,3.3,3.3,859,70,330,506
102,1971,1971-07-25,10,0,2,3,3.29,3.29,869,70,332,509
103,1971,1971-07-27,10,0,5,5,3.3,3.3,879,70,337,514
104,1971,1971-07-28,10,1,4,8,3.31,3.31,889,71,341,522
105,1971,1971-07-29,14,3,8,5,3.36,3.36,903,74,349,527
106,1971,1971-07-30,6,1,2,10,3.34,3.34,909,75,351,537
107,1971,1971-07-31,3,0,1,8,3.32,3.32,912,75,352,545
108,1971,1971-08-01,7,2,4,3,3.32,3.32,919,77,356,548
109,1971,1971-08-02,10,1,4,3,3.33,3.33,929,78,360,551
110,1971,1971-08-03,6,0,1,2,3.31,3.31,935,78,361,553
111,1971,1971-08-04,9,0,2,6,3.3,3.3,944,78,363,559
112,1971,1971-08-05,6,0,0,10,3.27,3.27,950,78,363,569
113,1971,1971-08-07,8,0,2,3,3.25,3.25,958,78,365,572
114,1971,1971-08-08,4,0,1,5,3.23,3.23,962,78,366,577
115,1971,1971-08-09,10,0,5,6,3.25,3.25,972,78,371,583
116,1971,1971-08-10,6,0,1,7,3.23,3.23,978,78,372,590
117,1971,1971-08-11,4,0,1,3,3.21,3.21,982,78,373,593
118,1971,1971-08-12,12,0,2,2,3.19,3.19,994,78,375,595
119,1971,1971-08-13,6,0,0,6,3.16,3.16,1000,78,375,601
120,1971,1971-08-14,8,1,3,4,3.16,3.16,1008,79,378,605
121,1971,1971-08-15,12,2,6,9,3.18,3.18,1020,81,384,614
122,1971,1971-08-16,14,0,6,5,3.21,3.21,1034,81,390,619
123,1971,1971-08-17,3,0,0,5,3.18,3.18,1037,81,390,624
124,1971,1971-08-18,7,0,3,8,3.18,3.18,1044,81,393,632
125,1971,1971-08-20,13,1,5,7,3.19,3.19,1057,82,398,639
126,1971,1971-08-21,7,0,3,4,3.19,3.19,1064,82,401,643
127,1971,1971-08-22,8,0,3,8,3.19,3.19,1072,82,404,651
128,1971,1971-08-23,11,3,10,5,3.25,3.25,1083,85,414,656
129,1971,1971-08-24,9,1,4,5,3.26,3.26,1092,86,418,661
130,1971,1971-08-25,7,0,1,2,3.24,3.24,1099,86,419,663
131,1971,,12,1,9,5,3.29,3.29,1111,87,428,668
132,1971,,6,1,2,7,3.28,3.28,1117,88,430,675
133,1971,1971-08-29,8,1,4,4,3.28,3.28,1125,89,434,679
134,1971,1971-08-30,7,0,2,2,3.27,3.27,1132,89,436,681
135,1971,1971-08-31,9,0,1,3,3.26,3.26,1141,89,437,684
136,1971,1971-09-01,4,0,2,12,3.25,3.25,1145,89,439,696
137,1971,1971-09-02,8,1,8,5,3.28,3.28,1153,90,447,701
138,1971,1971-09-03,11,1,5,9,3.3,3.3,1164,91,452,710
139,1971,1971-09-04,4,0,0,7,3.27,3.27,1168,91,452,717
140,1971,1971-09-05,10,0,6,5,3.29,3.29,1178,91,458,722
141,1971,1971-09-06,4,0,1,11,3.28,3.28,1182,91,459,733
142,1971,1971-09-07,5,0,1,6,3.26,3.26,1187,91,460,739
143,1971,1971-09-08,2,0,0,5,3.24,3.24,1189,91,460,744
144,1971,1971-09-09,12,0,2,3,3.23,3.23,1201,91,462,747
145,1971,1971-09-10,9,0,2,9,3.22,3.22,1210,91,464,756
146,1971,1971-09-12,8,0,2,8,3.21,3.21,1218,91,466,764
147,1971,1971-09-13,7,1,2,10,3.2,3.2,1225,92,468,774
148,1971,1971-09-14,7,3,5,3,3.22,3.22,1232,95,473,777
149,1971,1971-09-15,10,1,1,10,3.2,3.2,1242,96,474,787
150,1971,1971-09-16,9,3,4,6,3.21,3.21,1251,99,478,793
151,1971,1971-09-17,11,3,3,6,3.2,3.2,1262,102,481,799
152,1971,1971-09-18,17,3,9,4,3.24,3.24,1279,105,490,803
153,1971,,3,0,0,4,3.22,3.22,1282,105,490,807
154,1971,,6,0,0,5,3.2,3.2,1288,105,490,812
155,1971,1971-09-21,14,2,8,5,3.23,3.23,1302,107,498,817
156,1971,1971-09-22,7,0,4,6,3.24,3.24,1309,107,502,823
157,1971,1971-09-24,8,0,0,2,3.22,3.22,1317,107,502,825
158,1971,1971-09-25,11,1,4,7,3.22,3.22,1328,108,506,832
159,1971,1971-09-26,9,1,2,3,3.21,3.21,1337,109,508,835
160,1971,1971-09-28,3,0,1,6,3.2,3.2,1340,109,509,841
161,1971,1971-09-29,17,1,11,6,3.25,3.25,1357,110,520,847
162,1971,1971-09-30,6,0,1,6,3.23,3.23,1363,110,521,853
1,1972,1972-04-15,3,1,1,7,1.0,1.0,3,1,1,7
2,1972,1972-04-16,11,1,8,6,4.76,4.76,14,2,9,13
3,1972,1972-04-17,6,1,2,7,3.81,3.81,20,3,11,20
4,1972,1972-04-18,4,0,1,5,3.09,3.09,24,3,12,25
5,1972,1972-04-19,2,0,0,2,2.45,2.45,26,3,12,27
6,1972,1972-04-20,7,1,1,2,2.21,2.21,33,4,13,29
7,1972,1972-04-21,6,0,1,6,2.03,2.03,39,4,14,35
8,1972,1972-04-22,7,0,0,6,1.77,1.77,46,4,14,41
9,1972,1972-04-23,7,0,2,5,1.8,1.8,53,4,16,46
10,1972,1972-04-25,5,0,1,10,1.72,1.72,58,4,17,56
11,1972,1972-04-26,6,0,0,4,1.56,1.56,64,4,17,60
12,1972,1972-04-27,16,0,7,6,2.02,2.02,80,4,24,66
13,1972,1972-04-28,8,1,6,6,2.33,2.33,88,5,30,72
14,1972,1972-04-29,9,0,1,4,2.23,2.23,97,5,31,76
15,1972,1972-04-30,7,0,0,6,2.08,2.08,104,5,31,82
16,1972,1972-05-01,7,1,2,4,2.08,2.08,111,6,33,86
17,1972,1972-05-02,14,1,6,7,2.31,2.31,125,7,39,93
18,1972,1972-05-03,10,0,3,5,2.35,2.35,135,7,42,98
19,1972,1972-05-05,8,0,2,4,2.34,2.34,143,7,44,102
20,1972,1972-05-07,3,0,0,4,2.18,2.18,146,7,44,106
21,1972,1972-05-08,11,0,2,5,2.18,2.18,157,7,46,111
22,1972,1972-05-10,10,1,4,9,2.21,2.21,167,8,50,120
23,1972,,5,1,1,5,2.17,2.17,172,9,51,125
24,1972,,11,0,2,1,2.16,2.16,183,9,53,126
25,1972,1972-05-12,4,0,1,10,2.11,2.11,187,9,54,136
26,1972,1972-05-13,8,0,1,1,2.07,2.07,195,9,55,137
27,1972,1972-05-15,6,0,1,7,2.03,2.03,201,9,56,144
28,1972,1972-05-16,4,0,0,7,1.96,1.96,205,9,56,151
29,1972,1972-05-17,4,0,1,0,1.94,1.94,209,9,57,151
30,1972,1972-05-18,4,1,3,9,1.96,1.96,213,10,60,160
31,1972,1972-05-19,6,0,0,3,1.89,1.89,219,10,60,163
32,1972,1972-05-20,2,0,0,3,1.84,1.84,221,10,60,166
33,1972,1972-05-21,6,1,2,4,1.84,1.84,227,11,62,170
34,1972,1972-05-22,11,4,9,5,2.05,2.05,238,15,71,175
35,1972,1972-05-23,7,2,4,7,2.1,2.1,245,17,75,182
36,1972,1972-05-24,3,0,1,5,2.07,2.07,248,17,76,187
37,1972,1972-05-26,11,0,3,4,2.1,2.1,259,17,79,191
38,1972,1972-05-27,10,0,3,7,2.13,2.13,269,17,82,198
39,1972,1972-05-28,11,0,4,5,2.16,2.16,280,17,86,203
40,1972,1972-05-29,4,0,1,5,2.13,2.13,284,17,87,208
41,1972,1972-05-30,12,1,3,5,2.15,2.15,296,18,90,213
42,1972,1972-05-31,6,0,4,8,2.19,2.19,302,18,94,221
43,1972,1972-06-01,7,0,5,7,2.26,2.26,309,18,99,228
44,1972,1972-06-02,7,0,3,4,2.28,2.28,316,18,102,232
45,1972,1972-06-03,7,0,0,6,2.23,2.23,323,18,102,238
46,1972,1972-06-04,9,2,4,9,2.27,2.27,332,20,106,247
47,1972,1972-06-06,5,0,0,4,2.22,2.22,337,20,106,251
48,1972,1972-06-07,7,2,5,7,2.28,2.28,344,22,111,258
49,1972,1972-06-08,5,0,1,11,2.25,2.25,349,22,112,269
50,1972,1972-06-09,11,0,2,6,2.25,2.25,360,22,114,275
51,1972,1972-06-10,6,0,1,4,2.22,2.22,366,22,115,279
52,1972,1972-06-11,13,1,7,8,2.31,2.31,379,23,122,287
53,1972,1972-06-12,6,0,3,2,2.33,2.33,385,23,125,289
54,1972,1972-06-13,10,0,1,7,2.3,2.3,395,23,126,296
55,1972,1972-06-16,12,2,3,5,2.32,2.32,407,25,129,301
56,1972,1972-06-17,7,1,4,6,2.36,2.36,414,26,133,307
57,1972,1972-06-18,9,1,4,7,2.38,2.38,423,27,137,314
58,1972,1972-06-19,16,3,11,5,2.53,2.53,439,30,148,319
59,1972,1972-06-21,7,1,3,3,2.53,2.53,446,31,151,322
60,1972,1972-06-23,5,0,1,4,2.51,2.51,451,31,152,326
61,1972,,8,0,1,7,2.48,2.48,459,31,153,333
62,1972,,14,1,6,3,2.54,2.54,473,32,159,336
63,1972,1972-06-25,7,0,0,7,2.5,2.5,480,32,159,343
64,1972,1972-06-26,9,0,4,4,2.52,2.52,489,32,163,347
65,1972,1972-06-27,9,0,2,4,2.51,2.51,498,32,165,351
66,1972,1972-06-28,2,0,0,9,2.48,2.48,500,32,165,360
67,1972,1972-06-29,11,2,4,4,2.5,2.5,511,34,169,364
68,1972,1972-06-30,8,3,8,3,2.58,2.58,519,37,177,367
69,1972,1972-07-01,10,3,7,5,2.65,2.65,529,40,184,372
70,1972,1972-07-02,11,2,8,2,2.73,2.73,540,42,192,374
71,1972,1972-07-04,7,2,6,4,2.78,2.78,547,44,198,378
72,1972,1972-07-05,5,1,3,4,2.78,2.78,552,45,201,382
73,1972,1972-07-06,6,2,3,6,2.79,2.79,558,47,204,388
74,1972,1972-07-07,3,0,0,5,2.75,2.75,561,47,204,393
75,1972,1972-07-08,6,0,1,6,2.73,2.73,567,47,205,399
76,1972,1972-07-09,6,0,0,3,2.69,2.69,573,47,205,402
77,1972,,10,1,4,9,2.7,2.7,583,48,209,411
78,1972,,12,1,7,2,2.76,2.76,595,49,216,413
79,1972,1972-07-11,4,0,4,8,2.78,2.78,599,49,220,421
80,1972,1972-07-12,13,0,5,8,2.81,2.81,612,49,225,429
81,1972,1972-07-14,17,0,6,7,2.85,2.85,629,49,231,436
82,1972,1972-07-15,10,0,2,6,2.84,2.84,639,49,233,442
83,1972,1972-07-16,7,0,1,6,2.82,2.82,646,49,234,448
84,1972,1972-07-18,7,0,0,5,2.78,2.78,653,49,234,453
85,1972,1972-07-19,7,0,0,4,2.75,2.75,660,49,234,457
86,1972,1972-07-20,4,0,1,8,2.73,2.73,664,49,235,465
87,1972,1972-07-21,5,0,0,5,2.7,2.7,669,49,235,470
88,1972,1972-07-22,8,1,3,2,2.7,2.7,677,50,238,472
89,1972,1972-07-23,6,0,2,9,2.69,2.69,683,50,240,481
90,1972,1972-07-27,7,1,2,5,2.68,2.68,690,51,242,486
91,1972,1972-07-28,10,0,5,6,2.71,2.71,700,51,247,492
92,1972,1972-07-29,10,1,1,9,2.69,2.69,710,52,248,501
93,1972,,12,0,6,4,2.73,2.73,722,52,254,505
94,1972,,9,2,5,9,2.76,2.76,731,54,259,514
95,1972,1972-07-31,8,0,4,3,2.78,2.78,739,54,263,517
96,1972,1972-08-01,8,1,3,2,2.78,2.78,747,55,266,519
97,1972,1972-08-02,17,2,11,7,2.86,2.86,764,57,277,526
98,1972,1972-08-03,3,0,0,7,2.83,2.83,767,57,277,533
99,1972,1972-08-04,4,0,2,10,2.83,2.83,771,57,279,543
100,1972,1972-08-05,7,0,0,5,2.8,2.8,778,57,279,548
101,1972,1972-08-06,6,0,0,7,2.77,2.77,784,57,279,555
102,1972,1972-08-08,8,0,2,22,2.74,2.74,792,57,281,577
103,1972,1972-08-09,8,0,6,7,2.77,2.77,800,57,287,584
104,1972,1972-08-10,9,0,2,1,2.76,2.76,809,57,289,585
105,1972,1972-08-11,3,1,1,12,2.74,2.74,812,58,290,597
106,1972,1972-08-12,9,0,2,4,2.74,2.74,821,58,292,601
107,1972,1972-08-13,9,1,3,7,2.74,2.74,830,59,295,608
108,1972,1972-08-15,11,1,6,8,2.77,2.77,841,60,301,616
109,1972,1972-08-16,7,1,3,4,2.77,2.77,848,61,304,620
110,1972,1972-08-17,11,1,2,2,2.76,2.76,859,62,306,622
111,1972,1972-08-18,7,0,5,5,2.78,2.78,866,62,311,627
112,1972,1972-08-19,4,1,2,5,2.78,2.78,870,63,313,632
113,1972,1972-08-20,11,1,4,5,2.79,2.79,881,64,317,637
114,1972,1972-08-21,8,1,4,7,2.8,2.8,889,65,321,644
115,1972,1972-08-22,9,0,0,2,2.77,2.77,898,65,321,646
116,1972,1972-08-23,4,0,0,6,2.75,2.75,902,65,321,652
117,1972,,11,2,2,8,2.74,2.74,913,67,323,660
118,1972,,9,0,3,1,2.74,2.74,922,67,326,661
119,1972,1972-08-26,7,0,3,6,2.74,2.74,929,67,329,667
120,1972,1972-08-27,13,0,4,5,2.75,2.75,942,67,333,672
121,1972,1972-08-29,4,0,1,2,2.74,2.74,946,67,334,674
122,1972,1972-08-30,11,2,9,6,2.79,2.79,957,69,343,680
123,1972,1972-08-31,6,1,3,3,2.79,2.79,963,70,346,683
124,1972,,6,0,4,6,2.8,2.8,969,70,350,689
125,1972,,4,0,1,7,2.79,2.79,973,70,351,696
126,1972,1972-09-02,3,0,1,2,2.77,2.77,976,70,352,698
127,1972,1972-09-03,9,0,3,3,2.78,2.78,985,70,355,701
128,1972,,10,2,5,7,2.79,2.79,995,72,360,708
129,1972,,12,0,6,2,2.82,2.82,1007,72,366,710
130,1972,1972-09-05,9,1,4,10,2.83,2.83,1016,73,370,720
131,1972,1972-09-06,10,0,5,6,2.84,2.84,1026,73,375,726
132,1972,1972-09-07,8,2,4,3,2.85,2.85,1034,75,379,729
133,1972,1972-09-08,7,1,4,5,2.86,2.86,1041,76,383,734
134,1972,1972-09-09,3,0,0,4,2.84,2.84,1044,76,383,738
135,1972,1972-09-10,5,0,0,7,2.82,2.82,1049,76,383,745
136,1972,1972-09-11,11,1,4,5,2.83,2.83,1060,77,387,750
137,1972,1972-09-12,7,1,1,3,2.81,2.81,1067,78,388,753
138,1972,1972-09-13,10,0,4,5,2.82,2.82,1077,78,392,758
139,1972,1972-09-15,4,1,2,6,2.82,2.82,1081,79,394,764
140,1972,1972-09-16,7,0,0,6,2.8,2.8,1088,79,394,770
141,1972,1972-09-17,17,1,12,5,2.86,2.86,1105,80,406,775
142,1972,1972-09-18,4,0,2,8,2.86,2.86,1109,80,408,783
143,1972,1972-09-19,9,0,4,2,2.87,2.87,1118,80,412,785
144,1972,1972-09-20,8,0,2,2,2.86,2.86,1126,80,414,787
145,1972,1972-09-22,3,0,0,11,2.84,2.84,1129,80,414,798
146,1972,1972-09-23,7,1,4,10,2.84,2.84,1136,81,418,808
147,1972,1972-09-24,4,0,0,4,2.82,2.82,1140,81,418,812
148,1972,1972-09-25,11,0,4,2,2.83,2.83,1151,81,422,814
149,1972,1972-09-26,8,0,2,5,2.83,2.83,1159,81,424,819
150,1972,1972-09-27,3,0,0,8,2.81,2.81,1162,81,424,827
151,1972,1972-09-29,10,1,4,4,2.82,2.82,1172,82,428,831
152,1972,1972-09-30,6,0,2,8,2.81,2.81,1178,82,430,839
153,1972,1972-10-01,3,0,0,4,2.79,2.79,1181,82,430,843
154,1972,1972-10-03,7,1,3,9,2.8,2.8,1188,83,433,852
155,1972,1972-10-04,8,0,1,4,2.78,2.78,1196,83,434,856
1,1973,1973-04-06,9,0,4,7,4.5,4.5,9,0,4,7
2,1973,1973-04-07,3,2,1,6,2.76,2.76,12,2,5,13
3,1973,1973-04-08,8,0,0,8,1.78,1.78,20,2,5,21
4,1973,1973-04-09,6,1,4,0,2.43,2.43,26,3,9,21
5,1973,1973-04-10,8,1,4,7,2.6,2.6,34,4,13,28
6,1973,1973-04-11,8,2,4,7,2.83,2.83,42,6,17,35
7,1973,1973-04-12,12,0,4,11,3.0,3.0,54,6,21,46
8,1973,1973-04-13,10,0,3,6,3.0,3.0,64,6,24,52
9,1973,1973-04-14,3,0,0,3,2.67,2.67,67,6,24,55
10,1973,1973-04-15,4,1,1,7,2.5,2.5,71,7,25,62
11,1973,1973-04-16,6,0,0,8,2.18,2.18,77,7,25,70
12,1973,1973-04-17,8,0,1,9,2.09,2.09,85,7,26,79
13,1973,1973-04-18,12,0,7,9,2.45,2.45,97,7,33,88
14,1973,1973-04-19,11,1,8,6,2.84,2.84,108,8,41,94
15,1973,1973-04-20,15,1,4,7,2.91,2.91,123,9,45,101
16,1973,1973-04-21,9,0,0,7,2.74,2.74,132,9,45,108
17,1973,1973-04-22,6,1,4,7,2.81,2.81,138,10,49,115
18,1973,1973-04-24,8,0,2,2,2.78,2.78,146,10,51,117
19,1973,1973-04-25,7,1,3,7,2.76,2.76,153,11,54,124
20,1973,1973-04-28,6,0,1,9,2.68,2.68,159,11,55,133
21,1973,,12,2,7,8,2.82,2.82,171,13,62,141
22,1973,,8,0,1,3,2.74,2.74,179,13,63,144
23,1973,1973-05-01,14,3,7,10,2.92,2.92,193,16,70,154
24,1973,1973-05-02,6,0,0,9,2.8,2.8,199,16,70,163
25,1973,1973-05-03,11,0,4,5,2.85,2.85,210,16,74,168
26,1973,1973-05-04,10,0,5,7,2.91,2.91,220,16,79,175
27,1973,1973-05-05,7,0,3,6,2.92,2.92,227,16,82,181
28,1973,1973-05-06,2,0,0,5,2.82,2.82,229,16,82,186
29,1973,1973-05-07,11,5,5,4,2.89,2.89,240,21,87,190
30,1973,1973-05-08,6,3,4,3,2.92,2.92,246,24,91,193
31,1973,1973-05-09,14,2,5,4,2.99,2.99,260,26,96,197
32,1973,1973-05-11,6,0,2,7,2.96,2.96,266,26,98,204
33,1973,1973-05-12,9,1,5,4,3.03,3.03,275,27,103,208
34,1973,1973-05-13,6,0,2,4,3.0,3.0,281,27,105,212
35,1973,1973-05-15,3,2,3,6,3.01,3.01,284,29,108,218
36,1973,1973-05-16,13,0,5,4,3.04,3.04,297,29,113,222
37,1973,1973-05-17,5,0,1,6,2.99,2.99,302,29,114,228
38,1973,1973-05-18,8,1,2,3,2.96,2.96,310,30,116,231
39,1973,1973-05-19,11,1,7,10,3.04,3.04,321,31,123,241
40,1973,,9,1,3,4,3.03,3.03,330,32,126,245
41,1973,,3,2,3,2,3.03,3.03,333,34,129,247
42,1973,1973-05-22,6,0,1,6,2.99,2.99,339,34,130,253
43,1973,1973-05-23,8,1,4,5,3.01,3.01,347,35,134,258
44,1973,1973-05-24,22,0,7,13,3.02,3.02,369,35,141,271
45,1973,1973-05-25,9,0,4,4,3.04,3.04,378,35,145,275
46,1973,1973-05-26,12,0,3,6,3.04,3.04,390,35,148,281
47,1973,1973-05-27,7,1,1,6,3.0,3.0,397,36,149,287
48,1973,1973-05-28,7,0,1,12,2.96,2.96,404,36,150,299
49,1973,1973-05-29,9,1,3,5,2.96,2.96,413,37,153,304
50,1973,1973-05-30,9,2,4,4,2.98,2.98,422,39,157,308
51,1973,1973-06-01,5,0,2,6,2.96,2.96,427,39,159,314
52,1973,1973-06-02,9,2,5,9,3.0,3.0,436,41,164,323
53,1973,1973-06-03,7,1,4,7,3.02,3.02,443,42,168,330
54,1973,1973-06-05,8,0,1,3,2.98,2.98,451,42,169,333
55,1973,1973-06-06,9,1,6,8,3.04,3.04,460,43,175,341
56,1973,1973-06-07,3,0,0,5,2.99,2.99,463,43,175,346
57,1973,1973-06-08,6,1,1,3,2.96,2.96,469,44,176,349
58,1973,1973-06-09,7,1,4,6,2.98,2.98,476,45,180,355
59,1973,1973-06-10,3,0,0,0,2.93,2.93,479,45,180,355
60,1973,1973-06-11,6,2,3,6,2.93,2.93,485,47,183,361
61,1973,1973-06-12,8,1,5,6,2.96,2.96,493,48,188,367
62,1973,1973-06-13,12,2,8,5,3.05,3.05,505,50,196,372
63,1973,1973-06-15,10,1,3,5,3.05,3.05,515,51,199,377
64,1973,1973-06-16,7,1,2,1,3.05,3.05,522,52,201,378
65,1973,1973-06-17,7,1,2,6,3.02,3.02,529,53,203,384
66,1973,1973-06-18,7,2,3,8,3.02,3.02,536,55,206,392
67,1973,1973-06-19,7,0,0,2,2.98,2.98,543,55,206,394
68,1973,1973-06-20,12,1,5,7,3.0,3.0,555,56,211,401
69,1973,1973-06-21,4,0,0,2,2.95,2.95,559,56,211,403
70,1973,1973-06-22,7,1,2,11,2.94,2.94,566,57,213,414
71,1973,,6,1,4,5,2.95,2.95,572,58,217,419
72,1973,,3,0,1,3,2.93,2.93,575,58,218,422
73,1973,1973-06-24,7,0,1,2,2.9,2.9,582,58,219,424
74,1973,1973-06-25,7,0,2,3,2.89,2.89,589,58,221,427
75,1973,1973-06-26,2,0,0,5,2.85,2.85,591,58,221,432
76,1973,,3,2,2,6,2.84,2.84,594,60,223,438
77,1973,,8,0,3,6,2.85,2.85,602,60,226,444
78,1973,1973-06-29,12,5,7,3,2.89,2.89,614,65,233,447
79,1973,1973-06-30,13,3,7,12,2.92,2.92,627,68,240,459
80,1973,,8,1,4,7,2.93,2.93,635,69,244,466
81,1973,,6,0,3,7,2.93,2.93,641,69,247,473
82,1973,1973-07-02,6,1,4,4,2.95,2.95,647,70,251,477
83,1973,1973-07-03,10,0,4,5,2.96,2.96,657,70,255,482
84,1973,1973-07-04,12,1,4,7,2.97,2.97,669,71,259,489
85,1973,1973-07-05,7,1,3,2,2.97,2.97,676,72,262,491
86,1973,1973-07-06,7,0,2,6,2.96,2.96,683,72,264,497
87,1973,1973-07-07,9,2,5,7,2.99,2.99,692,74,269,504
88,1973,1973-07-08,8,0,2,5,2.96,2.96,700,74,271,509
89,1973,1973-07-10,11,0,3,4,2.96,2.96,711,74,274,513
90,1973,1973-07-11,7,0,1,12,2.94,2.94,718,74,275,525
91,1973,1973-07-12,7,0,0,7,2.91,2.91,725,74,275,532
92,1973,1973-07-13,5,0,0,0,2.88,2.88,730,74,275,532
93,1973,1973-07-14,5,0,3,12,2.88,2.88,735,74,278,544
94,1973,1973-07-15,10,0,3,5,2.88,2.88,745,74,281,549
95,1973,1973-07-16,6,0,0,9,2.85,2.85,751,74,281,558
96,1973,1973-07-17,6,2,4,10,2.87,2.87,757,76,285,568
97,1973,1973-07-18,7,2,3,5,2.87,2.87,764,78,288,573
98,1973,1973-07-19,3,0,2,4,2.86,2.86,767,78,290,577
99,1973,1973-07-20,12,1,1,1,2.83,2.83,779,79,291,578
100,1973,1973-07-21,7,1,8,4,2.88,2.88,786,80,299,582
101,1973,1973-07-22,9,0,4,8,2.89,2.89,795,80,303,590
102,1973,1973-07-26,6,0,1,6,2.87,2.87,801,80,304,596
103,1973,1973-07-27,9,0,4,9,2.88,2.88,810,80,308,605
104,1973,1973-07-28,10,1,2,10,2.88,2.88,820,81,310,615
105,1973,1973-07-29,3,0,0,3,2.85,2.85,823,81,310,618
106,1973,1973-07-30,4,1,2,5,2.84,2.84,827,82,312,623
107,1973,1973-07-31,4,0,3,5,2.85,2.85,831,82,315,628
108,1973,1973-08-01,6,0,4,6,2.86,2.86,837,82,319,634
109,1973,1973-08-02,5,2,2,10,2.85,2.85,842,84,321,644
110,1973,1973-08-03,3,0,0,5,2.82,2.82,845,84,321,649
111,1973,1973-08-04,6,2,2,5,2.81,2.81,851,86,323,654
112,1973,1973-08-05,8,1,2,3,2.8,2.8,859,87,325,657
113,1973,1973-08-06,5,0,0,6,2.78,2.78,864,87,325,663
114,1973,1973-08-07,7,0,1,5,2.76,2.76,871,87,326,668
115,1973,1973-08-08,6,0,1,8,2.75,2.75,877,87,327,676
116,1973,1973-08-09,4,0,0,3,2.73,2.73,881,87,327,679
117,1973,1973-08-10,10,2,5,6,2.75,2.75,891,89,332,685
118,1973,1973-08-11,6,2,2,4,2.74,2.74,897,91,334,689
119,1973,1973-08-12,8,1,1,5,2.73,2.73,905,92,335,694
120,1973,1973-08-13,11,2,5,5,2.74,2.74,916,94,340,699
121,1973,1973-08-14,11,1,3,9,2.75,2.75,927,95,343,708
122,1973,1973-08-15,8,0,1,5,2.73,2.73,935,95,344,713
123,1973,1973-08-17,9,1,5,4,2.75,2.75,944,96,349,717
124,1973,1973-08-18,7,1,2,5,2.75,2.75,951,97,351,722
125,1973,1973-08-19,5,1,1,2,2.73,2.73,956,98,352,724
126,1973,1973-08-21,5,0,2,4,2.73,2.73,961,98,354,728
127,1973,1973-08-22,12,0,2,5,2.73,2.73,973,98,356,733
128,1973,1973-08-23,8,0,4,7,2.73,2.73,981,98,360,740
129,1973,1973-08-24,3,0,0,7,2.71,2.71,984,98,360,747
130,1973,1973-08-25,8,1,4,7,2.72,2.72,992,99,364,754
131,1973,1973-08-26,7,0,3,4,2.72,2.72,999,99,367,758
132,1973,1973-08-27,4,1,4,6,2.73,2.73,1003,100,371,764
133,1973,1973-08-28,5,0,1,2,2.72,2.72,1008,100,372,766
134,1973,1973-08-29,9,1,6,5,2.74,2.74,1017,101,378,771
135,1973,1973-08-30,8,2,5,5,2.76,2.76,1025,103,383,776
136,1973,1973-08-31,7,1,3,7,2.76,2.76,1032,104,386,783
137,1973,1973-09-01,10,1,2,6,2.76,2.76,1042,105,388,789
138,1973,1973-09-02,13,3,9,8,2.8,2.8,1055,108,397,797
139,1973,1973-09-03,11,2,11,9,2.86,2.86,1066,110,408,806
140,1973,1973-09-04,7,2,3,8,2.86,2.86,1073,112,411,814
141,1973,1973-09-05,13,0,7,6,2.89,2.89,1086,112,418,820
142,1973,1973-09-06,7,0,3,8,2.89,2.89,1093,112,421,828
143,1973,1973-09-07,9,1,4,5,2.9,2.9,1102,113,425,833
144,1973,1973-09-08,12,2,8,8,2.93,2.93,1114,115,433,841
145,1973,1973-09-09,7,0,3,9,2.93,2.93,1121,115,436,850
146,1973,1973-09-11,9,1,6,5,2.96,2.96,1130,116,442,855
147,1973,1973-09-12,7,0,7,6,2.98,2.98,1137,116,449,861
148,1973,1973-09-13,11,0,4,11,2.99,2.99,1148,116,453,872
149,1973,1973-09-14,4,0,1,5,2.98,2.98,1152,116,454,877
150,1973,1973-09-15,6,3,5,10,2.99,2.99,1158,119,459,887
151,1973,1973-09-16,11,0,4,8,3.0,3.0,1169,119,463,895
152,1973,1973-09-17,8,0,2,8,3.0,3.0,1177,119,465,903
153,1973,1973-09-18,5,0,1,7,2.98,2.98,1182,119,466,910
154,1973,1973-09-19,6,1,1,7,2.97,2.97,1188,120,467,917
155,1973,1973-09-20,10,0,0,11,2.95,2.95,1198,120,467,928
156,1973,1973-09-21,15,2,4,3,2.95,2.95,1213,122,471,931
157,1973,1973-09-22,14,1,10,6,2.99,2.99,1227,123,481,937
158,1973,1973-09-23,8,2,4,6,3.0,3.0,1235,125,485,943
159,1973,1973-09-25,4,0,0,7,2.98,2.98,1239,125,485,950
160,1973,1973-09-26,14,2,8,3,3.01,3.01,1253,127,493,953
161,1973,1973-09-28,13,0,2,4,3.01,3.01,1266,127,495,957
162,1973,1973-09-29,4,2,2,4,3.0,3.0,1270,129,497,961
1,1974,1974-04-05,6,0,0,8,0.0,0.0,6,0,0,8
2,1974,1974-04-06,7,0,0,5,0.0,0.0,13,0,0,13
3,1974,1974-04-07,8,1,2,8,0.67,0.67,21,1,2,21
4,1974,1974-04-08,4,1,3,4,1.29,1.29,25,2,5,25
5,1974,1974-04-09,7,1,2,2,1.43,1.43,32,3,7,27
6,1974,1974-04-10,4,0,0,6,1.19,1.19,36,3,7,33
7,1974,1974-04-11,11,2,4,6,1.62,1.62,47,5,11,39
8,1974,1974-04-12,8,1,5,4,2.09,2.09,55,6,16,43
9,1974,1974-04-13,8,0,3,3,2.19,2.19,63,6,19,46
10,1974,1974-04-14,7,0,2,3,2.17,2.17,70,6,21,49
11,1974,1974-04-16,6,0,3,5,2.2,2.2,76,6,24,54
12,1974,1974-04-17,4,1,1,6,2.1,2.1,80,7,25,60
13,1974,1974-04-19,2,1,3,8,2.17,2.17,82,8,28,68
14,1974,1974-04-20,12,0,2,10,2.16,2.16,94,8,30,78
15,1974,1974-04-21,9,0,6,9,2.42,2.42,103,8,36,87
16,1974,1974-04-23,9,1,3,5,2.45,2.45,112,9,39,92
17,1974,1974-04-24,7,0,1,7,2.37,2.37,119,9,40,99
18,1974,1974-04-25,4,0,0,8,2.24,2.24,123,9,40,107
19,1974,1974-04-26,3,1,1,7,2.17,2.17,126,10,41,114
20,1974,1974-04-27,4,0,2,7,2.16,2.16,130,10,43,121
21,1974,1974-04-28,4,0,0,6,2.06,2.06,134,10,43,127
22,1974,1974-04-29,13,2,7,4,2.28,2.28,147,12,50,131
23,1974,1974-04-30,12,0,7,6,2.49,2.49,159,12,57,137
24,1974,1974-05-01,7,1,1,9,2.37,2.37,166,13,58,146
25,1974,1974-05-03,8,1,2,4,2.37,2.37,174,14,60,150
26,1974,1974-05-04,8,0,7,8,2.56,2.56,182,14,67,158
27,1974,1974-05-05,5,0,0,2,2.46,2.46,187,14,67,160
28,1974,1974-05-08,6,1,2,6,2.45,2.45,193,15,69,166
29,1974,1974-05-09,1,0,0,5,2.36,2.36,194,15,69,171
30,1974,1974-05-10,7,1,4,5,2.42,2.42,201,16,73,176
31,1974,1974-05-11,9,1,4,9,2.47,2.47,210,17,77,185
32,1974,1974-05-12,11,0,7,9,2.57,2.57,221,17,84,194
33,1974,1974-05-13,8,3,4,6,2.62,2.62,229,20,88,200
34,1974,1974-05-14,4,0,0,9,2.54,2.54,233,20,88,209
35,1974,,12,1,6,5,2.64,2.64,245,21,94,214
36,1974,,6,0,2,5,2.62,2.62,251,21,96,219
37,1974,1974-05-17,13,0,1,4,2.56,2.56,264,21,97,223
38,1974,1974-05-18,5,0,0,5,2.47,2.47,269,21,97,228
39,1974,1974-05-19,8,1,3,6,2.48,2.48,277,22,100,234
40,1974,1974-05-20,7,1,3,6,2.49,2.49,284,23,103,240
41,1974,1974-05-21,7,1,2,6,2.48,2.48,291,24,105,246
42,1974,1974-05-22,10,0,3,10,2.49,2.49,301,24,108,256
43,1974,1974-05-23,13,1,7,9,2.6,2.6,314,25,115,265
44,1974,1974-05-24,9,1,8,4,2.73,2.73,323,26,123,269
45,1974,1974-05-25,7,0,5,3,2.78,2.78,330,26,128,272
46,1974,1974-05-26,9,1,5,5,2.83,2.83,339,27,133,277
47,1974,1974-05-27,15,3,6,6,2.9,2.9,354,30,139,283
48,1974,1974-05-28,9,1,5,4,2.94,2.94,363,31,144,287
49,1974,1974-05-29,11,0,2,2,2.92,2.92,374,31,146,289
50,1974,1974-05-31,8,0,1,5,2.88,2.88,382,31,147,294
51,1974,1974-06-01,6,0,0,5,2.83,2.83,388,31,147,299
52,1974,1974-06-02,8,2,6,6,2.89,2.89,396,33,153,305
53,1974,1974-06-04,5,0,0,5,2.84,2.84,401,33,153,310
54,1974,1974-06-05,4,0,2,8,2.83,2.83,405,33,155,318
55,1974,1974-06-06,5,0,0,9,2.78,2.78,410,33,155,327
56,1974,1974-06-07,6,3,5,4,2.81,2.81,416,36,160,331
57,1974,1974-06-08,13,1,6,4,2.86,2.86,429,37,166,335
58,1974,1974-06-09,8,1,3,5,2.86,2.86,437,38,169,340
59,1974,1974-06-10,10,1,4,5,2.87,2.87,447,39,173,345
60,1974,1974-06-11,4,0,0,4,2.82,2.82,451,39,173,349
61,1974,1974-06-12,11,1,6,6,2.87,2.87,462,40,179,355
62,1974,1974-06-14,6,1,2,3,2.86,2.86,468,41,181,358
63,1974,1974-06-15,8,1,4,3,2.88,2.88,476,42,185,361
64,1974,1974-06-16,5,0,1,5,2.85,2.85,481,42,186,366
65,1974,1974-06-17,10,0,1,2,2.83,2.83,491,42,187,368
66,1974,1974-06-18,6,0,2,5,2.82,2.82,497,42,189,373
67,1974,1974-06-19,11,0,7,5,2.89,2.89,508,42,196,378
68,1974,1974-06-21,4,0,0,5,2.84,2.84,512,42,196,383
69,1974,1974-06-22,8,0,2,9,2.83,2.83,520,42,198,392
70,1974,1974-06-23,10,0,3,3,2.83,2.83,530,42,201,395
71,1974,1974-06-24,7,0,3,9,2.83,2.83,537,42,204,404
72,1974,1974-06-25,7,0,1,7,2.81,2.81,544,42,205,411
73,1974,1974-06-26,9,0,4,4,2.82,2.82,553,42,209,415
74,1974,1974-06-28,5,0,1,5,2.8,2.8,558,42,210,420
75,1974,1974-06-29,11,1,3,8,2.8,2.8,569,43,213,428
76,1974,1974-06-30,7,0,3,7,2.8,2.8,576,43,216,435
77,1974,1974-07-02,8,1,2,4,2.79,2.79,584,44,218,439
78,1974,,5,1,1,6,2.77,2.77,589,45,219,445
79,1974,,9,2,6,5,2.81,2.81,598,47,225,450
80,1974,1974-07-04,9,0,2,7,2.8,2.8,607,47,227,457
81,1974,,14,3,9,4,2.88,2.88,621,50,236,461
82,1974,,4,0,0,3,2.85,2.85,625,50,236,464
83,1974,1974-07-06,8,1,6,3,2.89,2.89,633,51,242,467
84,1974,,9,0,0,4,2.86,2.86,642,51,242,471
85,1974,,11,1,3,8,2.86,2.86,653,52,245,479
86,1974,1974-07-08,3,0,0,9,2.82,2.82,656,52,245,488
87,1974,1974-07-09,12,1,4,9,2.84,2.84,668,53,249,497
88,1974,1974-07-10,10,1,4,2,2.85,2.85,678,54,253,499
89,1974,1974-07-12,9,0,5,7,2.88,2.88,687,54,258,506
90,1974,1974-07-13,7,0,1,9,2.86,2.86,694,54,259,515
91,1974,1974-07-14,13,1,4,8,2.87,2.87,707,55,263,523
92,1974,1974-07-16,15,0,6,4,2.9,2.9,722,55,269,527
93,1974,1974-07-17,9,0,5,5,2.93,2.93,731,55,274,532
94,1974,1974-07-18,7,1,5,10,2.95,2.95,738,56,279,542
95,1974,1974-07-19,3,0,0,4,2.92,2.92,741,56,279,546
96,1974,1974-07-20,7,0,4,5,2.93,2.93,748,56,283,551
97,1974,1974-07-21,10,1,2,5,2.92,2.92,758,57,285,556
98,1974,,11,1,3,5,2.92,2.92,769,58,288,561
99,1974,,7,0,0,8,2.89,2.89,776,58,288,569
100,1974,1974-07-26,16,2,8,6,2.94,2.94,792,60,296,575
101,1974,1974-07-27,13,3,9,4,3.0,3.0,805,63,305,579
102,1974,1974-07-28,9,0,2,4,2.99,2.99,814,63,307,583
103,1974,1974-07-29,9,0,2,7,2.98,2.98,823,63,309,590
104,1974,1974-07-30,5,0,0,8,2.95,2.95,828,63,309,598
105,1974,1974-07-31,7,2,4,3,2.96,2.96,835,65,313,601
106,1974,1974-08-01,6,0,1,5,2.94,2.94,841,65,314,606
107,1974,1974-08-02,8,1,1,5,2.92,2.92,849,66,315,611
108,1974,1974-08-03,4,0,1,8,2.91,2.91,853,66,316,619
109,1974,1974-08-04,6,0,1,9,2.89,2.89,859,66,317,628
110,1974,1974-08-05,9,1,3,7,2.89,2.89,868,67,320,635
111,1974,1974-08-06,9,2,6,5,2.92,2.92,877,69,326,640
112,1974,1974-08-07,4,1,2,7,2.91,2.91,881,70,328,647
113,1974,1974-08-09,4,1,1,2,2.89,2.89,885,71,329,649
114,1974,1974-08-10,11,0,2,5,2.89,2.89,896,71,331,654
115,1974,1974-08-11,5,0,1,6,2.87,2.87,901,71,332,660
116,1974,1974-08-12,5,1,3,5,2.87,2.87,906,72,335,665
117,1974,1974-08-13,6,1,3,5,2.88,2.88,912,73,338,670
118,1974,1974-08-14,9,0,2,1,2.87,2.87,921,73,340,671
119,1974,1974-08-16,7,0,4,3,2.88,2.88,928,73,344,674
120,1974,1974-08-17,6,0,4,2,2.9,2.9,934,73,348,676
121,1974,1974-08-18,17,2,9,2,2.95,2.95,951,75,357,678
122,1974,1974-08-19,13,0,5,10,2.96,2.96,964,75,362,688
123,1974,1974-08-20,10,2,7,6,2.99,2.99,974,77,369,694
124,1974,1974-08-21,7,2,5,6,3.01,3.01,981,79,374,700
125,1974,1974-08-23,8,1,2,8,3.0,3.0,989,80,376,708
126,1974,1974-08-24,7,0,0,8,2.97,2.97,996,80,376,716
127,1974,1974-08-25,6,0,3,11,2.97,2.97,1002,80,379,727
128,1974,1974-08-27,8,2,4,9,2.98,2.98,1010,82,383,736
129,1974,1974-08-28,11,2,6,9,3.01,3.01,1021,84,389,745
130,1974,1974-08-29,3,1,1,5,2.99,2.99,1024,85,390,750
131,1974,1974-08-30,8,1,4,5,3.0,3.0,1032,86,394,755
132,1974,1974-08-31,6,1,4,1,3.01,3.01,1038,87,398,756
133,1974,1974-09-01,9,0,2,9,3.0,3.0,1047,87,400,765
134,1974,1974-09-02,12,3,5,9,3.01,3.01,1059,90,405,774
135,1974,1974-09-03,9,2,9,4,3.06,3.06,1068,92,414,778
136,1974,1974-09-04,11,0,2,5,3.04,3.04,1079,92,416,783
137,1974,1974-09-06,9,1,1,5,3.03,3.03,1088,93,417,788
138,1974,1974-09-07,10,3,7,9,3.06,3.06,1098,96,424,797
139,1974,1974-09-08,5,3,4,6,3.07,3.07,1103,99,428,803
140,1974,1974-09-09,4,0,0,2,3.05,3.05,1107,99,428,805
141,1974,1974-09-10,4,0,0,7,3.02,3.02,1111,99,428,812
142,1974,1974-09-11,9,1,3,7,3.02,3.02,1120,100,431,819
143,1974,1974-09-12,2,0,0,4,3.0,3.0,1122,100,431,823
144,1974,1974-09-13,5,2,5,7,3.02,3.02,1127,102,436,830
145,1974,1974-09-14,9,2,3,4,3.02,3.02,1136,104,439,834
146,1974,1974-09-15,6,0,1,9,3.0,3.0,1142,104,440,843
147,1974,1974-09-16,9,0,2,4,3.0,3.0,1151,104,442,847
148,1974,1974-09-17,10,2,7,9,3.02,3.02,1161,106,449,856
149,1974,1974-09-18,10,0,3,8,3.02,3.02,1171,106,452,864
150,1974,1974-09-19,6,0,2,4,3.01,3.01,1177,106,454,868
151,1974,1974-09-20,6,0,0,6,2.99,2.99,1183,106,454,874
152,1974,1974-09-21,8,0,4,8,3.0,3.0,1191,106,458,882
153,1974,1974-09-22,9,0,2,9,2.99,2.99,1200,106,460,891
154,1974,1974-09-23,7,1,3,4,2.99,2.99,1207,107,463,895
155,1974,1974-09-24,8,0,1,4,2.98,2.98,1215,107,464,899
156,1974,1974-09-25,12,2,5,6,2.99,2.99,1227,109,469,905
157,1974,1974-09-26,7,1,1,9,2.98,2.98,1234,110,470,914
158,1974,1974-09-27,6,1,2,9,2.97,2.97,1240,111,472,923
159,1974,1974-09-28,5,0,2,2,2.97,2.97,1245,111,474,925
160,1974,1974-09-30,10,0,4,4,2.97,2.97,1255,111,478,929
161,1974,1974-10-01,9,1,2,5,2.97,2.97,1264,112,480,934
162,1974,1974-10-02,8,0,4,9,2.97,2.97,1272,112,484,943
1,1975,1975-04-07,9,0,2,9,1.32,1.32,9,0,2,9
2,1975,1975-04-09,10,0,4,2,2.45,2.45,19,0,6,11
3,1975,1975-04-10,10,2,7,4,3.9,3.9,29,2,13,15
4,1975,1975-04-11,4,0,0,9,3.0,3.0,33,2,13,24
5,1975,1975-04-12,8,1,7,4,3.83,3.83,41,3,20,28
6,1975,1975-04-13,9,0,4,9,3.86,3.86,50,3,24,37
7,1975,1975-04-14,6,0,2,7,3.6,3.6,56,3,26,44
8,1975,1975-04-15,1,1,1,8,3.28,3.28,57,4,27,52
9,1975,1975-04-16,12,1,6,4,3.58,3.58,69,5,33,56
10,1975,1975-04-17,12,2,4,7,3.54,3.54,81,7,37,63
11,1975,1975-04-18,5,2,3,9,3.5,3.5,86,9,40,72
12,1975,1975-04-19,6,1,1,8,3.29,3.29,92,10,41,80
13,1975,1975-04-20,15,0,6,7,3.38,3.38,107,10,47,87
14,1975,1975-04-21,6,1,1,7,3.22,3.22,113,11,48,94
15,1975,1975-04-22,5,0,3,5,3.23,3.23,118,11,51,99
16,1975,1975-04-23,11,0,5,6,3.36,3.36,129,11,56,105
17,1975,1975-04-24,10,1,4,7,3.4,3.4,139,12,60,112
18,1975,1975-04-25,10,0,5,8,3.48,3.48,149,12,65,120
19,1975,1975-04-26,8,1,3,3,3.46,3.46,157,13,68,123
20,1975,1975-04-27,6,0,3,9,3.44,3.44,163,13,71,132
21,1975,1975-04-28,8,0,3,3,3.42,3.42,171,13,74,135
22,1975,1975-04-29,7,0,0,7,3.26,3.26,178,13,74,142
23,1975,1975-04-30,7,1,2,7,3.21,3.21,185,14,76,149
24,1975,1975-05-02,5,0,0,9,3.08,3.08,190,14,76,158
25,1975,1975-05-03,11,0,2,9,2.96,2.96,201,14,78,167
26,1975,1975-05-04,14,2,7,3,3.11,3.11,215,16,85,170
27,1975,1975-05-05,2,0,0,2,3.0,3.0,217,16,85,172
28,1975,1975-05-06,4,1,1,8,2.93,2.93,221,17,86,180
29,1975,1975-05-07,6,0,1,5,2.87,2.87,227,17,87,185
30,1975,1975-05-09,13,1,10,4,3.11,3.11,240,18,97,189
31,1975,1975-05-10,10,0,2,7,3.07,3.07,250,18,99,196
32,1975,1975-05-11,8,0,0,2,2.98,2.98,258,18,99,198
33,1975,1975-05-12,10,0,3,4,2.97,2.97,268,18,102,202
34,1975,1975-05-13,2,0,0,7,2.89,2.89,270,18,102,209
35,1975,1975-05-14,10,0,6,6,2.98,2.98,280,18,108,215
36,1975,1975-05-16,5,1,3,10,2.98,2.98,285,19,111,225
37,1975,1975-05-17,9,0,1,7,2.92,2.92,294,19,112,232
38,1975,1975-05-18,13,0,7,0,3.03,3.03,307,19,119,232
39,1975,1975-05-19,6,0,2,9,3.0,3.0,313,19,121,241
40,1975,1975-05-20,5,0,2,11,2.98,2.98,318,19,123,252
41,1975,1975-05-21,7,0,0,6,2.91,2.91,325,19,123,258
42,1975,1975-05-22,9,1,3,12,2.91,2.91,334,20,126,270
43,1975,1975-05-23,4,1,4,2,2.93,2.93,338,21,130,272
44,1975,1975-05-24,12,1,4,3,2.96,2.96,350,22,134,275
45,1975,1975-05-25,9,0,3,2,2.96,2.96,359,22,137,277
46,1975,1975-05-26,6,3,6,2,3.03,3.03,365,25,143,279
47,1975,1975-05-27,6,1,2,3,3.0,3.0,371,26,145,282
48,1975,1975-05-28,7,0,4,3,3.03,3.03,378,26,149,285
49,1975,,6,0,1,6,2.99,2.99,384,26,150,291
50,1975,1975-05-31,6,2,2,5,2.98,2.98,390,28,152,296
51,1975,1975-06-01,8,1,7,4,3.06,3.06,398,29,159,300
52,1975,1975-06-02,9,0,5,3,3.11,3.11,407,29,164,303
53,1975,1975-06-03,11,1,5,5,3.14,3.14,418,30,169,308
54,1975,1975-06-04,8,0,0,7,3.08,3.08,426,30,169,315
55,1975,1975-06-06,6,1,2,6,3.06,3.06,432,31,171,321
56,1975,1975-06-07,8,3,4,4,3.09,3.09,440,34,175,325
57,1975,1975-06-08,6,1,3,10,3.09,3.09,446,35,178,335
58,1975,1975-06-09,4,0,0,12,3.04,3.04,450,35,178,347
59,1975,1975-06-10,7,1,4,10,3.05,3.05,457,36,182,357
60,1975,1975-06-11,6,0,2,6,3.04,3.04,463,36,184,363
61,1975,1975-06-12,8,0,2,6,3.02,3.02,471,36,186,369
62,1975,1975-06-13,4,1,5,5,3.05,3.05,475,37,191,374
63,1975,1975-06-14,11,0,3,2,3.05,3.05,486,37,194,376
64,1975,1975-06-15,8,2,4,9,3.07,3.07,494,39,198,385
65,1975,1975-06-16,8,1,2,6,3.05,3.05,502,40,200,391
66,1975,1975-06-17,4,0,1,6,3.02,3.02,506,40,201,397
67,1975,1975-06-18,3,0,0,5,2.97,2.97,509,40,201,402
68,1975,1975-06-19,4,0,0,3,2.93,2.93,513,40,201,405
69,1975,1975-06-20,4,1,2,2,2.92,2.92,517,41,203,407
70,1975,1975-06-21,3,2,3,7,2.92,2.92,520,43,206,414
71,1975,1975-06-22,7,0,1,2,2.9,2.9,527,43,207,416
72,1975,1975-06-23,6,1,6,2,2.94,2.94,533,44,213,418
73,1975,1975-06-24,6,2,3,5,2.94,2.94,539,46,216,423
74,1975,1975-06-25,10,1,5,2,2.98,2.98,549,47,221,425
75,1975,1975-06-26,10,0,2,4,2.97,2.97,559,47,223,429
76,1975,1975-06-27,14,0,8,6,3.04,3.04,573,47,231,435
77,1975,1975-06-28,5,0,2,5,3.03,3.03,578,47,233,440
78,1975,1975-06-29,12,1,5,1,3.06,3.06,590,48,238,441
79,1975,1975-06-30,6,0,1,6,3.03,3.03,596,48,239,447
80,1975,1975-07-01,14,1,10,1,3.12,3.12,610,49,249,448
81,1975,1975-07-02,15,0,5,5,3.12,3.12,625,49,254,453
82,1975,1975-07-03,7,0,1,5,3.1,3.1,632,49,255,458
83,1975,1975-07-04,9,0,1,2,3.07,3.07,641,49,256,460
84,1975,1975-07-05,8,2,3,4,3.07,3.07,649,51,259,464
85,1975,1975-07-06,3,0,1,3,3.05,3.05,652,51,260,467
86,1975,1975-07-08,4,0,0,7,3.01,3.01,656,51,260,474
87,1975,1975-07-09,7,0,2,3,3.0,3.0,663,51,262,477
88,1975,1975-07-10,8,1,4,3,3.02,3.02,671,52,266,480
89,1975,1975-07-11,11,0,5,7,3.04,3.04,682,52,271,487
90,1975,1975-07-12,7,1,2,5,3.03,3.03,689,53,273,492
91,1975,1975-07-13,6,0,2,3,3.02,3.02,695,53,275,495
92,1975,1975-07-17,8,3,5,8,3.04,3.04,703,56,280,503
93,1975,1975-07-18,10,2,3,5,3.04,3.04,713,58,283,508
94,1975,1975-07-19,7,0,3,8,3.04,3.04,720,58,286,516
95,1975,1975-07-20,8,1,3,6,3.03,3.03,728,59,289,522
96,1975,1975-07-21,6,0,0,8,3.0,3.0,734,59,289,530
97,1975,1975-07-22,8,0,3,8,2.99,2.99,742,59,292,538
98,1975,1975-07-23,12,0,5,7,3.01,3.01,754,59,297,545
99,1975,1975-07-24,6,1,2,4,3.0,3.0,760,60,299,549
100,1975,,7,1,2,7,2.99,2.99,767,61,301,556
101,1975,,9,2,6,6,3.02,3.02,776,63,307,562
102,1975,1975-07-26,8,0,4,4,3.04,3.04,784,63,311,566
103,1975,1975-07-27,9,3,3,7,3.04,3.04,793,66,314,573
104,1975,1975-07-28,11,0,5,6,3.06,3.06,804,66,319,579
105,1975,1975-07-29,10,1,3,4,3.06,3.06,814,67,322,583
106,1975,1975-07-30,9,0,2,5,3.05,3.05,823,67,324,588
107,1975,1975-07-31,13,2,11,7,3.13,3.13,836,69,335,595
108,1975,1975-08-01,9,1,3,10,3.12,3.12,845,70,338,605
109,1975,1975-08-02,4,1,1,8,3.1,3.1,849,71,339,613
110,1975,1975-08-03,5,1,3,4,3.1,3.1,854,72,342,617
111,1975,1975-08-04,8,1,1,4,3.08,3.08,862,73,343,621
112,1975,1975-08-05,5,0,0,3,3.06,3.06,867,73,343,624
113,1975,1975-08-06,9,2,5,7,3.07,3.07,876,75,348,631
114,1975,1975-08-08,9,0,2,3,3.06,3.06,885,75,350,634
115,1975,1975-08-09,3,0,0,5,3.04,3.04,888,75,350,639
116,1975,1975-08-10,3,0,1,2,3.02,3.02,891,75,351,641
117,1975,1975-08-11,4,1,1,7,3.0,3.0,895,76,352,648
118,1975,1975-08-12,14,2,6,4,3.02,3.02,909,78,358,652
119,1975,1975-08-13,6,0,3,7,3.02,3.02,915,78,361,659
120,1975,1975-08-15,12,0,8,5,3.07,3.07,927,78,369,664
121,1975,1975-08-16,7,0,3,4,3.07,3.07,934,78,372,668
122,1975,1975-08-17,5,1,2,4,3.06,3.06,939,79,374,672
123,1975,1975-08-18,6,0,1,4,3.04,3.04,945,79,375,676
124,1975,1975-08-19,2,0,1,7,3.03,3.03,947,79,376,683
125,1975,1975-08-21,8,1,6,4,3.05,3.05,955,80,382,687
126,1975,1975-08-22,8,2,3,7,3.04,3.04,963,82,385,694
127,1975,,7,1,1,8,3.03,3.03,970,83,386,702
128,1975,,8,2,5,6,3.04,3.04,978,85,391,708
129,1975,1975-08-24,7,1,3,11,3.03,3.03,985,86,394,719
130,1975,1975-08-25,10,1,4,4,3.04,3.04,995,87,398,723
131,1975,1975-08-26,3,0,1,5,3.02,3.02,998,87,399,728
132,1975,1975-08-27,3,0,0,6,3.0,3.0,1001,87,399,734
133,1975,1975-08-28,6,1,2,3,2.99,2.99,1007,88,401,737
134,1975,1975-08-29,12,1,6,5,3.01,3.01,1019,89,407,742
135,1975,1975-08-30,5,0,0,8,2.99,2.99,1024,89,407,750
136,1975,1975-08-31,9,0,2,7,2.98,2.98,1033,89,409,757
137,1975,1975-09-01,6,0,1,4,2.97,2.97,1039,89,410,761
138,1975,1975-09-02,7,3,6,5,2.99,2.99,1046,92,416,766
139,1975,1975-09-03,9,0,10,4,3.05,3.05,1055,92,426,770
140,1975,1975-09-04,4,1,2,6,3.04,3.04,1059,93,428,776
141,1975,1975-09-05,8,0,2,8,3.03,3.03,1067,93,430,784
142,1975,1975-09-06,3,0,1,2,3.02,3.02,1070,93,431,786
143,1975,1975-09-07,7,0,3,5,3.02,3.02,1077,93,434,791
144,1975,1975-09-08,3,0,0,3,3.0,3.0,1080,93,434,794
145,1975,1975-09-09,11,0,3,6,3.0,3.0,1091,93,437,800
146,1975,1975-09-10,4,0,2,11,2.99,2.99,1095,93,439,811
147,1975,1975-09-11,7,1,2,6,2.99,2.99,1102,94,441,817
148,1975,1975-09-12,8,1,1,4,2.97,2.97,1110,95,442,821
149,1975,1975-09-13,5,0,0,7,2.95,2.95,1115,95,442,828
150,1975,1975-09-14,10,0,2,5,2.95,2.95,1125,95,444,833
151,1975,1975-09-15,7,1,4,12,2.95,2.95,1132,96,448,845
152,1975,1975-09-16,5,2,2,6,2.95,2.95,1137,98,450,851
153,1975,1975-09-17,6,0,1,4,2.93,2.93,1143,98,451,855
154,1975,1975-09-19,11,2,6,7,2.95,2.95,1154,100,457,862
155,1975,1975-09-20,8,1,4,9,2.95,2.95,1162,101,461,871
156,1975,1975-09-21,10,0,3,1,2.95,2.95,1172,101,464,872
157,1975,1975-09-22,15,1,5,2,2.96,2.96,1187,102,469,874
158,1975,1975-09-23,8,0,3,4,2.96,2.96,1195,102,472,878
159,1975,1975-09-24,6,0,0,2,2.94,2.94,1201,102,472,880
160,1975,1975-09-26,5,1,2,5,2.94,2.94,1206,103,474,885
161,1975,1975-09-27,3,0,0,6,2.92,2.92,1209,103,474,891
162,1975,1975-09-28,6,1,3,3,2.92,2.92,1215,104,477,894
1,1976,1976-04-09,5,2,4,5,4.5,4.5,5,2,4,5
2,1976,1976-04-11,10,0,6,1,5.62,5.62,15,2,10,6
3,1976,1976-04-13,11,1,8,5,6.48,6.48,26,3,18,11
4,1976,1976-04-14,12,2,3,4,5.56,5.56,38,5,21,15
5,1976,1976-04-16,7,1,3,6,5.14,5.14,45,6,24,21
6,1976,1976-04-17,5,0,1,3,4.41,4.41,50,6,25,24
7,1976,1976-04-18,14,1,7,3,4.88,4.88,64,7,32,27
8,1976,1976-04-19,9,0,8,4,5.37,5.37,73,7,40,31
9,1976,1976-04-20,10,0,2,3,4.97,4.97,83,7,42,34
10,1976,1976-04-21,12,0,1,8,4.22,4.22,95,7,43,42
11,1976,1976-04-22,8,1,2,7,4.02,4.02,103,8,45,49
12,1976,1976-04-23,13,1,3,8,3.87,3.87,116,9,48,57
13,1976,1976-04-24,6,0,1,7,3.65,3.65,122,9,49,64
14,1976,1976-04-25,10,1,4,3,3.65,3.65,132,10,53,67
15,1976,1976-04-26,8,0,1,2,3.48,3.48,140,10,54,69
16,1976,1976-04-27,10,0,3,5,3.45,3.45,150,10,57,74
17,1976,1976-04-28,6,1,1,9,3.31,3.31,156,11,58,83
18,1976,1976-04-29,5,0,0,4,3.13,3.13,161,11,58,87
19,1976,1976-04-30,6,0,1,3,3.02,3.02,167,11,59,90
20,1976,1976-05-01,9,0,3,7,3.01,3.01,176,11,62,97
21,1976,1976-05-02,9,0,1,7,2.91,2.91,185,11,63,104
22,1976,1976-05-04,12,1,6,4,3.05,3.05,197,12,69,108
23,1976,1976-05-05,21,2,9,5,3.3,3.3,218,14,78,113
24,1976,1976-05-07,13,1,6,8,3.41,3.41,231,15,84,121
25,1976,1976-05-08,8,1,4,8,3.45,3.45,239,16,88,129
26,1976,1976-05-09,14,1,9,1,3.67,3.67,253,17,97,130
27,1976,1976-05-10,9,0,3,6,3.65,3.65,262,17,100,136
28,1976,1976-05-11,5,0,0,3,3.52,3.52,267,17,100,139
29,1976,1976-05-12,8,0,3,8,3.5,3.5,275,17,103,147
30,1976,1976-05-14,7,0,2,4,3.45,3.45,282,17,105,151
31,1976,1976-05-15,7,2,4,2,3.48,3.48,289,19,109,153
32,1976,1976-05-16,4,0,0,6,3.38,3.38,293,19,109,159
33,1976,1976-05-17,6,0,5,7,3.42,3.42,299,19,114,166
34,1976,1976-05-18,3,0,0,3,3.32,3.32,302,19,114,169
35,1976,1976-05-19,6,0,1,5,3.26,3.26,308,19,115,174
36,1976,1976-05-20,11,0,2,2,3.22,3.22,319,19,117,176
37,1976,1976-05-21,6,0,1,5,3.16,3.16,325,19,118,181
38,1976,1976-05-22,12,2,5,5,3.17,3.17,337,21,123,186
39,1976,1976-05-23,10,0,5,6,3.21,3.21,347,21,128,192
40,1976,1976-05-24,5,0,2,4,3.19,3.19,352,21,130,196
41,1976,1976-05-25,8,1,5,6,3.24,3.24,360,22,135,202
42,1976,1976-05-26,3,0,0,1,3.17,3.17,363,22,135,203
43,1976,1976-05-28,12,3,9,4,3.31,3.31,375,25,144,207
44,1976,1976-05-29,13,1,6,1,3.37,3.37,388,26,150,208
45,1976,,11,0,5,7,3.41,3.41,399,26,155,215
46,1976,,11,3,6,3,3.47,3.47,410,29,161,218
47,1976,1976-05-31,16,0,6,3,3.5,3.5,426,29,167,221
48,1976,1976-06-01,10,0,5,6,3.53,3.53,436,29,172,227
49,1976,1976-06-02,10,2,3,5,3.52,3.52,446,31,175,232
50,1976,1976-06-03,8,0,2,6,3.48,3.48,454,31,177,238
51,1976,1976-06-04,14,4,11,6,3.63,3.63,468,35,188,244
52,1976,1976-06-05,8,1,3,5,3.62,3.62,476,36,191,249
53,1976,1976-06-06,8,1,3,7,3.6,3.6,484,37,194,256
54,1976,1976-06-07,11,2,8,4,3.69,3.69,495,39,202,260
55,1976,1976-06-08,20,0,12,2,3.83,3.83,515,39,214,262
56,1976,1976-06-09,4,0,2,3,3.8,3.8,519,39,216,265
57,1976,1976-06-10,17,2,10,7,3.89,3.89,536,41,226,272
58,1976,1976-06-11,10,0,4,5,3.89,3.89,546,41,230,277
59,1976,1976-06-12,5,1,3,5,3.87,3.87,551,42,233,282
60,1976,1976-06-13,9,0,3,5,3.86,3.86,560,42,236,287
61,1976,1976-06-15,8,0,2,4,3.84,3.84,568,42,238,291
62,1976,1976-06-16,7,0,1,7,3.79,3.79,575,42,239,298
63,1976,1976-06-17,9,1,1,6,3.72,3.72,584,43,240,304
64,1976,1976-06-18,14,1,5,7,3.74,3.74,598,44,245,311
65,1976,1976-06-19,7,0,2,4,3.72,3.72,605,44,247,315
66,1976,1976-06-20,10,1,5,4,3.74,3.74,615,45,252,319
67,1976,1976-06-21,7,2,3,5,3.74,3.74,622,47,255,324
68,1976,1976-06-22,10,0,5,4,3.76,3.76,632,47,260,328
69,1976,1976-06-23,3,0,0,2,3.71,3.71,635,47,260,330
70,1976,1976-06-24,8,0,1,3,3.67,3.67,643,47,261,333
71,1976,1976-06-25,4,0,1,5,3.63,3.63,647,47,262,338
72,1976,1976-06-26,8,2,4,6,3.64,3.64,655,49,266,344
73,1976,1976-06-27,10,3,8,5,3.7,3.7,665,52,274,349
74,1976,1976-06-28,4,1,1,2,3.66,3.66,669,53,275,351
75,1976,1976-06-29,10,0,1,4,3.62,3.62,679,53,276,355
76,1976,1976-06-30,9,3,8,7,3.68,3.68,688,56,284,362
77,1976,1976-07-01,11,1,5,3,3.7,3.7,699,57,289,365
78,1976,1976-07-02,10,1,3,5,3.7,3.7,709,58,292,370
79,1976,1976-07-03,6,1,1,2,3.67,3.67,715,59,293,372
80,1976,1976-07-04,12,1,5,5,3.68,3.68,727,60,298,377
81,1976,1976-07-05,2,0,0,3,3.64,3.64,729,60,298,380
82,1976,1976-07-06,6,1,1,5,3.61,3.61,735,61,299,385
83,1976,1976-07-07,8,0,5,6,3.62,3.62,743,61,304,391
84,1976,1976-07-09,10,0,4,3,3.63,3.63,753,61,308,394
85,1976,1976-07-10,9,0,6,3,3.66,3.66,762,61,314,397
86,1976,1976-07-11,11,3,6,6,3.69,3.69,773,64,320,403
87,1976,1976-07-15,5,1,2,5,3.67,3.67,778,65,322,408
88,1976,1976-07-16,5,1,1,3,3.64,3.64,783,66,323,411
89,1976,1976-07-17,7,1,4,7,3.64,3.64,790,67,327,418
90,1976,1976-07-18,5,1,2,7,3.62,3.62,795,68,329,425
91,1976,1976-07-19,8,0,4,6,3.63,3.63,803,68,333,431
92,1976,1976-07-20,5,0,1,2,3.6,3.6,808,68,334,433
93,1976,1976-07-21,7,0,4,4,3.6,3.6,815,68,338,437
94,1976,1976-07-22,11,0,4,6,3.6,3.6,826,68,342,443
95,1976,1976-07-23,4,0,0,2,3.56,3.56,830,68,342,445
96,1976,1976-07-24,11,0,6,4,3.59,3.59,841,68,348,449
97,1976,1976-07-25,6,0,0,3,3.55,3.55,847,68,348,452
98,1976,1976-07-26,5,0,2,9,3.53,3.53,852,68,350,461
99,1976,1976-07-28,13,1,7,4,3.57,3.57,865,69,357,465
100,1976,1976-07-30,9,1,5,5,3.59,3.59,874,70,362,470
101,1976,1976-07-31,9,1,6,4,3.62,3.62,883,71,368,474
102,1976,,10,0,1,6,3.59,3.59,893,71,369,480
103,1976,,9,0,3,6,3.58,3.58,902,71,372,486
104,1976,1976-08-02,13,0,4,5,3.58,3.58,915,71,376,491
105,1976,1976-08-03,2,0,0,6,3.55,3.55,917,71,376,497
106,1976,1976-08-04,6,0,1,3,3.52,3.52,923,71,377,500
107,1976,1976-08-05,10,1,3,5,3.52,3.52,933,72,380,505
108,1976,1976-08-06,8,1,4,3,3.52,3.52,941,73,384,508
109,1976,1976-08-07,8,1,3,7,3.52,3.52,949,74,387,515
110,1976,1976-08-08,6,0,3,4,3.51,3.51,955,74,390,519
111,1976,1976-08-09,5,0,2,6,3.5,3.5,960,74,392,525
112,1976,1976-08-10,11,1,1,5,3.48,3.48,971,75,393,530
113,1976,1976-08-11,5,0,0,4,3.45,3.45,976,75,393,534
114,1976,,11,0,3,5,3.43,3.43,987,75,396,539
115,1976,,7,2,5,7,3.44,3.44,994,77,401,546
116,1976,1976-08-14,8,0,1,1,3.42,3.42,1002,77,402,547
117,1976,1976-08-15,6,1,2,8,3.41,3.41,1008,78,404,555
118,1976,1976-08-17,7,1,3,2,3.41,3.41,1015,79,407,557
119,1976,1976-08-18,8,0,2,2,3.4,3.4,1023,79,409,559
120,1976,1976-08-19,11,0,4,5,3.4,3.4,1034,79,413,564
121,1976,1976-08-20,9,0,1,5,3.38,3.38,1043,79,414,569
122,1976,1976-08-21,2,1,1,4,3.36,3.36,1045,80,415,573
123,1976,1976-08-22,12,1,6,5,3.38,3.38,1057,81,421,578
124,1976,1976-08-23,8,0,3,3,3.38,3.38,1065,81,424,581
125,1976,1976-08-24,7,0,0,7,3.35,3.35,1072,81,424,588
126,1976,1976-08-25,7,1,1,4,3.33,3.33,1079,82,425,592
127,1976,1976-08-27,5,1,2,7,3.32,3.32,1084,83,427,599
128,1976,1976-08-28,7,1,1,3,3.31,3.31,1091,84,428,602
129,1976,1976-08-29,6,0,1,4,3.29,3.29,1097,84,429,606
130,1976,1976-08-31,7,1,1,6,3.27,3.27,1104,85,430,612
131,1976,,6,0,1,7,3.26,3.26,1110,85,431,619
132,1976,,9,1,2,3,3.25,3.25,1119,86,433,622
133,1976,1976-09-03,9,0,3,2,3.24,3.24,1128,86,436,624
134,1976,1976-09-04,6,1,5,4,3.26,3.26,1134,87,441,628
135,1976,1976-09-05,3,0,0,3,3.24,3.24,1137,87,441,631
136,1976,1976-09-06,4,1,1,5,3.22,3.22,1141,88,442,636
137,1976,1976-09-07,8,0,2,1,3.21,3.21,1149,88,444,637
138,1976,1976-09-08,4,0,1,5,3.19,3.19,1153,88,445,642
139,1976,1976-09-09,8,1,4,5,3.2,3.2,1161,89,449,647
140,1976,,5,1,2,2,3.19,3.19,1166,90,451,649
141,1976,,4,0,0,5,3.17,3.17,1170,90,451,654
142,1976,,6,0,2,5,3.16,3.16,1176,90,453,659
143,1976,,7,1,2,6,3.15,3.15,1183,91,455,665
144,1976,1976-09-14,10,0,0,3,3.13,3.13,1193,91,455,668
145,1976,1976-09-15,12,0,4,5,3.14,3.14,1205,91,459,673
146,1976,1976-09-16,11,0,2,3,3.13,3.13,1216,91,461,676
147,1976,,7,0,0,6,3.1,3.1,1223,91,461,682
148,1976,,15,1,5,2,3.12,3.12,1238,92,466,684
149,1976,1976-09-18,10,1,4,3,3.12,3.12,1248,93,470,687
150,1976,1976-09-19,6,0,1,5,3.11,3.11,1254,93,471,692
151,1976,1976-09-21,7,1,2,4,3.1,3.1,1261,94,473,696
152,1976,1976-09-22,6,0,1,5,3.09,3.09,1267,94,474,701
153,1976,1976-09-23,3,1,1,5,3.08,3.08,1270,95,475,706
154,1976,1976-09-24,8,0,6,8,3.1,3.1,1278,95,481,714
155,1976,1976-09-25,7,1,4,6,3.1,3.1,1285,96,485,720
156,1976,1976-09-26,9,0,1,3,3.09,3.09,1294,96,486,723
157,1976,1976-09-27,4,0,0,3,3.07,3.07,1298,96,486,726
158,1976,1976-09-28,5,0,0,3,3.05,3.05,1303,96,486,729
159,1976,1976-09-29,3,0,0,7,3.03,3.03,1306,96,486,736
160,1976,1976-10-01,7,0,0,1,3.01,3.01,1313,96,486,737
161,1976,1976-10-02,8,1,4,5,3.02,3.02,1321,97,490,742
162,1976,1976-10-03,9,0,3,5,3.02,3.02,1330,97,493,747
1,1977,1977-04-07,4,1,1,6,1.0,1.0,4,1,1,6
2,1977,1977-04-09,7,0,2,5,1.5,1.5,11,1,3,11
3,1977,1977-04-10,13,2,7,5,3.33,3.33,24,3,10,16
4,1977,1977-04-11,12,0,7,8,4.25,4.25,36,3,17,24
5,1977,1977-04-12,14,2,10,7,5.4,5.4,50,5,27,31
6,1977,1977-04-13,10,1,2,4,4.83,4.83,60,6,29,35
7,1977,1977-04-15,10,0,1,3,4.29,4.29,70,6,30,38
8,1977,1977-04-16,5,0,0,6,3.75,3.75,75,6,30,44
9,1977,1977-04-17,10,1,4,7,3.78,3.78,85,7,34,51
10,1977,1977-04-18,6,2,3,2,3.7,3.7,91,9,37,53
11,1977,1977-04-20,7,0,0,2,3.36,3.36,98,9,37,55
12,1977,1977-04-22,13,0,5,5,3.51,3.51,111,9,42,60
13,1977,1977-04-23,9,0,4,6,3.55,3.55,120,9,46,66
14,1977,1977-04-24,13,4,6,7,3.72,3.72,133,13,52,73
15,1977,1977-04-25,7,2,3,9,3.68,3.68,140,15,55,82
16,1977,1977-04-26,3,0,1,8,3.51,3.51,143,15,56,90
17,1977,1977-04-27,9,2,6,2,3.66,3.66,152,17,62,92
18,1977,1977-04-28,9,1,5,5,3.73,3.73,161,18,67,97
19,1977,1977-04-29,10,0,0,10,3.53,3.53,171,18,67,107
20,1977,1977-04-30,9,1,3,3,3.51,3.51,180,19,70,110
21,1977,1977-05-01,10,3,6,6,3.63,3.63,190,22,76,116
22,1977,1977-05-02,7,1,1,8,3.51,3.51,197,23,77,124
23,1977,1977-05-03,4,0,0,11,3.35,3.35,201,23,77,135
24,1977,1977-05-04,4,0,1,2,3.26,3.26,205,23,78,137
25,1977,1977-05-05,8,1,2,3,3.2,3.2,213,24,80,140
26,1977,1977-05-06,8,0,2,5,3.16,3.16,221,24,82,145
27,1977,1977-05-07,14,1,7,12,3.25,3.25,235,25,89,157
28,1977,1977-05-10,10,0,4,6,3.29,3.29,245,25,93,163
29,1977,1977-05-11,11,0,0,2,3.17,3.17,256,25,93,165
30,1977,1977-05-12,8,0,2,2,3.14,3.14,264,25,95,167
31,1977,1977-05-13,6,2,3,10,3.14,3.14,270,27,98,177
32,1977,1977-05-14,10,0,4,7,3.17,3.17,280,27,102,184
33,1977,1977-05-15,10,0,2,10,3.1,3.1,290,27,104,194
34,1977,1977-05-16,14,0,7,7,3.23,3.23,304,27,111,201
35,1977,1977-05-17,6,1,2,7,3.19,3.19,310,28,113,208
36,1977,1977-05-18,13,0,4,3,3.21,3.21,323,28,117,211
37,1977,1977-05-19,7,1,5,7,3.25,3.25,330,29,122,218
38,1977,1977-05-20,5,0,1,9,3.2,3.2,335,29,123,227
39,1977,1977-05-21,5,0,3,5,3.19,3.19,340,29,126,232
40,1977,1977-05-22,11,4,11,6,3.39,3.39,351,33,137,238
41,1977,1977-05-24,8,0,2,10,3.36,3.36,359,33,139,248
42,1977,1977-05-25,11,3,6,6,3.42,3.42,370,36,145,254
43,1977,1977-05-26,6,0,3,8,3.4,3.4,376,36,148,262
44,1977,1977-05-27,6,1,1,4,3.35,3.35,382,37,149,266
45,1977,1977-05-28,12,3,6,10,3.41,3.41,394,40,155,276
46,1977,1977-05-29,10,4,8,5,3.51,3.51,404,44,163,281
47,1977,1977-05-30,9,0,4,6,3.53,3.53,413,44,167,287
48,1977,1977-05-31,6,1,5,6,3.56,3.56,419,45,172,293
49,1977,1977-06-01,6,0,2,8,3.53,3.53,425,45,174,301
50,1977,1977-06-03,6,1,1,4,3.47,3.47,431,46,175,305
51,1977,1977-06-04,9,1,3,5,3.46,3.46,440,47,178,310
52,1977,1977-06-05,5,1,2,8,3.43,3.43,445,48,180,318
53,1977,1977-06-06,13,0,2,3,3.41,3.41,458,48,182,321
54,1977,1977-06-07,13,0,7,5,3.48,3.48,471,48,189,326
55,1977,1977-06-08,5,0,2,5,3.46,3.46,476,48,191,331
56,1977,1977-06-09,13,1,6,6,3.51,3.51,489,49,197,337
57,1977,1977-06-10,16,1,8,10,3.57,3.57,505,50,205,347
58,1977,1977-06-11,14,1,7,4,3.63,3.63,519,51,212,351
59,1977,1977-06-12,11,1,5,3,3.66,3.66,530,52,217,354
60,1977,1977-06-14,4,2,2,8,3.63,3.63,534,54,219,362
61,1977,1977-06-15,9,0,1,2,3.59,3.59,543,54,220,364
62,1977,1977-06-16,10,0,1,11,3.53,3.53,553,54,221,375
63,1977,1977-06-17,12,1,7,3,3.59,3.59,565,55,228,378
64,1977,1977-06-18,7,0,1,2,3.55,3.55,572,55,229,380
65,1977,1977-06-19,4,0,1,4,3.51,3.51,576,55,230,384
66,1977,1977-06-20,8,0,3,4,3.5,3.5,584,55,233,388
67,1977,1977-06-21,15,1,3,4,3.49,3.49,599,56,236,392
68,1977,1977-06-22,5,0,0,4,3.44,3.44,604,56,236,396
69,1977,1977-06-24,10,1,2,6,3.42,3.42,614,57,238,402
70,1977,1977-06-25,11,3,6,3,3.46,3.46,625,60,244,405
71,1977,,6,2,4,6,3.47,3.47,631,62,248,411
72,1977,,8,0,3,3,3.46,3.46,639,62,251,414
73,1977,1977-06-27,9,0,1,7,3.43,3.43,648,62,252,421
74,1977,1977-06-28,3,0,2,5,3.41,3.41,651,62,254,426
75,1977,1977-06-29,11,1,6,11,3.45,3.45,662,63,260,437
76,1977,1977-06-30,13,1,5,6,3.47,3.47,675,64,265,443
77,1977,1977-07-01,8,2,5,5,3.49,3.49,683,66,270,448
78,1977,1977-07-02,9,1,2,6,3.47,3.47,692,67,272,454
79,1977,1977-07-03,9,2,7,4,3.52,3.52,701,69,279,458
80,1977,1977-07-04,3,0,0,6,3.47,3.47,704,69,279,464
81,1977,1977-07-06,10,2,2,10,3.43,3.43,714,71,281,474
82,1977,1977-07-07,13,2,4,4,3.44,3.44,727,73,285,478
83,1977,1977-07-08,5,1,3,6,3.43,3.43,732,74,288,484
84,1977,1977-07-09,6,1,2,13,3.41,3.41,738,75,290,497
85,1977,,10,0,6,10,3.44,3.44,748,75,296,507
86,1977,,9,2,5,11,3.46,3.46,757,77,301,518
87,1977,1977-07-12,4,0,0,6,3.42,3.42,761,77,301,524
88,1977,1977-07-13,11,1,3,6,3.4,3.4,772,78,304,530
89,1977,1977-07-14,10,0,4,8,3.41,3.41,782,78,308,538
90,1977,1977-07-15,10,0,4,4,3.42,3.42,792,78,312,542
91,1977,1977-07-16,4,0,0,2,3.38,3.38,796,78,312,544
92,1977,1977-07-17,12,1,3,6,3.38,3.38,808,79,315,550
93,1977,1977-07-21,6,0,4,7,3.39,3.39,814,79,319,557
94,1977,1977-07-22,4,2,2,8,3.37,3.37,818,81,321,565
95,1977,1977-07-23,11,0,6,4,3.4,3.4,829,81,327,569
96,1977,1977-07-24,7,0,3,8,3.39,3.39,836,81,330,577
97,1977,1977-07-25,7,0,1,3,3.37,3.37,843,81,331,580
98,1977,,6,0,1,3,3.35,3.35,849,81,332,583
99,1977,,9,3,5,8,3.36,3.36,858,84,337,591
100,1977,1977-07-27,5,1,5,6,3.38,3.38,863,85,342,597
101,1977,1977-07-28,6,0,1,1,3.36,3.36,869,85,343,598
102,1977,1977-07-29,4,0,1,3,3.34,3.34,873,85,344,601
103,1977,1977-07-30,10,1,4,4,3.35,3.35,883,86,348,605
104,1977,1977-07-31,5,0,0,5,3.31,3.31,888,86,348,610
105,1977,1977-08-01,14,1,8,5,3.35,3.35,902,87,356,615
106,1977,1977-08-02,8,0,2,10,3.34,3.34,910,87,358,625
107,1977,1977-08-03,10,0,4,10,3.33,3.33,920,87,362,635
108,1977,1977-08-05,16,1,8,3,3.38,3.38,936,88,370,638
109,1977,1977-08-06,6,0,1,6,3.35,3.35,942,88,371,644
110,1977,1977-08-07,11,1,3,2,3.35,3.35,953,89,374,646
111,1977,1977-08-08,2,0,0,5,3.32,3.32,955,89,374,651
112,1977,1977-08-09,10,1,4,3,3.33,3.33,965,90,378,654
113,1977,1977-08-10,2,0,0,3,3.3,3.3,967,90,378,657
114,1977,1977-08-11,7,1,5,4,3.32,3.32,974,91,383,661
115,1977,1977-08-12,10,1,5,3,3.33,3.33,984,92,388,664
116,1977,1977-08-13,4,0,0,6,3.3,3.3,988,92,388,670
117,1977,1977-08-14,4,0,0,4,3.27,3.27,992,92,388,674
118,1977,1977-08-15,10,2,3,5,3.27,3.27,1002,94,391,679
119,1977,1977-08-16,5,1,2,8,3.26,3.26,1007,95,393,687
120,1977,1977-08-18,1,0,0,7,3.24,3.24,1008,95,393,694
121,1977,1977-08-19,15,2,6,3,3.26,3.26,1023,97,399,697
122,1977,1977-08-20,11,2,5,4,3.28,3.28,1034,99,404,701
123,1977,1977-08-21,10,0,0,3,3.25,3.25,1044,99,404,704
124,1977,1977-08-22,12,1,8,6,3.29,3.29,1056,100,412,710
125,1977,1977-08-23,5,0,1,5,3.28,3.28,1061,100,413,715
126,1977,1977-08-24,11,0,0,10,3.25,3.25,1072,100,413,725
127,1977,1977-08-25,6,0,2,4,3.24,3.24,1078,100,415,729
128,1977,1977-08-26,12,0,4,2,3.25,3.25,1090,100,419,731
129,1977,1977-08-27,6,0,3,12,3.24,3.24,1096,100,422,743
130,1977,1977-08-28,6,0,0,5,3.22,3.22,1102,100,422,748
131,1977,1977-08-29,8,0,1,3,3.2,3.2,1110,100,423,751
132,1977,1977-08-30,8,0,4,2,3.21,3.21,1118,100,427,753
133,1977,1977-08-31,6,0,0,5,3.18,3.18,1124,100,427,758
134,1977,1977-09-02,7,0,2,11,3.18,3.18,1131,100,429,769
135,1977,1977-09-03,10,1,4,8,3.18,3.18,1141,101,433,777
136,1977,1977-09-04,7,0,2,2,3.17,3.17,1148,101,435,779
137,1977,1977-09-05,5,0,0,4,3.15,3.15,1153,101,435,783
138,1977,1977-09-06,10,1,2,2,3.14,3.14,1163,102,437,785
139,1977,1977-09-07,7,0,0,6,3.12,3.12,1170,102,437,791
140,1977,1977-09-08,9,3,4,11,3.12,3.12,1179,105,441,802
141,1977,1977-09-09,9,0,1,4,3.11,3.11,1188,105,442,806
142,1977,1977-09-10,12,1,7,8,3.14,3.14,1200,106,449,814
143,1977,1977-09-11,9,0,6,7,3.16,3.16,1209,106,455,821
144,1977,1977-09-12,13,1,6,9,3.18,3.18,1222,107,461,830
145,1977,1977-09-13,11,0,3,4,3.17,3.17,1233,107,464,834
146,1977,1977-09-14,12,3,8,4,3.21,3.21,1245,110,472,838
147,1977,1977-09-15,9,0,3,6,3.21,3.21,1254,110,475,844
148,1977,1977-09-16,6,0,1,6,3.19,3.19,1260,110,476,850
149,1977,1977-09-17,6,1,3,6,3.19,3.19,1266,111,479,856
150,1977,1977-09-18,15,2,8,2,3.22,3.22,1281,113,487,858
151,1977,1977-09-20,6,0,1,6,3.21,3.21,1287,113,488,864
152,1977,1977-09-21,10,0,4,7,3.21,3.21,1297,113,492,871
153,1977,1977-09-23,12,0,3,6,3.21,3.21,1309,113,495,877
154,1977,1977-09-24,2,0,0,5,3.19,3.19,1311,113,495,882
155,1977,1977-09-25,9,0,4,7,3.19,3.19,1320,113,499,889
156,1977,1977-09-26,10,3,9,6,3.23,3.23,1330,116,508,895
157,1977,1977-09-27,13,0,2,5,3.22,3.22,1343,116,510,900
158,1977,1977-09-28,6,1,1,6,3.21,3.21,1349,117,511,906
159,1977,1977-09-29,10,1,3,8,3.21,3.21,1359,118,514,914
160,1977,1977-09-30,16,0,5,7,3.21,3.21,1375,118,519,921
161,1977,1977-10-01,5,0,3,5,3.2,3.2,1380,118,522,926
162,1977,1977-10-02,13,1,6,4,3.22,3.22,1393,119,528,930
1,1978,1978-04-07,9,3,4,3,4.0,4.0,9,3,4,3
2,1978,1978-04-08,7,1,2,5,3.0,3.0,16,4,6,8
3,1978,1978-04-09,7,0,3,5,3.0,3.0,23,4,9,13
4,1978,1978-04-10,7,1,2,8,2.75,2.75,30,5,11,21
5,1978,1978-04-11,5,0,1,3,2.45,2.45,35,5,12,24
6,1978,1978-04-12,15,2,11,6,3.96,3.96,50,7,23,30
7,1978,1978-04-14,6,1,1,0,3.52,3.52,56,8,24,30
8,1978,1978-04-16,7,0,0,4,3.07,3.07,63,8,24,34
9,1978,1978-04-17,15,0,8,3,3.63,3.63,78,8,32,37
10,1978,1978-04-18,16,4,10,7,4.28,4.28,94,12,42,44
11,1978,1978-04-19,10,0,2,6,4.07,4.07,104,12,44,50
12,1978,1978-04-20,8,0,1,3,3.81,3.81,112,12,45,53
13,1978,1978-04-21,10,1,7,2,4.06,4.06,122,13,52,55
14,1978,1978-04-22,6,0,1,2,3.84,3.84,128,13,53,57
15,1978,1978-04-23,8,1,3,0,3.78,3.78,136,14,56,57
16,1978,1978-04-25,6,0,2,6,3.67,3.67,142,14,58,63
17,1978,1978-04-26,10,1,4,5,3.69,3.69,152,15,62,68
18,1978,1978-04-28,6,0,1,5,3.54,3.54,158,15,63,73
19,1978,1978-04-29,2,0,1,3,3.42,3.42,160,15,64,76
20,1978,1978-04-30,8,1,3,4,3.42,3.42,168,16,67,80
21,1978,1978-05-02,10,0,4,6,3.44,3.44,178,16,71,86
22,1978,1978-05-03,14,1,5,4,3.51,3.51,192,17,76,90
23,1978,1978-05-04,6,0,0,5,3.36,3.36,198,17,76,95
24,1978,1978-05-05,7,1,2,4,3.3,3.3,205,18,78,99
25,1978,1978-05-06,10,0,3,6,3.3,3.3,215,18,81,105
26,1978,1978-05-07,9,0,5,10,3.38,3.38,224,18,86,115
27,1978,1978-05-09,8,1,1,6,3.29,3.29,232,19,87,121
28,1978,1978-05-10,9,1,6,3,3.39,3.39,241,20,93,124
29,1978,1978-05-11,5,1,2,4,3.34,3.34,246,21,95,128
30,1978,1978-05-12,13,1,5,6,3.4,3.4,259,22,100,134
31,1978,1978-05-13,6,1,2,6,3.35,3.35,265,23,102,140
32,1978,1978-05-14,11,4,9,6,3.46,3.46,276,27,111,146
33,1978,1978-05-15,13,2,6,7,3.54,3.54,289,29,117,153
34,1978,1978-05-16,5,1,2,11,3.49,3.49,294,30,119,164
35,1978,1978-05-17,4,0,1,7,3.42,3.42,298,30,120,171
36,1978,1978-05-19,16,3,9,6,3.58,3.58,314,33,129,177
37,1978,1978-05-20,11,1,2,4,3.53,3.53,325,34,131,181
38,1978,1978-05-21,8,1,1,5,3.47,3.47,333,35,132,186
39,1978,1978-05-22,8,0,1,8,3.4,3.4,341,35,133,194
40,1978,1978-05-23,6,0,2,4,3.38,3.38,347,35,135,198
41,1978,1978-05-24,13,2,6,9,3.45,3.45,360,37,141,207
42,1978,1978-05-26,7,1,6,4,3.52,3.52,367,38,147,211
43,1978,1978-05-27,2,0,0,8,3.44,3.44,369,38,147,219
44,1978,1978-05-28,12,1,6,9,3.51,3.51,381,39,153,228
45,1978,1978-05-29,10,1,6,10,3.56,3.56,391,40,159,238
46,1978,1978-05-30,4,0,2,5,3.53,3.53,395,40,161,243
47,1978,1978-05-31,7,0,3,4,3.52,3.52,402,40,164,247
48,1978,1978-06-02,9,2,4,4,3.54,3.54,411,42,168,251
49,1978,1978-06-03,6,2,5,4,3.57,3.57,417,44,173,255
50,1978,1978-06-04,11,0,8,9,3.67,3.67,428,44,181,264
51,1978,1978-06-05,12,0,8,5,3.76,3.76,440,44,189,269
52,1978,1978-06-06,11,1,2,8,3.73,3.73,451,45,191,277
53,1978,1978-06-07,9,1,2,7,3.7,3.7,460,46,193,284
54,1978,1978-06-08,7,1,4,5,3.71,3.71,467,47,197,289
55,1978,1978-06-09,15,1,10,10,3.84,3.84,482,48,207,299
56,1978,1978-06-10,10,0,3,3,3.82,3.82,492,48,210,302
57,1978,1978-06-11,10,0,4,5,3.83,3.83,502,48,214,307
58,1978,1978-06-12,7,3,5,2,3.85,3.85,509,51,219,309
59,1978,1978-06-13,8,3,3,3,3.83,3.83,517,54,222,312
60,1978,1978-06-14,12,1,3,6,3.82,3.82,529,55,225,318
61,1978,1978-06-15,5,0,0,5,3.75,3.75,534,55,225,323
62,1978,1978-06-16,9,0,1,3,3.71,3.71,543,55,226,326
63,1978,1978-06-17,13,0,6,5,3.75,3.75,556,55,232,331
64,1978,1978-06-18,6,0,0,6,3.69,3.69,562,55,232,337
65,1978,1978-06-20,11,0,2,6,3.66,3.66,573,55,234,343
66,1978,1978-06-21,7,1,4,8,3.65,3.65,580,56,238,351
67,1978,1978-06-22,12,1,4,3,3.66,3.66,592,57,242,354
68,1978,1978-06-23,3,0,0,5,3.6,3.6,595,57,242,359
69,1978,1978-06-24,13,2,3,6,3.6,3.6,608,59,245,365
70,1978,1978-06-25,12,0,3,5,3.59,3.59,620,59,248,370
71,1978,1978-06-26,8,3,5,3,3.61,3.61,628,62,253,373
72,1978,1978-06-27,7,0,0,2,3.56,3.56,635,62,253,375
73,1978,1978-06-28,6,1,2,4,3.54,3.54,641,63,255,379
74,1978,1978-06-29,9,1,3,5,3.53,3.53,650,64,258,384
75,1978,,9,0,3,5,3.53,3.53,659,64,261,389
76,1978,,11,0,0,8,3.48,3.48,670,64,261,397
77,1978,1978-07-01,6,0,0,7,3.43,3.43,676,64,261,404
78,1978,1978-07-02,11,2,7,9,3.48,3.48,687,66,268,413
79,1978,1978-07-03,10,1,4,4,3.49,3.49,697,67,272,417
80,1978,1978-07-04,5,1,1,4,3.46,3.46,702,68,273,421
81,1978,1978-07-05,15,0,6,5,3.49,3.49,717,68,279,426
82,1978,1978-07-06,6,0,1,8,3.45,3.45,723,68,280,434
83,1978,1978-07-07,6,1,4,6,3.46,3.46,729,69,284,440
84,1978,,5,0,0,0,3.42,3.42,734,69,284,440
85,1978,,11,0,5,4,3.43,3.43,745,69,289,444
86,1978,1978-07-09,7,0,3,8,3.43,3.43,752,69,292,452
87,1978,1978-07-13,12,1,5,1,3.46,3.46,764,70,297,453
88,1978,1978-07-14,7,0,4,2,3.47,3.47,771,70,301,455
89,1978,1978-07-15,6,0,0,4,3.43,3.43,777,70,301,459
90,1978,,8,0,2,5,3.42,3.42,785,70,303,464
91,1978,,9,0,3,6,3.41,3.41,794,70,306,470
92,1978,1978-07-17,9,0,2,1,3.4,3.4,803,70,308,471
93,1978,1978-07-18,6,1,2,6,3.38,3.38,809,71,310,477
94,1978,1978-07-19,10,1,6,2,3.41,3.41,819,72,316,479
95,1978,1978-07-20,9,0,5,9,3.43,3.43,828,72,321,488
96,1978,1978-07-21,9,1,5,3,3.45,3.45,837,73,326,491
97,1978,1978-07-22,10,1,2,2,3.43,3.43,847,74,328,493
98,1978,1978-07-23,7,0,2,3,3.42,3.42,854,74,330,496
99,1978,1978-07-24,10,0,1,8,3.39,3.39,864,74,331,504
100,1978,1978-07-25,10,0,1,1,3.37,3.37,874,74,332,505
101,1978,1978-07-26,8,0,2,8,3.35,3.35,882,74,334,513
102,1978,1978-07-28,7,0,0,7,3.32,3.32,889,74,334,520
103,1978,1978-07-29,2,1,1,5,3.3,3.3,891,75,335,525
104,1978,1978-07-30,10,1,5,6,3.31,3.31,901,76,340,531
105,1978,1978-07-31,9,0,3,5,3.31,3.31,910,76,343,536
106,1978,1978-08-01,6,0,1,3,3.29,3.29,916,76,344,539
107,1978,1978-08-02,7,0,2,7,3.28,3.28,923,76,346,546
108,1978,1978-08-03,11,1,5,4,3.3,3.3,934,77,351,550
109,1978,1978-08-04,6,1,1,6,3.29,3.29,940,78,352,556
110,1978,1978-08-05,9,0,0,3,3.25,3.25,949,78,352,559
111,1978,1978-08-06,4,0,1,6,3.23,3.23,953,78,353,565
112,1978,1978-08-07,6,0,1,3,3.21,3.21,959,78,354,568
113,1978,1978-08-08,6,0,0,5,3.18,3.18,965,78,354,573
114,1978,1978-08-09,5,0,0,7,3.16,3.16,970,78,354,580
115,1978,1978-08-10,5,2,2,7,3.15,3.15,975,80,356,587
116,1978,1978-08-11,7,0,3,5,3.15,3.15,982,80,359,592
117,1978,1978-08-12,7,2,3,5,3.14,3.14,989,82,362,597
118,1978,1978-08-13,11,0,7,4,3.17,3.17,1000,82,369,601
119,1978,1978-08-15,4,0,0,4,3.14,3.14,1004,82,369,605
120,1978,1978-08-16,6,1,2,5,3.13,3.13,1010,83,371,610
121,1978,1978-08-17,7,0,2,1,3.12,3.12,1017,83,373,611
122,1978,1978-08-18,9,1,3,4,3.12,3.12,1026,84,376,615
123,1978,1978-08-19,7,0,4,10,3.13,3.13,1033,84,380,625
124,1978,1978-08-20,12,0,4,2,3.14,3.14,1045,84,384,627
125,1978,1978-08-21,11,3,3,3,3.14,3.14,1056,87,387,630
126,1978,1978-08-23,9,0,2,5,3.13,3.13,1065,87,389,635
127,1978,1978-08-24,11,1,4,2,3.14,3.14,1076,88,393,637
128,1978,1978-08-25,8,2,5,10,3.16,3.16,1084,90,398,647
129,1978,1978-08-26,7,0,3,1,3.15,3.15,1091,90,401,648
130,1978,1978-08-27,13,1,7,5,3.18,3.18,1104,91,408,653
131,1978,1978-08-28,4,0,0,3,3.16,3.16,1108,91,408,656
132,1978,1978-08-29,6,0,0,6,3.13,3.13,1114,91,408,662
133,1978,1978-08-30,7,0,2,7,3.13,3.13,1121,91,410,669
134,1978,1978-09-01,9,0,3,7,3.12,3.12,1130,91,413,676
135,1978,,6,1,2,4,3.11,3.11,1136,92,415,680
136,1978,,8,0,5,4,3.12,3.12,1144,92,420,684
137,1978,1978-09-03,13,2,8,6,3.16,3.16,1157,94,428,690
138,1978,1978-09-04,11,0,4,3,3.17,3.17,1168,94,432,693
139,1978,1978-09-06,7,2,2,4,3.16,3.16,1175,96,434,697
140,1978,1978-09-07,7,0,2,2,3.15,3.15,1182,96,436,699
141,1978,1978-09-08,11,0,5,1,3.16,3.16,1193,96,441,700
142,1978,1978-09-09,11,1,4,2,3.17,3.17,1204,97,445,702
143,1978,1978-09-10,7,3,5,8,3.19,3.19,1211,100,450,710
144,1978,1978-09-11,7,1,1,6,3.17,3.17,1218,101,451,716
145,1978,1978-09-12,5,0,0,4,3.15,3.15,1223,101,451,720
146,1978,1978-09-13,4,0,0,4,3.13,3.13,1227,101,451,724
147,1978,1978-09-14,8,0,1,5,3.11,3.11,1235,101,452,729
148,1978,1978-09-15,6,0,0,6,3.09,3.09,1241,101,452,735
149,1978,1978-09-16,6,0,0,4,3.07,3.07,1247,101,452,739
150,1978,1978-09-17,6,0,2,4,3.06,3.06,1253,101,454,743
151,1978,1978-09-18,9,0,4,6,3.07,3.07,1262,101,458,749
152,1978,1978-09-19,3,0,0,2,3.05,3.05,1265,101,458,751
153,1978,1978-09-20,6,1,4,6,3.05,3.05,1271,102,462,757
154,1978,1978-09-22,20,1,10,9,3.1,3.1,1291,103,472,766
155,1978,1978-09-23,8,2,3,4,3.1,3.1,1299,105,475,770
156,1978,1978-09-24,5,0,0,6,3.08,3.08,1304,105,475,776
157,1978,1978-09-26,10,1,6,6,3.1,3.1,1314,106,481,782
158,1978,1978-09-27,7,1,5,6,3.11,3.11,1321,107,486,788
159,1978,1978-09-28,16,0,7,2,3.14,3.14,1337,107,493,790
160,1978,1978-09-29,7,0,3,4,3.14,3.14,1344,107,496,794
161,1978,1978-09-30,9,0,0,4,3.12,3.12,1353,107,496,798
162,1978,1978-10-01,9,0,3,2,3.12,3.12,1362,107,499,800
1,1979,1979-04-05,11,1,4,5,4.0,4.0,11,1,4,5
2,1979,1979-04-06,6,0,1,6,2.5,2.5,17,1,5,11
3,1979,1979-04-07,3,0,2,4,2.33,2.33,20,1,7,15
4,1979,1979-04-08,10,0,4,7,2.54,2.54,30,1,11,22
5,1979,1979-04-09,4,0,1,2,2.25,2.25,34,1,12,24
6,1979,1979-04-10,5,0,2,6,2.25,2.25,39,1,14,30
7,1979,1979-04-11,9,1,7,4,2.95,2.95,48,2,21,34
8,1979,1979-04-12,14,2,9,6,3.7,3.7,62,4,30,40
9,1979,1979-04-13,11,0,2,3,3.51,3.51,73,4,32,43
10,1979,1979-04-14,7,1,4,6,3.56,3.56,80,5,36,49
11,1979,1979-04-15,10,1,9,3,4.05,4.05,90,6,45,52
12,1979,1979-04-16,6,0,4,4,4.05,4.05,96,6,49,56
13,1979,1979-04-17,10,1,6,3,4.19,4.19,106,7,55,59
14,1979,1979-04-18,8,0,4,5,4.18,4.18,114,7,59,64
15,1979,1979-04-20,5,0,2,4,4.07,4.07,119,7,61,68
16,1979,1979-04-21,5,0,1,7,3.85,3.85,124,7,62,75
17,1979,1979-04-22,6,1,1,12,3.68,3.68,130,8,63,87
18,1979,1979-04-23,6,1,4,5,3.69,3.69,136,9,67,92
19,1979,1979-04-24,10,1,7,9,3.85,3.85,146,10,74,101
20,1979,1979-04-25,10,0,5,4,3.91,3.91,156,10,79,105
21,1979,1979-04-28,4,1,1,8,3.78,3.78,160,11,80,113
22,1979,,5,0,3,3,3.74,3.74,165,11,83,116
23,1979,,9,1,6,3,3.86,3.86,174,12,89,119
24,1979,1979-04-30,11,2,8,6,4.05,4.05,185,14,97,125
25,1979,1979-05-01,11,0,5,8,4.1,4.1,196,14,102,133
26,1979,1979-05-03,7,1,2,7,4.02,4.02,203,15,104,140
27,1979,1979-05-04,8,1,4,6,4.02,4.02,211,16,108,146
28,1979,1979-05-05,13,2,11,1,4.27,4.27,224,18,119,147
29,1979,1979-05-06,12,1,4,3,4.26,4.26,236,19,123,150
30,1979,1979-05-07,8,1,2,4,4.19,4.19,244,20,125,154
31,1979,1979-05-08,6,0,2,4,4.12,4.12,250,20,127,158
32,1979,1979-05-09,3,0,2,5,4.05,4.05,253,20,129,163
33,1979,1979-05-10,6,1,1,4,3.96,3.96,259,21,130,167
34,1979,1979-05-11,1,0,0,4,3.84,3.84,260,21,130,171
35,1979,1979-05-12,12,1,3,6,3.79,3.79,272,22,133,177
36,1979,1979-05-13,6,0,2,3,3.74,3.74,278,22,135,180
37,1979,1979-05-15,8,1,4,5,3.74,3.74,286,23,139,185
38,1979,1979-05-16,6,0,3,2,3.73,3.73,292,23,142,187
39,1979,1979-05-17,11,1,4,6,3.75,3.75,303,24,146,193
40,1979,1979-05-18,9,0,6,4,3.81,3.81,312,24,152,197
41,1979,1979-05-19,10,0,5,5,3.85,3.85,322,24,157,202
42,1979,1979-05-20,10,1,3,7,3.83,3.83,332,25,160,209
43,1979,1979-05-21,6,1,3,2,3.82,3.82,338,26,163,211
44,1979,1979-05-22,16,1,4,6,3.82,3.82,354,27,167,217
45,1979,1979-05-23,6,0,2,5,3.78,3.78,360,27,169,222
46,1979,1979-05-25,14,1,6,7,3.83,3.83,374,28,175,229
47,1979,1979-05-26,8,1,2,3,3.79,3.79,382,29,177,232
48,1979,1979-05-27,11,1,5,7,3.81,3.81,393,30,182,239
49,1979,1979-05-28,9,1,3,6,3.76,3.76,402,31,185,245
50,1979,1979-05-29,13,0,5,10,3.79,3.79,415,31,190,255
51,1979,1979-05-30,11,1,5,5,3.81,3.81,426,32,195,260
52,1979,1979-05-31,17,0,10,9,3.93,3.93,443,32,205,269
53,1979,1979-06-01,19,2,8,3,3.99,3.99,462,34,213,272
54,1979,1979-06-02,14,3,11,3,4.13,4.13,476,37,224,275
55,1979,1979-06-03,12,0,2,3,4.1,4.1,488,37,226,278
56,1979,1979-06-04,4,1,2,2,4.06,4.06,492,38,228,280
57,1979,1979-06-05,8,1,2,5,4.03,4.03,500,39,230,285
58,1979,1979-06-06,7,2,1,4,3.99,3.99,507,41,231,289
59,1979,1979-06-08,8,0,3,3,3.99,3.99,515,41,234,292
60,1979,1979-06-09,10,0,4,4,4.0,4.0,525,41,238,296
61,1979,1979-06-10,10,2,8,3,4.07,4.07,535,43,246,299
62,1979,1979-06-11,12,3,9,2,4.16,4.16,547,46,255,301
63,1979,1979-06-12,9,1,3,4,4.14,4.14,556,47,258,305
64,1979,1979-06-13,15,1,2,9,4.1,4.1,571,48,260,314
65,1979,1979-06-15,10,0,6,11,4.13,4.13,581,48,266,325
66,1979,1979-06-16,12,1,5,8,4.15,4.15,593,49,271,333
67,1979,1979-06-17,14,0,5,3,4.16,4.16,607,49,276,336
68,1979,1979-06-18,8,1,3,4,4.14,4.14,615,50,279,340
69,1979,1979-06-19,10,0,6,2,4.17,4.17,625,50,285,342
70,1979,1979-06-21,11,2,4,6,4.17,4.17,636,52,289,348
71,1979,1979-06-22,5,0,1,7,4.13,4.13,641,52,290,355
72,1979,1979-06-23,11,0,7,2,4.17,4.17,652,52,297,357
73,1979,1979-06-24,8,0,4,6,4.18,4.18,660,52,301,363
74,1979,1979-06-25,5,1,3,5,4.16,4.16,665,53,304,368
75,1979,1979-06-26,7,1,5,3,4.17,4.17,672,54,309,371
76,1979,1979-06-27,14,1,9,11,4.24,4.24,686,55,318,382
77,1979,1979-06-28,10,0,2,5,4.21,4.21,696,55,320,387
78,1979,1979-06-29,9,0,4,2,4.21,4.21,705,55,324,389
79,1979,1979-06-30,12,3,7,5,4.24,4.24,717,58,331,394
80,1979,1979-07-01,11,0,2,6,4.21,4.21,728,58,333,400
81,1979,1979-07-02,9,2,3,8,4.17,4.17,737,60,336,408
82,1979,1979-07-03,7,0,3,6,4.17,4.17,744,60,339,414
83,1979,1979-07-04,15,1,6,8,4.19,4.19,759,61,345,422
84,1979,1979-07-06,14,0,6,4,4.22,4.22,773,61,351,426
85,1979,1979-07-07,5,0,2,5,4.2,4.2,778,61,353,431
86,1979,1979-07-08,9,1,4,7,4.2,4.2,787,62,357,438
87,1979,1979-07-09,7,0,3,6,4.19,4.19,794,62,360,444
88,1979,1979-07-10,6,2,3,4,4.18,4.18,800,64,363,448
89,1979,1979-07-11,10,0,4,1,4.17,4.17,810,64,367,449
90,1979,1979-07-12,15,0,4,1,4.17,4.17,825,64,371,450
91,1979,1979-07-13,6,0,3,3,4.17,4.17,831,64,374,453
92,1979,1979-07-14,7,2,8,3,4.21,4.21,838,66,382,456
93,1979,1979-07-15,13,0,8,4,4.26,4.26,851,66,390,460
94,1979,1979-07-19,6,1,3,4,4.25,4.25,857,67,393,464
95,1979,1979-07-20,15,0,5,7,4.24,4.24,872,67,398,471
96,1979,1979-07-21,10,2,7,4,4.27,4.27,882,69,405,475
97,1979,1979-07-22,9,0,3,7,4.26,4.26,891,69,408,482
98,1979,1979-07-23,7,0,1,4,4.23,4.23,898,69,409,486
99,1979,1979-07-24,8,1,3,6,4.21,4.21,906,70,412,492
100,1979,1979-07-25,8,1,8,2,4.25,4.25,914,71,420,494
101,1979,1979-07-26,11,0,5,5,4.26,4.26,925,71,425,499
102,1979,1979-07-27,13,0,7,4,4.29,4.29,938,71,432,503
103,1979,1979-07-28,10,0,5,3,4.3,4.3,948,71,437,506
104,1979,1979-07-29,11,0,4,5,4.3,4.3,959,71,441,511
105,1979,1979-07-30,11,2,9,4,4.35,4.35,970,73,450,515
106,1979,1979-07-31,6,0,5,5,4.35,4.35,976,73,455,520
107,1979,1979-08-01,9,0,8,3,4.39,4.39,985,73,463,523
108,1979,1979-08-03,8,1,3,6,4.38,4.38,993,74,466,529
109,1979,1979-08-04,8,2,3,6,4.36,4.36,1001,76,469,535
110,1979,1979-08-05,7,1,1,7,4.33,4.33,1008,77,470,542
111,1979,1979-08-06,12,0,5,6,4.33,4.33,1020,77,475,548
112,1979,1979-08-07,14,0,1,5,4.3,4.3,1034,77,476,553
113,1979,1979-08-08,7,1,2,6,4.28,4.28,1041,78,478,559
114,1979,1979-08-09,12,0,3,3,4.27,4.27,1053,78,481,562
115,1979,1979-08-10,5,0,0,7,4.23,4.23,1058,78,481,569
116,1979,1979-08-11,8,0,4,8,4.23,4.23,1066,78,485,577
117,1979,1979-08-12,7,0,1,3,4.21,4.21,1073,78,486,580
118,1979,1979-08-14,2,0,0,7,4.17,4.17,1075,78,486,587
119,1979,1979-08-15,7,0,4,5,4.17,4.17,1082,78,490,592
120,1979,1979-08-16,9,1,2,8,4.13,4.13,1091,79,492,600
121,1979,1979-08-17,14,0,6,10,4.14,4.14,1105,79,498,610
122,1979,1979-08-18,9,0,1,6,4.12,4.12,1114,79,499,616
123,1979,1979-08-19,7,1,2,3,4.1,4.1,1121,80,501,619
124,1979,1979-08-20,5,1,2,3,4.09,4.09,1126,81,503,622
125,1979,1979-08-21,7,0,1,7,4.06,4.06,1133,81,504,629
126,1979,1979-08-22,8,1,2,6,4.05,4.05,1141,82,506,635
127,1979,1979-08-24,19,2,9,4,4.09,4.09,1160,84,515,639
128,1979,1979-08-25,13,0,5,3,4.09,4.09,1173,84,520,642
129,1979,1979-08-26,10,0,1,4,4.07,4.07,1183,84,521,646
130,1979,1979-08-27,6,1,2,5,4.05,4.05,1189,85,523,651
131,1979,1979-08-28,6,1,2,6,4.04,4.04,1195,86,525,657
132,1979,1979-08-29,8,0,4,4,4.04,4.04,1203,86,529,661
133,1979,1979-08-30,7,0,2,5,4.02,4.02,1210,86,531,666
134,1979,1979-08-31,7,1,4,4,4.02,4.02,1217,87,535,670
135,1979,1979-09-01,8,1,4,7,4.02,4.02,1225,88,539,677
136,1979,1979-09-02,9,1,2,1,4.01,4.01,1234,89,541,678
137,1979,1979-09-03,2,0,0,7,3.98,3.98,1236,89,541,685
138,1979,1979-09-04,16,0,9,2,4.02,4.02,1252,89,550,687
139,1979,1979-09-05,6,1,3,6,4.01,4.01,1258,90,553,693
140,1979,1979-09-06,10,0,6,8,4.02,4.02,1268,90,559,701
141,1979,1979-09-07,10,1,5,8,4.03,4.03,1278,91,564,709
142,1979,1979-09-08,5,0,0,7,4.01,4.01,1283,91,564,716
143,1979,1979-09-09,6,0,1,4,3.99,3.99,1289,91,565,720
144,1979,1979-09-11,6,0,2,4,3.97,3.97,1295,91,567,724
145,1979,1979-09-12,8,1,1,5,3.95,3.95,1303,92,568,729
146,1979,1979-09-13,8,1,5,4,3.96,3.96,1311,93,573,733
147,1979,1979-09-14,3,0,0,1,3.93,3.93,1314,93,573,734
148,1979,1979-09-15,6,2,2,5,3.92,3.92,1320,95,575,739
149,1979,1979-09-16,8,0,2,7,3.9,3.9,1328,95,577,746
150,1979,1979-09-17,11,0,3,3,3.9,3.9,1339,95,580,749
151,1979,1979-09-18,4,1,1,4,3.88,3.88,1343,96,581,753
152,1979,1979-09-19,5,0,2,9,3.87,3.87,1348,96,583,762
153,1979,1979-09-20,7,0,0,4,3.84,3.84,1355,96,583,766
154,1979,1979-09-21,6,1,3,2,3.84,3.84,1361,97,586,768
155,1979,1979-09-22,11,0,10,6,3.88,3.88,1372,97,596,774
156,1979,1979-09-23,7,0,2,3,3.87,3.87,1379,97,598,777
157,1979,1979-09-25,5,1,2,5,3.86,3.86,1384,98,600,782
158,1979,1979-09-26,8,1,3,6,3.85,3.85,1392,99,603,788
159,1979,1979-09-27,6,1,3,5,3.85,3.85,1398,100,606,793
160,1979,1979-09-28,8,1,5,4,3.86,3.86,1406,101,611,797
161,1979,1979-09-29,12,0,1,7,3.84,3.84,1418,101,612,804
162,1979,1979-09-30,7,0,2,7,3.83,3.83,1425,101,614,811
1,1980,1980-04-10,6,2,3,4,3.38,3.38,6,2,3,4
2,1980,1980-04-11,13,1,10,3,7.31,7.31,19,3,13,7
3,1980,1980-04-12,13,1,4,6,4.64,4.64,32,4,17,13
4,1980,1980-04-13,11,0,4,4,4.61,4.61,43,4,21,17
5,1980,1980-04-14,4,0,2,1,4.22,4.22,47,4,23,18
6,1980,1980-04-15,11,1,8,6,4.89,4.89,58,5,31,24
7,1980,1980-04-16,6,1,4,4,4.77,4.77,64,6,35,28
8,1980,1980-04-17,6,1,4,8,4.68,4.68,70,7,39,36
9,1980,1980-04-18,11,0,6,7,4.82,4.82,81,7,45,43
10,1980,1980-04-19,2,0,2,7,4.55,4.55,83,7,47,50
11,1980,1980-04-20,7,0,2,3,4.32,4.32,90,7,49,53
12,1980,1980-04-21,7,0,3,6,4.22,4.22,97,7,52,59
13,1980,1980-04-22,4,0,0,8,3.9,3.9,101,7,52,67
14,1980,1980-04-23,6,0,0,4,3.63,3.63,107,7,52,71
15,1980,1980-04-24,6,1,2,7,3.5,3.5,113,8,54,78
16,1980,1980-04-25,12,1,3,6,3.47,3.47,125,9,57,84
17,1980,1980-04-26,8,0,3,6,3.44,3.44,133,9,60,90
18,1980,1980-04-27,4,1,1,4,3.31,3.31,137,10,61,94
19,1980,1980-04-29,6,0,0,5,3.14,3.14,143,10,61,99
20,1980,1980-04-30,8,1,3,1,3.13,3.13,151,11,64,100
21,1980,1980-05-02,9,2,8,6,3.38,3.38,160,13,72,106
22,1980,1980-05-03,10,2,7,4,3.56,3.56,170,15,79,110
23,1980,1980-05-04,13,2,8,5,3.75,3.75,183,17,87,115
24,1980,1980-05-06,10,0,2,1,3.69,3.69,193,17,89,116
25,1980,1980-05-07,12,4,7,6,3.84,3.84,205,21,96,122
26,1980,1980-05-09,18,3,15,3,4.29,4.29,223,24,111,125
27,1980,1980-05-10,9,0,3,3,4.24,4.24,232,24,114,128
28,1980,1980-05-11,13,0,2,1,4.16,4.16,245,24,116,129
29,1980,1980-05-12,10,1,1,11,4.05,4.05,255,25,117,140
30,1980,1980-05-13,9,1,2,5,3.98,3.98,264,26,119,145
31,1980,1980-05-14,9,2,5,7,4.01,4.01,273,28,124,152
32,1980,1980-05-16,12,1,6,1,4.08,4.08,285,29,130,153
33,1980,1980-05-17,3,1,1,6,3.98,3.98,288,30,131,159
34,1980,1980-05-18,3,0,0,2,3.87,3.87,291,30,131,161
35,1980,1980-05-19,5,1,1,2,3.78,3.78,296,31,132,163
36,1980,1980-05-20,11,0,3,3,3.76,3.76,307,31,135,166
37,1980,1980-05-21,9,1,2,4,3.71,3.71,316,32,137,170
38,1980,1980-05-23,5,0,2,3,3.68,3.68,321,32,139,173
39,1980,1980-05-24,9,0,1,7,3.61,3.61,330,32,140,180
40,1980,1980-05-25,10,0,0,2,3.52,3.52,340,32,140,182
41,1980,,4,0,0,5,3.44,3.44,344,32,140,187
42,1980,,8,1,5,5,3.48,3.48,352,33,145,192
43,1980,1980-05-27,8,3,6,10,3.55,3.55,360,36,151,202
44,1980,1980-05-29,1,0,0,7,3.47,3.47,361,36,151,209
45,1980,1980-05-30,7,3,4,3,3.48,3.48,368,39,155,212
46,1980,1980-05-31,16,1,5,4,3.52,3.52,384,40,160,216
47,1980,1980-06-01,13,2,9,5,3.63,3.63,397,42,169,221
48,1980,1980-06-02,7,0,2,5,3.6,3.6,404,42,171,226
49,1980,1980-06-03,7,0,1,6,3.55,3.55,411,42,172,232
50,1980,1980-06-04,7,1,5,5,3.57,3.57,418,43,177,237
51,1980,1980-06-06,3,0,0,5,3.5,3.5,421,43,177,242
52,1980,1980-06-07,9,1,6,4,3.56,3.56,430,44,183,246
53,1980,1980-06-08,5,0,1,6,3.51,3.51,435,44,184,252
54,1980,1980-06-10,6,0,5,8,3.55,3.55,441,44,189,260
55,1980,1980-06-11,9,1,6,9,3.59,3.59,450,45,195,269
56,1980,1980-06-12,10,0,4,3,3.6,3.6,460,45,199,272
57,1980,1980-06-13,12,0,4,6,3.62,3.62,472,45,203,278
58,1980,1980-06-14,6,0,0,4,3.55,3.55,478,45,203,282
59,1980,1980-06-15,3,0,0,7,3.49,3.49,481,45,203,289
60,1980,1980-06-16,7,0,3,5,3.46,3.46,488,45,206,294
61,1980,1980-06-17,14,0,6,1,3.51,3.51,502,45,212,295
62,1980,1980-06-18,11,2,7,6,3.56,3.56,513,47,219,301
63,1980,1980-06-19,7,1,3,3,3.55,3.55,520,48,222,304
64,1980,1980-06-20,7,0,1,5,3.51,3.51,527,48,223,309
65,1980,1980-06-21,6,0,0,4,3.45,3.45,533,48,223,313
66,1980,1980-06-22,11,3,9,6,3.54,3.54,544,51,232,319
67,1980,1980-06-23,3,0,0,2,3.48,3.48,547,51,232,321
68,1980,1980-06-24,11,1,3,9,3.47,3.47,558,52,235,330
69,1980,1980-06-25,12,0,2,5,3.44,3.44,570,52,237,335
70,1980,1980-06-27,0,0,0,2,3.39,3.39,570,52,237,337
71,1980,1980-06-28,12,0,4,7,3.39,3.39,582,52,241,344
72,1980,,8,0,2,7,3.38,3.38,590,52,243,351
73,1980,,4,0,0,5,3.33,3.33,594,52,243,356
74,1980,1980-06-30,9,0,4,5,3.34,3.34,603,52,247,361
75,1980,1980-07-01,4,1,0,3,3.29,3.29,607,53,247,364
76,1980,1980-07-02,12,2,7,7,3.34,3.34,619,55,254,371
77,1980,1980-07-03,12,1,4,9,3.35,3.35,631,56,258,380
78,1980,1980-07-04,4,0,0,3,3.3,3.3,635,56,258,383
79,1980,1980-07-05,6,1,2,6,3.29,3.29,641,57,260,389
80,1980,1980-07-06,13,2,4,5,3.29,3.29,654,59,264,394
81,1980,1980-07-10,8,0,2,6,3.28,3.28,662,59,266,400
82,1980,1980-07-11,6,0,2,6,3.26,3.26,668,59,268,406
83,1980,1980-07-12,14,0,2,3,3.24,3.24,682,59,270,409
84,1980,1980-07-13,10,0,3,10,3.21,3.21,692,59,273,419
85,1980,1980-07-14,9,0,6,6,3.25,3.25,701,59,279,425
86,1980,1980-07-15,8,1,2,3,3.23,3.23,709,60,281,428
87,1980,1980-07-16,8,0,2,7,3.22,3.22,717,60,283,435
88,1980,1980-07-17,3,0,1,4,3.2,3.2,720,60,284,439
89,1980,1980-07-18,10,1,4,4,3.21,3.21,730,61,288,443
90,1980,1980-07-19,11,1,7,4,3.26,3.26,741,62,295,447
91,1980,,7,1,2,3,3.24,3.24,748,63,297,450
92,1980,,12,1,8,5,3.3,3.3,760,64,305,455
93,1980,1980-07-21,8,2,5,5,3.32,3.32,768,66,310,460
94,1980,1980-07-22,6,2,3,3,3.32,3.32,774,68,313,463
95,1980,1980-07-23,12,0,7,5,3.36,3.36,786,68,320,468
96,1980,1980-07-25,16,1,4,7,3.37,3.37,802,69,324,475
97,1980,1980-07-26,11,0,4,4,3.38,3.38,813,69,328,479
98,1980,1980-07-27,12,0,2,7,3.35,3.35,825,69,330,486
99,1980,1980-07-28,9,2,6,6,3.38,3.38,834,71,336,492
100,1980,1980-07-29,7,0,2,8,3.36,3.36,841,71,338,500
101,1980,1980-07-30,4,0,0,4,3.33,3.33,845,71,338,504
102,1980,1980-08-01,3,1,1,5,3.3,3.3,848,72,339,509
103,1980,1980-08-02,6,0,2,7,3.29,3.29,854,72,341,516
104,1980,1980-08-03,9,1,3,7,3.29,3.29,863,73,344,523
105,1980,1980-08-04,7,0,2,4,3.28,3.28,870,73,346,527
106,1980,1980-08-05,7,1,1,4,3.26,3.26,877,74,347,531
107,1980,1980-08-06,8,1,2,5,3.24,3.24,885,75,349,536
108,1980,1980-08-07,10,1,4,5,3.25,3.25,895,76,353,541
109,1980,1980-08-08,7,2,8,8,3.3,3.3,902,78,361,549
110,1980,1980-08-09,11,0,4,5,3.31,3.31,913,78,365,554
111,1980,1980-08-10,6,0,0,6,3.28,3.28,919,78,365,560
112,1980,1980-08-11,10,0,3,5,3.27,3.27,929,78,368,565
113,1980,1980-08-12,8,3,7,7,3.31,3.31,937,81,375,572
114,1980,1980-08-13,8,1,2,2,3.3,3.3,945,82,377,574
115,1980,1980-08-15,5,1,1,6,3.28,3.28,950,83,378,580
116,1980,1980-08-16,8,1,3,3,3.27,3.27,958,84,381,583
117,1980,1980-08-17,11,1,6,8,3.3,3.3,969,85,387,591
118,1980,1980-08-19,8,0,2,4,3.29,3.29,977,85,389,595
119,1980,1980-08-20,6,1,1,5,3.27,3.27,983,86,390,600
120,1980,1980-08-21,9,2,4,6,3.27,3.27,992,88,394,606
121,1980,1980-08-22,7,0,4,4,3.28,3.28,999,88,398,610
122,1980,1980-08-23,7,0,2,7,3.27,3.27,1006,88,400,617
123,1980,1980-08-24,4,0,2,4,3.26,3.26,1010,88,402,621
124,1980,1980-08-25,9,0,4,5,3.26,3.26,1019,88,406,626
125,1980,1980-08-26,13,0,4,3,3.27,3.27,1032,88,410,629
126,1980,1980-08-27,10,0,3,5,3.27,3.27,1042,88,413,634
127,1980,1980-08-29,13,0,4,4,3.28,3.28,1055,88,417,638
128,1980,1980-08-30,7,0,3,3,3.27,3.27,1062,88,420,641
129,1980,,4,0,0,3,3.25,3.25,1066,88,420,644
130,1980,,7,2,2,7,3.24,3.24,1073,90,422,651
131,1980,1980-09-01,4,0,2,9,3.23,3.23,1077,90,424,660
132,1980,1980-09-02,4,0,5,6,3.24,3.24,1081,90,429,666
133,1980,1980-09-03,5,0,0,8,3.22,3.22,1086,90,429,674
134,1980,1980-09-04,6,2,3,5,3.22,3.22,1092,92,432,679
135,1980,1980-09-05,3,0,0,10,3.19,3.19,1095,92,432,689
136,1980,1980-09-06,7,0,3,7,3.19,3.19,1102,92,435,696
137,1980,1980-09-07,3,0,0,3,3.17,3.17,1105,92,435,699
138,1980,1980-09-09,12,0,2,3,3.16,3.16,1117,92,437,702
139,1980,1980-09-10,14,1,6,4,3.18,3.18,1131,93,443,706
140,1980,1980-09-12,4,1,2,4,3.17,3.17,1135,94,445,710
141,1980,1980-09-13,7,0,1,6,3.15,3.15,1142,94,446,716
142,1980,1980-09-14,5,0,1,4,3.14,3.14,1147,94,447,720
143,1980,1980-09-15,13,1,7,5,3.17,3.17,1160,95,454,725
144,1980,1980-09-16,9,0,0,3,3.15,3.15,1169,95,454,728
145,1980,1980-09-17,8,0,1,6,3.13,3.13,1177,95,455,734
146,1980,1980-09-18,7,1,3,7,3.13,3.13,1184,96,458,741
147,1980,1980-09-19,14,1,9,10,3.17,3.17,1198,97,467,751
148,1980,1980-09-20,11,1,10,3,3.22,3.22,1209,98,477,754
149,1980,1980-09-21,16,0,7,4,3.24,3.24,1225,98,484,758
150,1980,1980-09-22,12,2,7,4,3.26,3.26,1237,100,491,762
151,1980,1980-09-23,9,1,2,5,3.26,3.26,1246,101,493,767
152,1980,1980-09-24,14,1,4,8,3.25,3.25,1260,102,497,775
153,1980,1980-09-25,8,2,3,2,3.25,3.25,1268,104,500,777
154,1980,1980-09-26,9,0,3,6,3.25,3.25,1277,104,503,783
155,1980,1980-09-27,9,0,3,3,3.25,3.25,1286,104,506,786
156,1980,1980-09-28,9,0,6,4,3.27,3.27,1295,104,512,790
157,1980,1980-09-30,10,0,3,6,3.27,3.27,1305,104,515,796
158,1980,1980-10-01,9,0,3,6,3.27,3.27,1314,104,518,802
159,1980,1980-10-02,8,0,3,6,3.27,3.27,1322,104,521,808
160,1980,1980-10-03,9,0,2,7,3.26,3.26,1331,104,523,815
161,1980,1980-10-04,7,0,1,7,3.24,3.24,1338,104,524,822
162,1980,1980-10-05,8,0,2,8,3.23,3.23,1346,104,526,830
163,1980,1980-10-06,12,1,5,5,3.25,3.25,1358,105,531,835
1,1981,1981-04-09,5,0,0,5,0.0,0.0,5,0,0,5
2,1981,1981-04-11,12,0,4,4,2.0,2.0,17,0,4,9
3,1981,1981-04-12,6,1,2,5,2.0,2.0,23,1,6,14
4,1981,1981-04-13,8,0,3,5,2.25,2.25,31,1,9,19
5,1981,1981-04-14,4,0,1,10,2.0,2.0,35,1,10,29
6,1981,1981-04-15,8,0,2,4,2.0,2.0,43,1,12,33
7,1981,1981-04-17,8,0,2,5,1.99,1.99,51,1,14,38
8,1981,1981-04-18,5,0,0,10,1.74,1.74,56,1,14,48
9,1981,1981-04-19,8,0,1,5,1.66,1.66,64,1,15,53
10,1981,1981-04-20,11,0,2,3,1.69,1.69,75,1,17,56
11,1981,1981-04-21,8,0,1,2,1.65,1.65,83,1,18,58
12,1981,1981-04-22,7,0,0,11,1.51,1.51,90,1,18,69
13,1981,1981-04-23,5,1,1,4,1.47,1.47,95,2,19,73
14,1981,1981-04-24,11,1,6,6,1.8,1.8,106,3,25,79
15,1981,1981-04-25,8,0,1,5,1.72,1.72,114,3,26,84
16,1981,1981-04-26,7,0,2,3,1.73,1.73,121,3,28,87
17,1981,1981-04-27,7,0,0,7,1.63,1.63,128,3,28,94
18,1981,1981-04-28,6,2,6,4,1.87,1.87,134,5,34,98
19,1981,1981-04-29,5,0,3,7,1.93,1.93,139,5,37,105
20,1981,1981-05-01,12,2,8,7,2.19,2.19,151,7,45,112
21,1981,1981-05-02,7,0,0,0,2.09,2.09,158,7,45,112
22,1981,1981-05-03,6,0,1,8,2.03,2.03,164,7,46,120
23,1981,1981-05-04,7,0,1,4,2.0,2.0,171,7,47,124
24,1981,1981-05-05,9,1,8,3,2.25,2.25,180,8,55,127
25,1981,1981-05-06,5,0,1,4,2.2,2.2,185,8,56,131
26,1981,1981-05-07,6,0,1,4,2.15,2.15,191,8,57,135
27,1981,1981-05-08,7,0,0,11,2.07,2.07,198,8,57,146
28,1981,1981-05-09,11,0,7,4,2.26,2.26,209,8,64,150
29,1981,1981-05-10,8,0,3,1,2.28,2.28,217,8,67,151
30,1981,1981-05-12,10,0,0,3,2.21,2.21,227,8,67,154
31,1981,1981-05-13,14,1,6,1,2.33,2.33,241,9,73,155
32,1981,1981-05-14,3,2,2,7,2.32,2.32,244,11,75,162
33,1981,1981-05-15,10,2,5,7,2.4,2.4,254,13,80,169
34,1981,1981-05-16,6,0,0,5,2.33,2.33,260,13,80,174
35,1981,1981-05-17,12,0,1,3,2.29,2.29,272,13,81,177
36,1981,1981-05-18,3,1,4,9,2.34,2.34,275,14,85,186
37,1981,1981-05-19,5,0,3,4,2.35,2.35,280,14,88,190
38,1981,1981-05-20,8,1,2,7,2.34,2.34,288,15,90,197
39,1981,1981-05-22,12,0,1,7,2.29,2.29,300,15,91,204
40,1981,1981-05-23,10,0,5,6,2.35,2.35,310,15,96,210
41,1981,,7,0,3,6,2.37,2.37,317,15,99,216
42,1981,,9,0,3,8,2.38,2.38,326,15,102,224
43,1981,1981-05-25,7,0,0,5,2.33,2.33,333,15,102,229
44,1981,1981-05-27,7,1,3,2,2.35,2.35,340,16,105,231
45,1981,1981-05-28,11,0,9,4,2.5,2.5,351,16,114,235
46,1981,1981-05-29,11,1,2,7,2.49,2.49,362,17,116,242
47,1981,1981-05-30,11,1,7,11,2.58,2.58,373,18,123,253
48,1981,1981-05-31,8,1,4,7,2.61,2.61,381,19,127,260
49,1981,1981-06-01,7,0,2,11,2.6,2.6,388,19,129,271
50,1981,1981-06-02,9,0,3,2,2.6,2.6,397,19,132,273
51,1981,1981-06-03,9,2,4,6,2.63,2.63,406,21,136,279
52,1981,1981-06-05,11,0,4,4,2.66,2.66,417,21,140,283
53,1981,1981-06-06,11,2,11,6,2.82,2.82,428,23,151,289
54,1981,1981-06-07,6,0,0,11,2.77,2.77,434,23,151,300
55,1981,1981-06-09,10,0,6,1,2.84,2.84,444,23,157,301
56,1981,1981-06-10,3,1,1,6,2.8,2.8,447,24,158,307
57,1981,1981-06-11,3,1,2,10,2.79,2.79,450,25,160,317
58,1981,1981-08-10,3,0,0,3,2.75,2.75,453,25,160,320
59,1981,1981-08-11,10,2,7,5,2.82,2.82,463,27,167,325
60,1981,1981-08-12,13,1,5,4,2.85,2.85,476,28,172,329
61,1981,1981-08-13,9,1,8,4,2.94,2.94,485,29,180,333
62,1981,1981-08-14,3,0,0,8,2.89,2.89,488,29,180,341
63,1981,1981-08-15,11,0,5,4,2.92,2.92,499,29,185,345
64,1981,1981-08-16,11,3,5,12,2.96,2.96,510,32,190,357
65,1981,1981-08-17,8,0,2,6,2.95,2.95,518,32,192,363
66,1981,1981-08-18,4,0,0,5,2.9,2.9,522,32,192,368
67,1981,1981-08-19,9,0,4,5,2.92,2.92,531,32,196,373
68,1981,1981-08-21,4,0,0,3,2.88,2.88,535,32,196,376
69,1981,1981-08-22,4,0,2,13,2.87,2.87,539,32,198,389
70,1981,1981-08-23,20,1,11,5,2.99,2.99,559,33,209,394
71,1981,1981-08-24,4,0,0,4,2.95,2.95,563,33,209,398
72,1981,1981-08-25,16,1,7,4,2.99,2.99,579,34,216,402
73,1981,1981-08-26,11,3,6,4,3.03,3.03,590,37,222,406
74,1981,1981-08-27,4,0,0,10,2.99,2.99,594,37,222,416
75,1981,1981-08-28,9,0,1,6,2.97,2.97,603,37,223,422
76,1981,1981-08-29,6,0,3,8,2.97,2.97,609,37,226,430
77,1981,1981-08-30,8,0,2,5,2.96,2.96,617,37,228,435
78,1981,1981-08-31,10,0,3,7,2.95,2.95,627,37,231,442
79,1981,1981-09-01,13,0,2,8,2.92,2.92,640,37,233,450
80,1981,1981-09-02,7,1,2,3,2.91,2.91,647,38,235,453
81,1981,1981-09-03,7,2,5,7,2.93,2.93,654,40,240,460
82,1981,1981-09-04,14,0,7,2,2.98,2.98,668,40,247,462
83,1981,1981-09-05,11,0,3,3,2.97,2.97,679,40,250,465
84,1981,1981-09-06,4,0,0,8,2.94,2.94,683,40,250,473
85,1981,1981-09-07,8,0,1,5,2.92,2.92,691,40,251,478
86,1981,1981-09-08,3,0,0,6,2.88,2.88,694,40,251,484
87,1981,1981-09-09,11,2,6,7,2.91,2.91,705,42,257,491
88,1981,1981-09-11,11,1,1,2,2.89,2.89,716,43,258,493
89,1981,1981-09-12,13,0,6,8,2.92,2.92,729,43,264,501
90,1981,1981-09-13,8,1,1,11,2.9,2.9,737,44,265,512
91,1981,1981-09-14,10,0,4,1,2.91,2.91,747,44,269,513
92,1981,1981-09-15,13,0,8,2,2.97,2.97,760,44,277,515
93,1981,1981-09-16,5,0,2,2,2.96,2.96,765,44,279,517
94,1981,1981-09-17,3,0,0,6,2.93,2.93,768,44,279,523
95,1981,1981-09-18,12,2,5,4,2.95,2.95,780,46,284,527
96,1981,1981-09-19,11,0,7,6,2.99,2.99,791,46,291,533
97,1981,1981-09-20,13,0,5,5,3.01,3.01,804,46,296,538
98,1981,1981-09-22,9,1,4,8,3.02,3.02,813,47,300,546
99,1981,1981-09-23,11,1,8,7,3.08,3.08,824,48,308,553
100,1981,1981-09-24,10,0,3,6,3.08,3.08,834,48,311,559
101,1981,1981-09-25,4,0,0,3,3.05,3.05,838,48,311,562
102,1981,1981-09-26,11,0,4,3,3.06,3.06,849,48,315,565
103,1981,1981-09-27,7,0,4,6,3.07,3.07,856,48,319,571
104,1981,1981-09-28,6,0,2,4,3.06,3.06,862,48,321,575
105,1981,1981-09-29,6,3,3,3,3.06,3.06,868,51,324,578
106,1981,1981-09-30,6,0,2,5,3.05,3.05,874,51,326,583
107,1981,1981-10-01,6,0,0,7,3.02,3.02,880,51,326,590
108,1981,1981-10-02,4,1,1,3,3.01,3.01,884,52,327,593
109,1981,1981-10-03,7,1,1,6,2.99,2.99,891,53,328,599
110,1981,1981-10-04,13,1,5,4,3.01,3.01,904,54,333,603
1,1982,1982-04-06,9,1,3,3,3.0,3.0,9,1,3,3
2,1982,1982-04-07,4,0,2,5,2.5,2.5,13,1,5,8
3,1982,1982-04-09,10,0,6,2,3.67,3.67,23,1,11,10
4,1982,1982-04-10,7,0,0,8,2.75,2.75,30,1,11,18
5,1982,1982-04-12,11,0,1,6,2.31,2.31,41,1,12,24
6,1982,1982-04-13,8,1,5,2,2.75,2.75,49,2,17,26
7,1982,1982-04-14,6,1,2,4,2.69,2.69,55,3,19,30
8,1982,1982-04-15,6,0,2,7,2.64,2.64,61,3,21,37
9,1982,1982-04-16,10,0,5,6,2.94,2.94,71,3,26,43
10,1982,1982-04-17,8,0,2,3,2.87,2.87,79,3,28,46
11,1982,1982-04-18,13,1,9,4,3.48,3.48,92,4,37,50
12,1982,1982-04-19,9,0,6,6,3.7,3.7,101,4,43,56
13,1982,1982-04-20,8,1,1,7,3.48,3.48,109,5,44,63
14,1982,1982-04-21,1,0,0,2,3.23,3.23,110,5,44,65
15,1982,1982-04-23,7,0,0,4,3.01,3.01,117,5,44,69
16,1982,1982-04-24,6,0,2,5,2.94,2.94,123,5,46,74
17,1982,1982-04-25,5,2,6,6,3.15,3.15,128,7,52,80
18,1982,1982-04-27,4,0,0,2,2.97,2.97,132,7,52,82
19,1982,1982-04-28,16,0,7,3,3.19,3.19,148,7,59,85
20,1982,1982-04-29,1,0,0,2,3.02,3.02,149,7,59,87
21,1982,1982-04-30,7,0,4,3,3.07,3.07,156,7,63,90
22,1982,1982-05-01,8,0,0,6,2.93,2.93,164,7,63,96
23,1982,1982-05-02,17,1,13,5,3.38,3.38,181,8,76,101
24,1982,1982-05-03,17,0,6,8,3.44,3.44,198,8,82,109
25,1982,1982-05-04,7,0,1,7,3.34,3.34,205,8,83,116
26,1982,1982-05-06,6,2,2,6,3.29,3.29,211,10,85,122
27,1982,1982-05-07,7,1,2,3,3.24,3.24,218,11,87,125
28,1982,1982-05-08,11,2,8,5,3.41,3.41,229,13,95,130
29,1982,1982-05-09,8,0,4,4,3.43,3.43,237,13,99,134
30,1982,1982-05-10,9,2,9,9,3.61,3.61,246,15,108,143
31,1982,1982-05-11,12,0,7,4,3.74,3.74,258,15,115,147
32,1982,1982-05-12,14,0,11,7,3.98,3.98,272,15,126,154
33,1982,1982-05-13,13,0,4,7,3.99,3.99,285,15,130,161
34,1982,1982-05-14,7,0,1,6,3.9,3.9,292,15,131,167
35,1982,1982-05-15,8,1,6,8,3.98,3.98,300,16,137,175
36,1982,1982-05-16,12,0,9,3,4.13,4.13,312,16,146,178
37,1982,1982-05-18,9,0,1,9,4.05,4.05,321,16,147,187
38,1982,1982-05-19,6,0,1,8,3.96,3.96,327,16,148,195
39,1982,1982-05-20,11,0,6,4,4.02,4.02,338,16,154,199
40,1982,1982-05-21,13,0,6,2,4.07,4.07,351,16,160,201
41,1982,1982-05-22,7,0,0,2,3.97,3.97,358,16,160,203
42,1982,1982-05-23,5,0,0,7,3.87,3.87,363,16,160,210
43,1982,1982-05-24,12,1,8,6,3.97,3.97,375,17,168,216
44,1982,1982-05-25,5,1,2,7,3.92,3.92,380,18,170,223
45,1982,1982-05-26,11,0,2,3,3.88,3.88,391,18,172,226
46,1982,1982-05-28,7,1,4,6,3.89,3.89,398,19,176,232
47,1982,1982-05-29,9,0,3,6,3.84,3.84,407,19,179,238
48,1982,1982-05-30,8,0,0,9,3.76,3.76,415,19,179,247
49,1982,1982-05-31,8,1,4,4,3.76,3.76,423,20,183,251
50,1982,1982-06-01,7,1,3,5,3.76,3.76,430,21,186,256
51,1982,1982-06-02,14,0,8,6,3.84,3.84,444,21,194,262
52,1982,1982-06-04,8,1,5,1,3.87,3.87,452,22,199,263
53,1982,1982-06-05,9,0,2,3,3.84,3.84,461,22,201,266
54,1982,1982-06-06,9,0,2,3,3.8,3.8,470,22,203,269
55,1982,1982-06-07,6,1,4,6,3.81,3.81,476,23,207,275
56,1982,1982-06-08,9,1,4,6,3.81,3.81,485,24,211,281
57,1982,1982-06-09,18,0,8,2,3.89,3.89,503,24,219,283
58,1982,1982-06-10,7,0,3,4,3.87,3.87,510,24,222,287
59,1982,1982-06-11,1,0,1,7,3.82,3.82,511,24,223,294
60,1982,1982-06-12,10,1,3,10,3.81,3.81,521,25,226,304
61,1982,1982-06-13,12,0,4,3,3.81,3.81,533,25,230,307
62,1982,1982-06-14,14,0,3,7,3.78,3.78,547,25,233,314
63,1982,1982-06-15,5,0,0,7,3.72,3.72,552,25,233,321
64,1982,1982-06-16,3,0,0,6,3.66,3.66,555,25,233,327
65,1982,1982-06-18,9,0,1,4,3.61,3.61,564,25,234,331
66,1982,1982-06-19,5,1,1,4,3.57,3.57,569,26,235,335
67,1982,1982-06-20,7,0,2,3,3.55,3.55,576,26,237,338
68,1982,1982-06-21,14,1,8,6,3.62,3.62,590,27,245,344
69,1982,1982-06-22,3,0,0,5,3.57,3.57,593,27,245,349
70,1982,1982-06-23,11,1,7,4,3.62,3.62,604,28,252,353
71,1982,1982-06-24,10,0,3,7,3.61,3.61,614,28,255,360
72,1982,1982-06-25,11,0,7,4,3.67,3.67,625,28,262,364
73,1982,1982-06-26,5,0,1,4,3.63,3.63,630,28,263,368
74,1982,1982-06-27,9,0,3,9,3.62,3.62,639,28,266,377
75,1982,1982-06-28,8,0,4,3,3.63,3.63,647,28,270,380
76,1982,1982-06-29,15,1,7,7,3.66,3.66,662,29,277,387
77,1982,,3,0,1,6,3.63,3.63,665,29,278,393
78,1982,,9,2,5,5,3.65,3.65,674,31,283,398
79,1982,1982-07-02,7,1,4,4,3.65,3.65,681,32,287,402
80,1982,1982-07-03,8,0,4,5,3.66,3.66,689,32,291,407
81,1982,1982-07-04,8,0,2,9,3.64,3.64,697,32,293,416
82,1982,1982-07-05,5,1,1,8,3.6,3.6,702,33,294,424
83,1982,1982-07-06,9,2,3,6,3.6,3.6,711,35,297,430
84,1982,1982-07-07,8,0,1,6,3.56,3.56,719,35,298,436
85,1982,1982-07-08,9,0,7,4,3.61,3.61,728,35,305,440
86,1982,1982-07-09,11,2,4,4,3.61,3.61,739,37,309,444
87,1982,1982-07-10,5,2,4,7,3.61,3.61,744,39,313,451
88,1982,1982-07-11,6,0,1,6,3.59,3.59,750,39,314,457
89,1982,1982-07-15,7,2,4,5,3.59,3.59,757,41,318,462
90,1982,1982-07-16,9,1,5,9,3.61,3.61,766,42,323,471
91,1982,1982-07-17,9,2,4,6,3.61,3.61,775,44,327,477
92,1982,1982-07-18,11,1,5,4,3.63,3.63,786,45,332,481
93,1982,1982-07-19,6,0,1,7,3.6,3.6,792,45,333,488
94,1982,1982-07-20,4,0,0,8,3.56,3.56,796,45,333,496
95,1982,1982-07-21,8,0,4,6,3.56,3.56,804,45,337,502
96,1982,1982-07-23,8,2,5,4,3.57,3.57,812,47,342,506
97,1982,1982-07-24,9,0,1,11,3.55,3.55,821,47,343,517
98,1982,1982-07-25,6,0,1,6,3.52,3.52,827,47,344,523
99,1982,1982-07-26,6,0,6,6,3.55,3.55,833,47,350,529
100,1982,1982-07-27,5,0,3,5,3.54,3.54,838,47,353,534
101,1982,1982-07-28,10,0,6,10,3.57,3.57,848,47,359,544
102,1982,,18,2,9,3,3.63,3.63,866,49,368,547
103,1982,,6,1,2,6,3.61,3.61,872,50,370,553
104,1982,1982-07-31,6,0,0,8,3.58,3.58,878,50,370,561
105,1982,1982-08-01,6,1,4,8,3.58,3.58,884,51,374,569
106,1982,1982-08-02,9,0,3,3,3.58,3.58,893,51,377,572
107,1982,1982-08-03,6,0,0,7,3.54,3.54,899,51,377,579
108,1982,1982-08-04,4,1,2,6,3.53,3.53,903,52,379,585
109,1982,1982-08-05,5,1,2,5,3.51,3.51,908,53,381,590
110,1982,1982-08-06,7,2,4,3,3.51,3.51,915,55,385,593
111,1982,1982-08-07,10,0,3,5,3.5,3.5,925,55,388,598
112,1982,1982-08-08,4,0,0,4,3.47,3.47,929,55,388,602
113,1982,1982-08-09,4,0,2,12,3.44,3.44,933,55,390,614
114,1982,1982-08-10,6,0,1,4,3.42,3.42,939,55,391,618
115,1982,1982-08-11,7,0,2,8,3.41,3.41,946,55,393,626
116,1982,1982-08-12,10,0,2,4,3.4,3.4,956,55,395,630
117,1982,1982-08-13,3,1,1,8,3.38,3.38,959,56,396,638
118,1982,1982-08-14,8,2,4,5,3.38,3.38,967,58,400,643
119,1982,1982-08-15,13,2,7,11,3.41,3.41,980,60,407,654
120,1982,,16,0,1,13,3.36,3.36,996,60,408,667
121,1982,1982-08-18,9,0,4,6,3.36,3.36,1005,60,412,673
122,1982,1982-08-19,17,2,8,3,3.4,3.4,1022,62,420,676
123,1982,1982-08-20,2,0,0,9,3.37,3.37,1024,62,420,685
124,1982,1982-08-21,8,1,2,7,3.37,3.37,1032,63,422,692
125,1982,1982-08-22,12,0,3,9,3.35,3.35,1044,63,425,701
126,1982,1982-08-23,13,0,9,7,3.4,3.4,1057,63,434,708
127,1982,1982-08-24,4,0,2,7,3.39,3.39,1061,63,436,715
128,1982,1982-08-25,6,1,1,4,3.37,3.37,1067,64,437,719
129,1982,1982-08-27,13,0,4,5,3.37,3.37,1080,64,441,724
130,1982,1982-08-28,8,0,1,5,3.36,3.36,1088,64,442,729
131,1982,1982-08-29,13,1,6,12,3.38,3.38,1101,65,448,741
132,1982,1982-08-30,6,0,3,8,3.37,3.37,1107,65,451,749
133,1982,1982-08-31,9,0,1,5,3.35,3.35,1116,65,452,754
134,1982,1982-09-01,17,0,4,9,3.35,3.35,1133,65,456,763
135,1982,1982-09-03,6,0,3,4,3.35,3.35,1139,65,459,767
136,1982,1982-09-04,4,1,1,11,3.33,3.33,1143,66,460,778
137,1982,1982-09-05,9,0,1,3,3.31,3.31,1152,66,461,781
138,1982,1982-09-06,5,1,2,3,3.3,3.3,1157,67,463,784
139,1982,1982-09-07,9,1,4,3,3.31,3.31,1166,68,467,787
140,1982,1982-09-08,17,3,11,4,3.36,3.36,1183,71,478,791
141,1982,1982-09-09,9,3,10,2,3.41,3.41,1192,74,488,793
142,1982,1982-09-10,8,0,1,8,3.39,3.39,1200,74,489,801
143,1982,1982-09-11,7,0,2,6,3.38,3.38,1207,74,491,807
144,1982,1982-09-12,8,0,3,5,3.38,3.38,1215,74,494,812
145,1982,1982-09-13,15,1,3,10,3.36,3.36,1230,75,497,822
146,1982,1982-09-14,6,0,0,6,3.34,3.34,1236,75,497,828
147,1982,1982-09-15,3,0,0,2,3.31,3.31,1239,75,497,830
148,1982,1982-09-17,9,0,1,4,3.3,3.3,1248,75,498,834
149,1982,1982-09-18,4,2,2,4,3.29,3.29,1252,77,500,838
150,1982,1982-09-19,12,0,3,8,3.29,3.29,1264,77,503,846
151,1982,1982-09-21,4,0,2,1,3.28,3.28,1268,77,505,847
152,1982,1982-09-22,8,0,2,11,3.27,3.27,1276,77,507,858
153,1982,1982-09-24,6,0,3,8,3.27,3.27,1282,77,510,866
154,1982,1982-09-25,12,0,3,4,3.27,3.27,1294,77,513,870
155,1982,1982-09-26,8,1,3,3,3.27,3.27,1302,78,516,873
156,1982,1982-09-27,12,0,6,6,3.28,3.28,1314,78,522,879
157,1982,1982-09-28,8,0,4,9,3.28,3.28,1322,78,526,888
158,1982,1982-09-29,11,1,4,11,3.28,3.28,1333,79,530,899
159,1982,1982-09-30,9,0,3,7,3.28,3.28,1342,79,533,906
160,1982,1982-10-01,3,0,0,7,3.26,3.26,1345,79,533,913
161,1982,1982-10-02,6,1,2,7,3.25,3.25,1351,80,535,920
162,1982,1982-10-03,5,1,5,12,3.27,3.27,1356,81,540,932
1,1983,1983-04-05,10,0,6,7,6.0,6.0,10,0,6,7
2,1983,1983-04-06,9,0,2,1,4.0,4.0,19,0,8,8
3,1983,1983-04-08,11,0,7,4,5.0,5.0,30,0,15,12
4,1983,1983-04-09,5,0,5,3,5.0,5.0,35,0,20,15
5,1983,1983-04-10,7,0,0,5,4.0,4.0,42,0,20,20
6,1983,1983-04-11,7,0,1,7,3.38,3.38,49,0,21,27
7,1983,1983-04-12,7,0,1,6,3.05,3.05,56,0,22,33
8,1983,1983-04-13,10,0,3,4,2.85,2.85,66,0,25,37
9,1983,1983-04-15,11,0,2,3,2.76,2.76,77,0,27,40
10,1983,1983-04-16,8,3,5,6,2.97,2.97,85,3,32,46
11,1983,1983-04-17,14,0,8,6,3.4,3.4,99,3,40,52
12,1983,1983-04-18,4,1,2,5,3.29,3.29,103,4,42,57
13,1983,1983-04-20,7,0,3,11,3.26,3.26,110,4,45,68
14,1983,1983-04-22,8,0,2,3,3.17,3.17,118,4,47,71
15,1983,1983-04-23,8,1,2,6,3.1,3.1,126,5,49,77
16,1983,1983-04-25,7,0,0,6,2.91,2.91,133,5,49,83
17,1983,1983-04-26,5,1,1,6,2.81,2.81,138,6,50,89
18,1983,1983-04-27,12,1,7,3,3.05,3.05,150,7,57,92
19,1983,1983-04-29,7,0,3,6,3.05,3.05,157,7,60,98
20,1983,1983-04-30,10,1,7,7,3.25,3.25,167,8,67,105
21,1983,1983-05-01,3,0,2,4,3.26,3.26,170,8,69,109
22,1983,1983-05-02,14,1,5,5,3.34,3.34,184,9,74,114
23,1983,1983-05-03,9,0,2,10,3.28,3.28,193,9,76,124
24,1983,1983-05-04,6,1,2,6,3.23,3.23,199,10,78,130
25,1983,1983-05-06,14,0,10,7,3.5,3.5,213,10,88,137
26,1983,1983-05-07,8,1,3,8,3.48,3.48,221,11,91,145
27,1983,1983-05-08,9,0,1,3,3.39,3.39,230,11,92,148
28,1983,1983-05-09,10,0,3,4,3.38,3.38,240,11,95,152
29,1983,1983-05-10,6,0,2,4,3.33,3.33,246,11,97,156
30,1983,1983-05-12,6,1,3,6,3.32,3.32,252,12,100,162
31,1983,1983-05-13,7,2,6,1,3.42,3.42,259,14,106,163
32,1983,1983-05-14,5,0,1,6,3.34,3.34,264,14,107,169
33,1983,1983-05-15,5,0,1,4,3.27,3.27,269,14,108,173
34,1983,1983-05-17,10,0,2,10,3.17,3.17,279,14,110,183
35,1983,1983-05-18,9,1,3,4,3.17,3.17,288,15,113,187
36,1983,1983-05-20,8,0,2,6,3.15,3.15,296,15,115,193
37,1983,1983-05-22,2,0,0,9,3.06,3.06,298,15,115,202
38,1983,1983-05-23,4,0,0,7,2.98,2.98,302,15,115,209
39,1983,1983-05-24,4,0,0,8,2.91,2.91,306,15,115,217
40,1983,1983-05-25,7,1,1,7,2.86,2.86,313,16,116,224
41,1983,1983-05-26,10,3,4,6,2.89,2.89,323,19,120,230
42,1983,1983-05-27,12,2,5,8,2.94,2.94,335,21,125,238
43,1983,1983-05-28,2,0,0,5,2.87,2.87,337,21,125,243
44,1983,1983-05-29,11,2,6,12,2.94,2.94,348,23,131,255
45,1983,1983-05-30,7,1,2,4,2.92,2.92,355,24,133,259
46,1983,1983-05-31,7,0,0,2,2.86,2.86,362,24,133,261
47,1983,1983-06-01,1,0,0,8,2.8,2.8,363,24,133,269
48,1983,1983-06-02,12,2,4,8,2.79,2.79,375,26,137,277
49,1983,1983-06-03,12,0,3,8,2.79,2.79,387,26,140,285
50,1983,1983-06-04,9,0,1,7,2.76,2.76,396,26,141,292
51,1983,1983-06-05,9,0,3,8,2.76,2.76,405,26,144,300
52,1983,1983-06-07,6,1,2,3,2.75,2.75,411,27,146,303
53,1983,1983-06-08,11,3,4,5,2.78,2.78,422,30,150,308
54,1983,1983-06-09,10,0,2,7,2.76,2.76,432,30,152,315
55,1983,1983-06-10,7,0,1,6,2.74,2.74,439,30,153,321
56,1983,1983-06-11,6,0,2,5,2.72,2.72,445,30,155,326
57,1983,1983-06-12,8,1,3,6,2.73,2.73,453,31,158,332
58,1983,1983-06-13,5,1,1,6,2.71,2.71,458,32,159,338
59,1983,1983-06-14,9,2,3,8,2.71,2.71,467,34,162,346
60,1983,1983-06-15,12,0,2,5,2.7,2.7,479,34,164,351
61,1983,1983-06-16,7,0,0,7,2.65,2.65,486,34,164,358
62,1983,1983-06-17,6,0,0,4,2.61,2.61,492,34,164,362
63,1983,1983-06-18,9,0,3,2,2.62,2.62,501,34,167,364
64,1983,1983-06-19,3,0,0,1,2.58,2.58,504,34,167,365
65,1983,1983-06-20,10,0,2,5,2.57,2.57,514,34,169,370
66,1983,1983-06-21,7,0,1,6,2.55,2.55,521,34,170,376
67,1983,1983-06-22,9,0,2,2,2.54,2.54,530,34,172,378
68,1983,1983-06-23,11,2,6,6,2.59,2.59,541,36,178,384
69,1983,1983-06-24,7,1,2,5,2.58,2.58,548,37,180,389
70,1983,1983-06-25,11,0,1,12,2.55,2.55,559,37,181,401
71,1983,1983-06-26,10,1,9,3,2.64,2.64,569,38,190,404
72,1983,1983-06-28,10,0,2,7,2.63,2.63,579,38,192,411
73,1983,1983-06-29,12,3,8,4,2.71,2.71,591,41,200,415
74,1983,1983-06-30,8,1,4,5,2.73,2.73,599,42,204,420
75,1983,1983-07-01,7,0,2,9,2.71,2.71,606,42,206,429
76,1983,1983-07-02,9,1,3,4,2.72,2.72,615,43,209,433
77,1983,1983-07-03,14,2,7,6,2.78,2.78,629,45,216,439
78,1983,1983-07-04,7,1,5,8,2.81,2.81,636,46,221,447
79,1983,1983-07-08,7,1,4,9,2.83,2.83,643,47,225,456
80,1983,1983-07-09,6,0,1,8,2.8,2.8,649,47,226,464
81,1983,1983-07-10,7,2,2,3,2.79,2.79,656,49,228,467
82,1983,1983-07-11,8,0,2,1,2.78,2.78,664,49,230,468
83,1983,1983-07-12,5,0,1,8,2.76,2.76,669,49,231,476
84,1983,1983-07-13,12,1,6,8,2.8,2.8,681,50,237,484
85,1983,1983-07-14,13,0,3,1,2.8,2.8,694,50,240,485
86,1983,1983-07-15,14,1,8,4,2.86,2.86,708,51,248,489
87,1983,1983-07-16,13,1,4,6,2.88,2.88,721,52,252,495
88,1983,1983-07-17,13,1,6,9,2.91,2.91,734,53,258,504
89,1983,,10,1,4,9,2.93,2.93,744,54,262,513
90,1983,,8,1,2,8,2.91,2.91,752,55,264,521
91,1983,1983-07-20,8,1,4,3,2.92,2.92,760,56,268,524
92,1983,1983-07-21,10,0,3,10,2.93,2.93,770,56,271,534
93,1983,1983-07-22,13,1,4,4,2.94,2.94,783,57,275,538
94,1983,1983-07-23,7,0,5,3,2.96,2.96,790,57,280,541
95,1983,1983-07-24,8,0,2,7,2.95,2.95,798,57,282,548
96,1983,1983-07-25,13,1,7,4,3.0,3.0,811,58,289,552
97,1983,1983-07-26,8,0,2,9,2.99,2.99,819,58,291,561
98,1983,1983-07-27,6,0,1,4,2.97,2.97,825,58,292,565
99,1983,1983-07-29,6,0,4,4,2.99,2.99,831,58,296,569
100,1983,1983-07-30,14,1,7,7,3.03,3.03,845,59,303,576
101,1983,,3,0,1,8,3.01,3.01,848,59,304,584
102,1983,,8,0,7,6,3.05,3.05,856,59,311,590
103,1983,1983-08-01,10,1,4,9,3.06,3.06,866,60,315,599
104,1983,1983-08-02,4,0,1,6,3.04,3.04,870,60,316,605
105,1983,1983-08-03,10,1,4,10,3.05,3.05,880,61,320,615
106,1983,1983-08-04,9,2,4,10,3.05,3.05,889,63,324,625
107,1983,1983-08-05,5,0,0,9,3.02,3.02,894,63,324,634
108,1983,1983-08-06,6,1,2,10,3.01,3.01,900,64,326,644
109,1983,1983-08-07,9,0,3,4,3.01,3.01,909,64,329,648
110,1983,1983-08-09,10,0,5,5,3.03,3.03,919,64,334,653
111,1983,1983-08-10,12,1,6,4,3.06,3.06,931,65,340,657
112,1983,1983-08-11,8,0,2,13,3.05,3.05,939,65,342,670
113,1983,1983-08-12,6,0,2,9,3.04,3.04,945,65,344,679
114,1983,1983-08-13,10,3,7,3,3.08,3.08,955,68,351,682
115,1983,1983-08-14,8,1,4,9,3.09,3.09,963,69,355,691
116,1983,1983-08-15,13,2,7,5,3.12,3.12,976,71,362,696
117,1983,1983-08-16,8,0,1,8,3.1,3.1,984,71,363,704
118,1983,1983-08-17,3,0,1,11,3.09,3.09,987,71,364,715
119,1983,1983-08-19,3,0,0,4,3.06,3.06,990,71,364,719
120,1983,1983-08-20,9,1,3,8,3.06,3.06,999,72,367,727
121,1983,1983-08-21,7,0,0,9,3.03,3.03,1006,72,367,736
122,1983,1983-08-22,6,0,1,2,3.02,3.02,1012,72,368,738
123,1983,1983-08-23,9,2,2,4,3.01,3.01,1021,74,370,742
124,1983,1983-08-24,5,0,2,3,3.0,3.0,1026,74,372,745
125,1983,1983-08-26,7,0,3,8,3.0,3.0,1033,74,375,753
126,1983,1983-08-27,5,0,1,5,2.99,2.99,1038,74,376,758
127,1983,1983-08-28,9,0,3,5,2.99,2.99,1047,74,379,763
128,1983,,4,0,1,8,2.97,2.97,1051,74,380,771
129,1983,,5,1,3,4,2.97,2.97,1056,75,383,775
130,1983,,8,1,3,4,2.98,2.98,1064,76,386,779
131,1983,,10,0,1,9,2.96,2.96,1074,76,387,788
132,1983,1983-08-31,10,2,6,8,2.99,2.99,1084,78,393,796
133,1983,1983-09-01,11,0,5,4,3.0,3.0,1095,78,398,800
134,1983,1983-09-02,5,0,0,5,2.98,2.98,1100,78,398,805
135,1983,1983-09-03,6,0,0,5,2.96,2.96,1106,78,398,810
136,1983,1983-09-04,8,1,3,7,2.95,2.95,1114,79,401,817
137,1983,1983-09-05,10,1,5,8,2.97,2.97,1124,80,406,825
138,1983,1983-09-06,13,2,7,6,3.0,3.0,1137,82,413,831
139,1983,1983-09-07,8,1,3,9,3.0,3.0,1145,83,416,840
140,1983,1983-09-08,7,0,2,8,2.99,2.99,1152,83,418,848
141,1983,1983-09-09,6,1,2,7,2.98,2.98,1158,84,420,855
142,1983,1983-09-10,9,0,4,6,2.99,2.99,1167,84,424,861
143,1983,1983-09-11,11,1,6,6,3.01,3.01,1178,85,430,867
144,1983,1983-09-13,6,0,0,9,2.99,2.99,1184,85,430,876
145,1983,1983-09-14,7,1,4,8,3.0,3.0,1191,86,434,884
146,1983,1983-09-15,5,0,0,6,2.98,2.98,1196,86,434,890
147,1983,1983-09-16,6,0,1,7,2.96,2.96,1202,86,435,897
148,1983,1983-09-17,6,1,4,1,2.97,2.97,1208,87,439,898
149,1983,1983-09-18,9,1,5,4,2.99,2.99,1217,88,444,902
150,1983,1983-09-19,6,2,2,6,2.98,2.98,1223,90,446,908
151,1983,1983-09-20,15,1,14,10,3.06,3.06,1238,91,460,918
152,1983,1983-09-21,6,0,1,7,3.04,3.04,1244,91,461,925
153,1983,1983-09-23,9,0,2,4,3.04,3.04,1253,91,463,929
154,1983,1983-09-24,3,1,3,6,3.04,3.04,1256,92,466,935
155,1983,1983-09-25,13,1,7,9,3.06,3.06,1269,93,473,944
156,1983,1983-09-26,8,0,8,11,3.09,3.09,1277,93,481,955
157,1983,1983-09-27,8,2,3,3,3.09,3.09,1285,95,484,958
158,1983,1983-09-28,10,0,3,9,3.08,3.08,1295,95,487,967
159,1983,,9,0,6,5,3.1,3.1,1304,95,493,972
160,1983,,6,1,3,7,3.11,3.11,1310,96,496,979
161,1983,1983-09-30,10,1,2,8,3.1,3.1,1320,97,498,987
162,1983,1983-10-01,8,0,4,3,3.11,3.11,1328,97,502,990
163,1983,1983-10-02,8,0,4,10,3.11,3.11,1336,97,506,1000
1,1984,1984-04-03,17,2,11,5,11.0,11.0,17,2,11,5
2,1984,1984-04-05,11,0,2,6,5.57,5.57,28,2,13,11
3,1984,1984-04-06,10,0,3,5,4.8,4.8,38,2,16,16
4,1984,1984-04-07,8,0,2,4,4.15,4.15,46,2,18,20
5,1984,1984-04-08,13,0,4,3,4.12,4.12,59,2,22,23
6,1984,1984-04-09,7,0,2,6,3.79,3.79,66,2,24,29
7,1984,1984-04-11,7,0,1,5,3.41,3.41,73,2,25,34
8,1984,1984-04-13,8,0,0,8,3.0,3.0,81,2,25,42
9,1984,1984-04-14,9,1,3,6,3.0,3.0,90,3,28,48
10,1984,1984-04-15,14,2,7,12,3.32,3.32,104,5,35,60
11,1984,1984-04-16,8,0,4,5,3.38,3.38,112,5,39,65
12,1984,1984-04-17,5,0,0,5,3.11,3.11,117,5,39,70
13,1984,1984-04-18,10,0,3,3,3.12,3.12,127,5,42,73
14,1984,1984-04-19,5,0,0,6,2.91,2.91,132,5,42,79
15,1984,1984-04-20,5,0,2,6,2.85,2.85,137,5,44,85
16,1984,1984-04-21,16,0,8,4,3.16,3.16,153,5,52,89
17,1984,1984-04-22,11,2,6,6,3.32,3.32,164,7,58,95
18,1984,1984-04-23,8,0,1,5,3.2,3.2,172,7,59,100
19,1984,1984-04-24,10,0,3,4,3.19,3.19,182,7,62,104
20,1984,1984-04-25,3,0,0,8,3.03,3.03,185,7,62,112
21,1984,1984-04-26,9,1,4,4,3.08,3.08,194,8,66,116
22,1984,1984-04-27,1,0,0,2,2.98,2.98,195,8,66,118
23,1984,1984-04-28,6,2,3,6,3.0,3.0,201,10,69,124
24,1984,1984-04-29,5,0,0,6,2.88,2.88,206,10,69,130
25,1984,1984-04-30,4,0,0,10,2.76,2.76,210,10,69,140
26,1984,1984-05-01,9,0,2,7,2.71,2.71,219,10,71,147
27,1984,1984-05-02,10,0,2,3,2.69,2.69,229,10,73,150
28,1984,1984-05-05,14,0,6,5,2.81,2.81,243,10,79,155
29,1984,,10,0,4,10,2.84,2.84,253,10,83,165
30,1984,,7,0,2,5,2.82,2.82,260,10,85,170
31,1984,1984-05-07,10,1,4,7,2.87,2.87,270,11,89,177
32,1984,1984-05-08,3,0,1,8,2.81,2.81,273,11,90,185
33,1984,1984-05-09,9,0,7,8,2.95,2.95,282,11,97,193
34,1984,1984-05-10,7,0,1,4,2.89,2.89,289,11,98,197
35,1984,1984-05-11,11,0,2,9,2.86,2.86,300,11,100,206
36,1984,1984-05-12,11,1,4,6,2.89,2.89,311,12,104,212
37,1984,1984-05-13,6,0,1,5,2.84,2.84,317,12,105,217
38,1984,1984-05-14,5,0,2,4,2.82,2.82,322,12,107,221
39,1984,1984-05-15,18,3,12,8,3.06,3.06,340,15,119,229
40,1984,1984-05-16,10,1,2,8,3.03,3.03,350,16,121,237
41,1984,1984-05-18,12,1,3,6,3.01,3.01,362,17,124,243
42,1984,1984-05-19,9,1,1,3,2.97,2.97,371,18,125,246
43,1984,1984-05-20,6,0,2,7,2.94,2.94,377,18,127,253
44,1984,1984-05-22,3,0,3,5,2.95,2.95,380,18,130,258
45,1984,1984-05-23,3,0,0,15,2.89,2.89,383,18,130,273
46,1984,1984-05-24,12,0,4,12,2.91,2.91,395,18,134,285
47,1984,1984-05-25,7,1,2,6,2.9,2.9,402,19,136,291
48,1984,1984-05-26,7,1,2,6,2.89,2.89,409,20,138,297
49,1984,1984-05-27,8,1,1,6,2.85,2.85,417,21,139,303
50,1984,1984-05-28,8,0,1,5,2.81,2.81,425,21,140,308
51,1984,1984-05-30,5,1,1,7,2.78,2.78,430,22,141,315
52,1984,1984-06-01,6,0,2,3,2.76,2.76,436,22,143,318
53,1984,1984-06-02,12,0,9,4,2.88,2.88,448,22,152,322
54,1984,1984-06-03,7,0,3,4,2.88,2.88,455,22,155,326
55,1984,1984-06-04,8,0,3,8,2.88,2.88,463,22,158,334
56,1984,1984-06-05,4,0,0,9,2.83,2.83,467,22,158,343
57,1984,1984-06-06,7,1,2,13,2.79,2.79,474,23,160,356
58,1984,1984-06-07,13,1,8,8,2.88,2.88,487,24,168,364
59,1984,1984-06-08,10,2,3,9,2.88,2.88,497,26,171,373
60,1984,1984-06-09,9,0,3,9,2.88,2.88,506,26,174,382
61,1984,1984-06-10,10,0,2,5,2.87,2.87,516,26,176,387
62,1984,1984-06-11,13,1,7,1,2.94,2.94,529,27,183,388
63,1984,1984-06-12,11,1,7,6,3.0,3.0,540,28,190,394
64,1984,1984-06-13,13,1,10,8,3.11,3.11,553,29,200,402
65,1984,1984-06-14,11,0,3,5,3.11,3.11,564,29,203,407
66,1984,1984-06-15,9,0,3,9,3.11,3.11,573,29,206,416
67,1984,1984-06-16,9,2,7,4,3.18,3.18,582,31,213,420
68,1984,1984-06-17,5,0,1,8,3.15,3.15,587,31,214,428
69,1984,1984-06-19,9,2,9,6,3.24,3.24,596,33,223,434
70,1984,1984-06-20,8,1,4,7,3.26,3.26,604,34,227,441
71,1984,1984-06-21,12,0,7,3,3.31,3.31,616,34,234,444
72,1984,1984-06-22,12,0,3,6,3.31,3.31,628,34,237,450
73,1984,1984-06-23,4,0,1,12,3.27,3.27,632,34,238,462
74,1984,1984-06-24,10,0,2,10,3.26,3.26,642,34,240,472
75,1984,1984-06-25,19,3,6,4,3.29,3.29,661,37,246,476
76,1984,1984-06-26,14,0,3,7,3.29,3.29,675,37,249,483
77,1984,1984-06-27,8,0,4,12,3.3,3.3,683,37,253,495
78,1984,1984-06-28,8,1,3,4,3.29,3.29,691,38,256,499
79,1984,1984-06-29,9,0,1,8,3.27,3.27,700,38,257,507
80,1984,1984-06-30,20,1,14,6,3.4,3.4,720,39,271,513
81,1984,1984-07-01,11,0,4,5,3.41,3.41,731,39,275,518
82,1984,1984-07-02,11,0,4,4,3.41,3.41,742,39,279,522
83,1984,1984-07-03,11,1,6,5,3.45,3.45,753,40,285,527
84,1984,1984-07-04,7,0,0,11,3.4,3.4,760,40,285,538
85,1984,1984-07-05,9,1,3,7,3.4,3.4,769,41,288,545
86,1984,1984-07-06,6,1,2,7,3.37,3.37,775,42,290,552
87,1984,1984-07-07,4,0,0,4,3.33,3.33,779,42,290,556
88,1984,1984-07-08,17,1,8,8,3.37,3.37,796,43,298,564
89,1984,1984-07-12,8,1,1,7,3.35,3.35,804,44,299,571
90,1984,1984-07-13,6,1,6,9,3.38,3.38,810,45,305,580
91,1984,1984-07-14,2,0,0,9,3.34,3.34,812,45,305,589
92,1984,1984-07-15,4,1,2,11,3.33,3.33,816,46,307,600
93,1984,1984-07-16,9,2,4,4,3.34,3.34,825,48,311,604
94,1984,1984-07-17,5,0,0,7,3.31,3.31,830,48,311,611
95,1984,1984-07-18,11,0,4,6,3.32,3.32,841,48,315,617
96,1984,1984-07-19,2,0,0,9,3.28,3.28,843,48,315,626
97,1984,1984-07-20,13,2,8,7,3.34,3.34,856,50,323,633
98,1984,1984-07-21,8,0,1,2,3.31,3.31,864,50,324,635
99,1984,1984-07-22,8,1,7,3,3.35,3.35,872,51,331,638
100,1984,1984-07-24,6,1,4,10,3.36,3.36,878,52,335,648
101,1984,1984-07-25,6,0,1,8,3.34,3.34,884,52,336,656
102,1984,1984-07-26,5,0,2,5,3.32,3.32,889,52,338,661
103,1984,1984-07-27,12,0,4,5,3.33,3.33,901,52,342,666
104,1984,1984-07-28,2,0,0,8,3.3,3.3,903,52,342,674
105,1984,1984-07-29,2,0,0,7,3.27,3.27,905,52,342,681
106,1984,1984-07-30,12,2,9,8,3.32,3.32,917,54,351,689
107,1984,1984-07-31,5,0,1,4,3.31,3.31,922,54,352,693
108,1984,1984-08-01,9,1,3,4,3.31,3.31,931,55,355,697
109,1984,1984-08-03,3,1,2,4,3.29,3.29,934,56,357,701
110,1984,1984-08-04,6,0,3,7,3.28,3.28,940,56,360,708
111,1984,1984-08-05,3,0,1,10,3.26,3.26,943,56,361,718
112,1984,1984-08-06,8,0,2,4,3.25,3.25,951,56,363,722
113,1984,1984-08-07,10,0,1,9,3.22,3.22,961,56,364,731
114,1984,1984-08-08,8,0,1,4,3.2,3.2,969,56,365,735
115,1984,1984-08-09,4,0,0,5,3.18,3.18,973,56,365,740
116,1984,1984-08-10,9,0,4,11,3.19,3.19,982,56,369,751
117,1984,1984-08-11,8,0,2,9,3.18,3.18,990,56,371,760
118,1984,1984-08-12,11,0,3,5,3.17,3.17,1001,56,374,765
119,1984,1984-08-13,5,0,2,10,3.16,3.16,1006,56,376,775
120,1984,1984-08-14,12,0,3,8,3.16,3.16,1018,56,379,783
121,1984,1984-08-15,5,1,2,9,3.15,3.15,1023,57,381,792
122,1984,1984-08-17,10,0,0,7,3.13,3.13,1033,57,381,799
123,1984,1984-08-18,11,0,5,8,3.14,3.14,1044,57,386,807
124,1984,1984-08-19,12,1,5,6,3.16,3.16,1056,58,391,813
125,1984,1984-08-20,5,0,2,8,3.15,3.15,1061,58,393,821
126,1984,1984-08-21,6,0,3,4,3.15,3.15,1067,58,396,825
127,1984,1984-08-22,12,0,5,7,3.15,3.15,1079,58,401,832
128,1984,1984-08-24,11,1,5,8,3.17,3.17,1090,59,406,840
129,1984,1984-08-25,8,1,4,7,3.17,3.17,1098,60,410,847
130,1984,1984-08-26,13,1,6,5,3.2,3.2,1111,61,416,852
131,1984,1984-08-27,6,1,4,7,3.21,3.21,1117,62,420,859
132,1984,1984-08-28,11,1,5,3,3.22,3.22,1128,63,425,862
133,1984,1984-08-29,10,0,3,4,3.22,3.22,1138,63,428,866
134,1984,1984-08-30,11,1,5,3,3.24,3.24,1149,64,433,869
135,1984,1984-08-31,6,0,3,5,3.24,3.24,1155,64,436,874
136,1984,1984-09-01,10,1,3,7,3.24,3.24,1165,65,439,881
137,1984,1984-09-02,5,0,3,5,3.24,3.24,1170,65,442,886
138,1984,1984-09-03,9,2,4,4,3.25,3.25,1179,67,446,890
139,1984,1984-09-04,5,0,1,3,3.23,3.23,1184,67,447,893
140,1984,1984-09-05,9,0,2,7,3.22,3.22,1193,67,449,900
141,1984,1984-09-06,14,1,3,8,3.2,3.2,1207,68,452,908
142,1984,1984-09-07,3,0,1,5,3.18,3.18,1210,68,453,913
143,1984,1984-09-08,10,0,0,5,3.16,3.16,1220,68,453,918
144,1984,1984-09-09,6,0,3,3,3.16,3.16,1226,68,456,921
145,1984,1984-09-11,6,0,2,4,3.15,3.15,1232,68,458,925
146,1984,1984-09-12,10,0,1,5,3.14,3.14,1242,68,459,930
147,1984,1984-09-14,12,1,5,5,3.15,3.15,1254,69,464,935
148,1984,1984-09-15,5,0,2,5,3.14,3.14,1259,69,466,940
149,1984,1984-09-16,7,1,4,10,3.14,3.14,1266,70,470,950
150,1984,1984-09-17,3,0,0,8,3.12,3.12,1269,70,470,958
151,1984,1984-09-18,12,1,5,4,3.14,3.14,1281,71,475,962
152,1984,1984-09-19,4,0,0,6,3.12,3.12,1285,71,475,968
153,1984,1984-09-20,8,0,2,5,3.11,3.11,1293,71,477,973
154,1984,1984-09-21,6,0,2,9,3.1,3.1,1299,71,479,982
155,1984,1984-09-22,13,0,8,7,3.14,3.14,1312,71,487,989
156,1984,1984-09-23,10,1,4,4,3.15,3.15,1322,72,491,993
157,1984,1984-09-24,9,0,1,3,3.13,3.13,1331,72,492,996
158,1984,1984-09-25,15,2,11,5,3.18,3.18,1346,74,503,1001
159,1984,1984-09-26,6,1,3,12,3.18,3.18,1352,75,506,1013
160,1984,1984-09-28,10,0,3,7,3.18,3.18,1362,75,509,1020
161,1984,1984-09-29,10,1,3,8,3.17,3.17,1372,76,512,1028
162,1984,1984-09-30,9,0,2,5,3.17,3.17,1381,76,514,1033
1,1985,1985-04-09,10,0,0,5,0.0,0.0,10,0,0,5
2,1985,1985-04-10,9,0,4,5,2.12,2.12,19,0,4,10
3,1985,1985-04-11,10,0,3,4,2.42,2.42,29,0,7,14
4,1985,1985-04-12,5,1,4,6,2.83,2.83,34,1,11,20
5,1985,1985-04-13,5,0,0,5,2.25,2.25,39,1,11,25
6,1985,1985-04-14,11,1,7,6,3.06,3.06,50,2,18,31
7,1985,1985-04-15,9,0,3,10,3.05,3.05,59,2,21,41
8,1985,1985-04-16,10,0,5,7,3.3,3.3,69,2,26,48
9,1985,1985-04-17,3,0,0,5,2.85,2.85,72,2,26,53
10,1985,1985-04-18,2,0,0,8,2.57,2.57,74,2,26,61
11,1985,1985-04-19,14,1,10,5,3.27,3.27,88,3,36,66
12,1985,1985-04-20,13,0,4,4,3.31,3.31,101,3,40,70
13,1985,1985-04-21,2,0,0,8,3.06,3.06,103,3,40,78
14,1985,1985-04-22,5,0,0,8,2.82,2.82,108,3,40,86
15,1985,1985-04-23,4,0,0,8,2.65,2.65,112,3,40,94
16,1985,1985-04-24,8,0,1,10,2.55,2.55,120,3,41,104
17,1985,1985-04-25,6,0,3,3,2.58,2.58,126,3,44,107
18,1985,1985-04-26,1,0,0,5,2.43,2.43,127,3,44,112
19,1985,1985-04-27,6,0,4,8,2.52,2.52,133,3,48,120
20,1985,1985-04-28,2,1,1,10,2.44,2.44,135,4,49,130
21,1985,1985-04-30,14,0,6,6,2.62,2.62,149,4,55,136
22,1985,1985-05-01,7,0,1,11,2.51,2.51,156,4,56,147
23,1985,1985-05-03,15,1,6,5,2.67,2.67,171,5,62,152
24,1985,1985-05-04,10,1,4,8,2.72,2.72,181,6,66,160
25,1985,1985-05-05,10,0,3,8,2.74,2.74,191,6,69,168
26,1985,1985-05-06,9,1,3,13,2.74,2.74,200,7,72,181
27,1985,1985-05-07,11,0,4,3,2.8,2.8,211,7,76,184
28,1985,1985-05-08,6,1,2,7,2.77,2.77,217,8,78,191
29,1985,1985-05-09,10,0,3,9,2.76,2.76,227,8,81,200
30,1985,1985-05-10,5,0,0,3,2.67,2.67,232,8,81,203
31,1985,1985-05-11,9,2,5,9,2.72,2.72,241,10,86,212
32,1985,1985-05-12,5,0,0,8,2.64,2.64,246,10,86,220
33,1985,1985-05-14,11,0,6,8,2.74,2.74,257,10,92,228
34,1985,1985-05-15,8,1,3,3,2.74,2.74,265,11,95,231
35,1985,1985-05-17,12,2,9,8,2.93,2.93,277,13,104,239
36,1985,1985-05-18,5,1,3,13,2.94,2.94,282,14,107,252
37,1985,1985-05-19,4,1,2,10,2.91,2.91,286,15,109,262
38,1985,1985-05-20,10,1,6,4,3.0,3.0,296,16,115,266
39,1985,1985-05-21,12,1,3,2,3.01,3.01,308,17,118,268
40,1985,1985-05-22,4,0,0,3,2.94,2.94,312,17,118,271
41,1985,1985-05-24,8,0,3,7,2.94,2.94,320,17,121,278
42,1985,1985-05-25,6,0,2,7,2.92,2.92,326,17,123,285
43,1985,1985-05-26,4,0,0,6,2.86,2.86,330,17,123,291
44,1985,1985-05-27,13,2,6,3,2.93,2.93,343,19,129,294
45,1985,1985-05-29,4,0,0,9,2.87,2.87,347,19,129,303
46,1985,1985-05-30,7,1,4,11,2.89,2.89,354,20,133,314
47,1985,1985-05-31,6,0,0,6,2.83,2.83,360,20,133,320
48,1985,1985-06-01,8,1,4,9,2.84,2.84,368,21,137,329
49,1985,1985-06-02,12,1,7,9,2.93,2.93,380,22,144,338
50,1985,1985-06-03,10,1,4,4,2.93,2.93,390,23,148,342
51,1985,1985-06-04,9,1,4,5,2.95,2.95,399,24,152,347
52,1985,1985-06-05,3,1,1,7,2.91,2.91,402,25,153,354
53,1985,1985-06-07,8,0,2,11,2.9,2.9,410,25,155,365
54,1985,1985-06-08,14,1,7,6,2.98,2.98,424,26,162,371
55,1985,1985-06-09,13,1,6,4,3.04,3.04,437,27,168,375
56,1985,1985-06-10,8,1,4,7,3.06,3.06,445,28,172,382
57,1985,1985-06-14,8,0,1,4,3.02,3.02,453,28,173,386
58,1985,1985-06-15,3,0,0,4,2.97,2.97,456,28,173,390
59,1985,1985-06-16,6,0,0,5,2.92,2.92,462,28,173,395
60,1985,1985-06-17,10,0,3,8,2.92,2.92,472,28,176,403
61,1985,1985-06-18,11,0,4,4,2.94,2.94,483,28,180,407
62,1985,1985-06-19,3,0,0,2,2.89,2.89,486,28,180,409
63,1985,1985-06-21,5,0,1,6,2.86,2.86,491,28,181,415
64,1985,1985-06-22,6,0,3,14,2.86,2.86,497,28,184,429
65,1985,1985-06-23,5,0,1,9,2.83,2.83,502,28,185,438
66,1985,1985-06-24,15,2,7,2,2.9,2.9,517,30,192,440
67,1985,1985-06-25,5,1,2,5,2.88,2.88,522,31,194,445
68,1985,1985-06-26,13,2,10,2,2.99,2.99,535,33,204,447
69,1985,1985-06-27,10,1,5,4,3.03,3.03,545,34,209,451
70,1985,1985-06-28,11,2,11,3,3.14,3.14,556,36,220,454
71,1985,1985-06-29,5,1,2,1,3.12,3.12,561,37,222,455
72,1985,1985-06-30,7,2,3,4,3.12,3.12,568,39,225,459
73,1985,1985-07-01,4,0,0,6,3.08,3.08,572,39,225,465
74,1985,1985-07-02,3,0,0,8,3.04,3.04,575,39,225,473
75,1985,1985-07-04,11,0,3,7,3.04,3.04,586,39,228,480
76,1985,1985-07-05,4,0,1,2,3.01,3.01,590,39,229,482
77,1985,1985-07-06,6,0,0,0,2.98,2.98,596,39,229,482
78,1985,1985-07-07,13,0,6,4,3.02,3.02,609,39,235,486
79,1985,1985-07-08,8,0,3,2,3.02,3.02,617,39,238,488
80,1985,1985-07-09,6,0,3,1,3.02,3.02,623,39,241,489
81,1985,1985-07-10,10,0,4,10,3.03,3.03,633,39,245,499
82,1985,1985-07-11,5,0,1,4,3.01,3.01,638,39,246,503
83,1985,1985-07-12,9,0,3,7,3.01,3.01,647,39,249,510
84,1985,1985-07-13,5,1,1,8,2.98,2.98,652,40,250,518
85,1985,1985-07-14,15,3,9,4,3.06,3.06,667,43,259,522
86,1985,1985-07-18,6,0,1,8,3.03,3.03,673,43,260,530
87,1985,1985-07-19,5,1,2,9,3.02,3.02,678,44,262,539
88,1985,1985-07-20,3,0,0,7,2.99,2.99,681,44,262,546
89,1985,1985-07-21,8,1,4,5,2.99,2.99,689,45,266,551
90,1985,1985-07-22,9,2,6,6,3.03,3.03,698,47,272,557
91,1985,1985-07-23,1,0,0,7,2.99,2.99,699,47,272,564
92,1985,1985-07-24,5,1,1,4,2.97,2.97,704,48,273,568
93,1985,1985-07-25,7,1,3,7,2.97,2.97,711,49,276,575
94,1985,1985-07-26,7,0,0,0,2.94,2.94,718,49,276,575
95,1985,1985-07-27,4,1,1,5,2.92,2.92,722,50,277,580
96,1985,1985-07-28,11,3,5,3,2.94,2.94,733,53,282,583
97,1985,1985-07-29,9,2,5,5,2.96,2.96,742,55,287,588
98,1985,1985-07-30,9,0,2,6,2.95,2.95,751,55,289,594
99,1985,1985-07-31,14,3,7,7,2.99,2.99,765,58,296,601
100,1985,,9,0,2,3,2.98,2.98,774,58,298,604
101,1985,,8,1,5,4,3.01,3.01,782,59,303,608
102,1985,1985-08-03,2,0,0,5,2.98,2.98,784,59,303,613
103,1985,1985-08-04,7,2,5,5,3.0,3.0,791,61,308,618
104,1985,1985-08-05,5,0,1,6,2.98,2.98,796,61,309,624
105,1985,1985-08-08,11,0,4,9,2.98,2.98,807,61,313,633
106,1985,1985-08-09,8,1,1,2,2.96,2.96,815,62,314,635
107,1985,1985-08-10,4,0,0,8,2.93,2.93,819,62,314,643
108,1985,1985-08-11,6,0,0,5,2.91,2.91,825,62,314,648
109,1985,1985-08-12,3,0,0,5,2.88,2.88,828,62,314,653
110,1985,1985-08-13,6,0,0,6,2.85,2.85,834,62,314,659
111,1985,1985-08-14,5,0,0,8,2.83,2.83,839,62,314,667
112,1985,1985-08-15,8,1,4,5,2.84,2.84,847,63,318,672
113,1985,1985-08-16,7,0,1,6,2.82,2.82,854,63,319,678
114,1985,1985-08-17,7,2,5,8,2.84,2.84,861,65,324,686
115,1985,1985-08-18,5,1,2,6,2.83,2.83,866,66,326,692
116,1985,1985-08-20,12,1,4,11,2.84,2.84,878,67,330,703
117,1985,1985-08-21,9,2,6,9,2.87,2.87,887,69,336,712
118,1985,1985-08-22,12,0,2,4,2.86,2.86,899,69,338,716
119,1985,1985-08-23,11,0,4,5,2.87,2.87,910,69,342,721
120,1985,1985-08-24,8,1,4,5,2.88,2.88,918,70,346,726
121,1985,1985-08-25,11,0,6,8,2.91,2.91,929,70,352,734
122,1985,1985-08-26,10,0,1,8,2.9,2.9,939,70,353,742
123,1985,1985-08-27,7,1,1,2,2.88,2.88,946,71,354,744
124,1985,1985-08-29,9,1,2,10,2.87,2.87,955,72,356,754
125,1985,1985-08-30,6,1,5,7,2.89,2.89,961,73,361,761
126,1985,1985-08-31,8,2,2,8,2.88,2.88,969,75,363,769
127,1985,1985-09-01,9,1,4,2,2.89,2.89,978,76,367,771
128,1985,1985-09-02,11,1,4,15,2.89,2.89,989,77,371,786
129,1985,1985-09-03,4,0,0,6,2.87,2.87,993,77,371,792
130,1985,1985-09-04,10,2,2,6,2.86,2.86,1003,79,373,798
131,1985,1985-09-06,11,0,2,5,2.85,2.85,1014,79,375,803
132,1985,1985-09-07,12,1,4,6,2.86,2.86,1026,80,379,809
133,1985,1985-09-08,12,2,2,13,2.84,2.84,1038,82,381,822
134,1985,1985-09-09,10,1,6,4,2.86,2.86,1048,83,387,826
135,1985,,5,0,1,2,2.85,2.85,1053,83,388,828
136,1985,,10,1,4,5,2.86,2.86,1063,84,392,833
137,1985,1985-09-11,9,0,3,1,2.86,2.86,1072,84,395,834
138,1985,1985-09-12,11,2,11,2,2.92,2.92,1083,86,406,836
139,1985,,7,1,2,4,2.91,2.91,1090,87,408,840
140,1985,,6,1,5,6,2.93,2.93,1096,88,413,846
141,1985,1985-09-14,6,0,0,3,2.91,2.91,1102,88,413,849
142,1985,1985-09-15,9,1,6,9,2.93,2.93,1111,89,419,858
143,1985,1985-09-16,8,2,4,5,2.94,2.94,1119,91,423,863
144,1985,1985-09-17,7,0,1,5,2.93,2.93,1126,91,424,868
145,1985,1985-09-18,13,0,5,6,2.94,2.94,1139,91,429,874
146,1985,1985-09-19,17,0,6,8,2.96,2.96,1156,91,435,882
147,1985,1985-09-20,8,0,5,7,2.98,2.98,1164,91,440,889
148,1985,1985-09-21,5,1,2,3,2.97,2.97,1169,92,442,892
149,1985,1985-09-22,5,1,2,6,2.97,2.97,1174,93,444,898
150,1985,1985-09-23,4,0,3,5,2.97,2.97,1178,93,447,903
151,1985,1985-09-24,6,1,2,4,2.96,2.96,1184,94,449,907
152,1985,1985-09-25,8,2,4,5,2.97,2.97,1192,96,453,912
153,1985,1985-09-27,4,1,2,5,2.96,2.96,1196,97,455,917
154,1985,1985-09-28,5,0,1,10,2.95,2.95,1201,97,456,927
155,1985,1985-09-29,8,0,1,4,2.93,2.93,1209,97,457,931
156,1985,1985-09-30,9,0,6,8,2.95,2.95,1218,97,463,939
157,1985,1985-10-01,11,0,3,5,2.95,2.95,1229,97,466,944
158,1985,1985-10-02,7,0,3,9,2.95,2.95,1236,97,469,953
159,1985,1985-10-03,15,0,2,5,2.95,2.95,1251,97,471,958
160,1985,1985-10-04,9,1,4,5,2.95,2.95,1260,98,475,963
161,1985,1985-10-05,9,1,1,9,2.94,2.94,1269,99,476,972
162,1985,1985-10-06,11,3,6,7,2.96,2.96,1280,102,482,979
1,1986,1986-04-07,10,0,1,9,1.0,1.0,10,0,1,9
2,1986,1986-04-08,9,0,1,4,1.0,1.0,19,0,2,13
3,1986,1986-04-09,3,0,0,5,0.67,0.67,22,0,2,18
4,1986,1986-04-10,12,1,3,6,1.25,1.25,34,1,5,24
5,1986,1986-04-11,12,1,5,9,1.88,1.88,46,2,10,33
6,1986,1986-04-12,14,1,5,5,2.29,2.29,60,3,15,38
7,1986,1986-04-13,7,0,1,7,2.12,2.12,67,3,16,45
8,1986,1986-04-14,8,2,3,12,2.19,2.19,75,5,19,57
9,1986,1986-04-15,9,0,2,13,2.11,2.11,84,5,21,70
10,1986,1986-04-16,5,1,2,4,2.11,2.11,89,6,23,74
11,1986,1986-04-18,8,2,5,2,2.37,2.37,97,8,28,76
12,1986,1986-04-19,8,0,3,4,2.44,2.44,105,8,31,80
13,1986,1986-04-20,9,0,3,8,2.48,2.48,114,8,34,88
14,1986,1986-04-21,9,2,5,4,2.67,2.67,123,10,39,92
15,1986,1986-04-22,15,0,10,2,3.17,3.17,138,10,49,94
16,1986,1986-04-23,8,0,3,10,3.16,3.16,146,10,52,104
17,1986,1986-04-24,8,0,3,9,3.15,3.15,154,10,55,113
18,1986,1986-04-25,9,2,3,8,3.14,3.14,163,12,58,121
19,1986,1986-04-26,12,1,5,8,3.22,3.22,175,13,63,129
20,1986,1986-04-27,11,1,3,2,3.21,3.21,186,14,66,131
21,1986,1986-04-28,6,0,1,9,3.1,3.1,192,14,67,140
22,1986,1986-04-29,6,0,1,12,3.01,3.01,198,14,68,152
23,1986,1986-04-30,6,0,0,6,2.88,2.88,204,14,68,158
24,1986,1986-05-01,6,0,0,2,2.77,2.77,210,14,68,160
25,1986,1986-05-02,8,0,1,5,2.7,2.7,218,14,69,165
26,1986,1986-05-03,5,0,0,8,2.59,2.59,223,14,69,173
27,1986,1986-05-04,6,0,3,6,2.61,2.61,229,14,72,179
28,1986,1986-05-06,13,4,6,9,2.74,2.74,242,18,78,188
29,1986,1986-05-07,7,0,3,11,2.75,2.75,249,18,81,199
30,1986,1986-05-08,9,1,6,2,2.86,2.86,258,19,87,201
31,1986,1986-05-09,11,3,8,6,3.04,3.04,269,22,95,207
32,1986,1986-05-10,10,0,2,12,3.0,3.0,279,22,97,219
33,1986,1986-05-11,8,0,4,6,3.04,3.04,287,22,101,225
34,1986,1986-05-13,12,1,5,5,3.05,3.05,299,23,106,230
35,1986,1986-05-14,6,0,3,9,3.05,3.05,305,23,109,239
36,1986,1986-05-16,6,0,1,13,2.98,2.98,311,23,110,252
37,1986,1986-05-17,13,0,2,7,2.95,2.95,324,23,112,259
38,1986,1986-05-18,13,2,7,3,3.06,3.06,337,25,119,262
39,1986,1986-05-20,2,0,0,6,2.98,2.98,339,25,119,268
40,1986,1986-05-21,6,1,1,7,2.93,2.93,345,26,120,275
41,1986,1986-05-22,9,0,5,11,2.98,2.98,354,26,125,286
42,1986,1986-05-23,11,2,8,6,3.1,3.1,365,28,133,292
43,1986,1986-05-24,2,0,0,11,3.03,3.03,367,28,133,303
44,1986,1986-05-25,5,1,2,6,3.0,3.0,372,29,135,309
45,1986,1986-05-27,11,2,7,9,3.1,3.1,383,31,142,318
46,1986,1986-05-28,7,2,4,3,3.13,3.13,390,33,146,321
47,1986,1986-05-29,7,1,5,4,3.17,3.17,397,34,151,325
48,1986,1986-05-30,7,0,4,10,3.18,3.18,404,34,155,335
49,1986,1986-05-31,8,1,3,7,3.18,3.18,412,35,158,342
50,1986,1986-06-01,12,1,12,10,3.36,3.36,424,36,170,352
51,1986,1986-06-02,21,3,11,5,3.52,3.52,445,39,181,357
52,1986,1986-06-03,8,0,4,11,3.53,3.53,453,39,185,368
53,1986,1986-06-04,7,0,4,10,3.54,3.54,460,39,189,378
54,1986,1986-06-05,2,0,0,8,3.48,3.48,462,39,189,386
55,1986,1986-06-06,11,0,2,8,3.45,3.45,473,39,191,394
56,1986,1986-06-07,10,1,7,3,3.51,3.51,483,40,198,397
57,1986,1986-06-08,11,1,3,11,3.5,3.5,494,41,201,408
58,1986,1986-06-09,13,0,5,7,3.53,3.53,507,41,206,415
59,1986,1986-06-10,5,0,0,3,3.47,3.47,512,41,206,418
60,1986,1986-06-11,11,1,2,2,3.43,3.43,523,42,208,420
61,1986,1986-06-13,6,1,2,7,3.41,3.41,529,43,210,427
62,1986,1986-06-14,15,2,12,2,3.55,3.55,544,45,222,429
63,1986,1986-06-15,7,0,0,4,3.5,3.5,551,45,222,433
64,1986,1986-06-17,9,0,4,7,3.5,3.5,560,45,226,440
65,1986,1986-06-18,8,2,2,7,3.48,3.48,568,47,228,447
66,1986,1986-06-19,9,1,4,3,3.49,3.49,577,48,232,450
67,1986,1986-06-20,11,0,4,6,3.49,3.49,588,48,236,456
68,1986,1986-06-21,17,1,5,8,3.49,3.49,605,49,241,464
69,1986,1986-06-22,11,1,5,5,3.51,3.51,616,50,246,469
70,1986,1986-06-23,14,0,6,4,3.54,3.54,630,50,252,473
71,1986,1986-06-24,3,0,2,5,3.52,3.52,633,50,254,478
72,1986,1986-06-25,7,0,2,7,3.5,3.5,640,50,256,485
73,1986,1986-06-27,13,2,4,5,3.51,3.51,653,52,260,490
74,1986,1986-06-28,12,2,6,6,3.55,3.55,665,54,266,496
75,1986,1986-06-29,5,0,0,7,3.51,3.51,670,54,266,503
76,1986,1986-06-30,11,1,4,6,3.51,3.51,681,55,270,509
77,1986,1986-07-02,8,0,3,8,3.5,3.5,689,55,273,517
78,1986,1986-07-03,11,1,3,4,3.49,3.49,700,56,276,521
79,1986,1986-07-04,5,1,6,8,3.52,3.52,705,57,282,529
80,1986,1986-07-05,10,1,4,3,3.53,3.53,715,58,286,532
81,1986,1986-07-06,8,0,3,6,3.52,3.52,723,58,289,538
82,1986,1986-07-07,2,0,0,6,3.48,3.48,725,58,289,544
83,1986,1986-07-08,4,0,0,7,3.44,3.44,729,58,289,551
84,1986,1986-07-09,5,0,2,9,3.42,3.42,734,58,291,560
85,1986,1986-07-10,9,1,4,8,3.43,3.43,743,59,295,568
86,1986,1986-07-11,14,2,5,7,3.45,3.45,757,61,300,575
87,1986,1986-07-12,11,1,7,5,3.49,3.49,768,62,307,580
88,1986,1986-07-13,9,0,3,5,3.48,3.48,777,62,310,585
89,1986,1986-07-17,17,0,12,4,3.58,3.58,794,62,322,589
90,1986,1986-07-18,5,0,3,10,3.58,3.58,799,62,325,599
91,1986,1986-07-19,6,1,1,6,3.55,3.55,805,63,326,605
92,1986,1986-07-20,4,1,2,7,3.54,3.54,809,64,328,612
93,1986,1986-07-22,7,1,2,6,3.52,3.52,816,65,330,618
94,1986,1986-07-23,9,0,4,5,3.52,3.52,825,65,334,623
95,1986,1986-07-24,10,0,2,7,3.51,3.51,835,65,336,630
96,1986,1986-07-25,13,1,7,8,3.55,3.55,848,66,343,638
97,1986,1986-07-26,12,1,9,4,3.61,3.61,860,67,352,642
98,1986,1986-07-27,13,1,10,4,3.67,3.67,873,68,362,646
99,1986,1986-07-28,3,0,1,10,3.65,3.65,876,68,363,656
100,1986,1986-07-29,6,0,1,11,3.62,3.62,882,68,364,667
101,1986,1986-07-30,6,1,2,10,3.6,3.6,888,69,366,677
102,1986,1986-08-01,10,1,2,4,3.59,3.59,898,70,368,681
103,1986,1986-08-02,1,1,1,2,3.56,3.56,899,71,369,683
104,1986,1986-08-03,4,0,1,5,3.54,3.54,903,71,370,688
105,1986,1986-08-04,8,0,3,11,3.53,3.53,911,71,373,699
106,1986,1986-08-05,15,3,10,5,3.59,3.59,926,74,383,704
107,1986,1986-08-06,8,0,3,3,3.59,3.59,934,74,386,707
108,1986,,7,1,4,9,3.6,3.6,941,75,390,716
109,1986,,10,3,4,6,3.6,3.6,951,78,394,722
110,1986,1986-08-09,10,2,6,7,3.63,3.63,961,80,400,729
111,1986,1986-08-10,3,0,0,9,3.6,3.6,964,80,400,738
112,1986,1986-08-11,15,1,6,4,3.62,3.62,979,81,406,742
113,1986,1986-08-12,7,0,3,6,3.62,3.62,986,81,409,748
114,1986,1986-08-13,5,0,3,8,3.61,3.61,991,81,412,756
115,1986,1986-08-14,6,0,3,3,3.61,3.61,997,81,415,759
116,1986,1986-08-15,12,2,5,4,3.63,3.63,1009,83,420,763
117,1986,1986-08-16,8,1,5,8,3.64,3.64,1017,84,425,771
118,1986,1986-08-17,4,0,0,6,3.61,3.61,1021,84,425,777
119,1986,1986-08-18,9,2,5,7,3.62,3.62,1030,86,430,784
120,1986,1986-08-19,12,1,6,7,3.64,3.64,1042,87,436,791
121,1986,1986-08-20,13,0,5,6,3.65,3.65,1055,87,441,797
122,1986,1986-08-22,8,0,1,6,3.63,3.63,1063,87,442,803
123,1986,1986-08-23,11,1,7,3,3.65,3.65,1074,88,449,806
124,1986,1986-08-24,9,0,2,5,3.64,3.64,1083,88,451,811
125,1986,1986-08-25,4,0,1,7,3.61,3.61,1087,88,452,818
126,1986,1986-08-26,10,2,6,7,3.63,3.63,1097,90,458,825
127,1986,1986-08-27,9,0,1,10,3.61,3.61,1106,90,459,835
128,1986,1986-08-29,7,0,2,8,3.6,3.6,1113,90,461,843
129,1986,1986-08-30,8,0,6,6,3.63,3.63,1121,90,467,849
130,1986,1986-08-31,9,1,3,7,3.62,3.62,1130,91,470,856
131,1986,1986-09-01,14,1,6,3,3.64,3.64,1144,92,476,859
132,1986,1986-09-02,6,1,1,9,3.62,3.62,1150,93,477,868
133,1986,1986-09-03,8,0,1,8,3.6,3.6,1158,93,478,876
134,1986,1986-09-05,6,1,3,7,3.6,3.6,1164,94,481,883
135,1986,1986-09-06,6,1,2,14,3.59,3.59,1170,95,483,897
136,1986,1986-09-07,6,1,2,6,3.58,3.58,1176,96,485,903
137,1986,1986-09-08,4,0,0,4,3.55,3.55,1180,96,485,907
138,1986,1986-09-09,10,1,4,6,3.56,3.56,1190,97,489,913
139,1986,1986-09-10,9,1,1,4,3.54,3.54,1199,98,490,917
140,1986,1986-09-11,11,2,5,7,3.55,3.55,1210,100,495,924
141,1986,1986-09-12,15,1,8,7,3.58,3.58,1225,101,503,931
142,1986,1986-09-13,8,0,3,8,3.58,3.58,1233,101,506,939
143,1986,1986-09-14,11,0,3,6,3.57,3.57,1244,101,509,945
144,1986,1986-09-16,6,0,3,1,3.57,3.57,1250,101,512,946
145,1986,1986-09-17,10,0,4,5,3.58,3.58,1260,101,516,951
146,1986,1986-09-18,9,1,4,9,3.57,3.57,1269,102,520,960
147,1986,1986-09-19,11,1,7,6,3.6,3.6,1280,103,527,966
148,1986,1986-09-20,15,0,9,2,3.64,3.64,1295,103,536,968
149,1986,1986-09-21,10,2,8,2,3.67,3.67,1305,105,544,970
150,1986,1986-09-22,2,0,1,5,3.65,3.65,1307,105,545,975
151,1986,1986-09-23,5,1,4,7,3.66,3.66,1312,106,549,982
152,1986,,5,0,3,5,3.65,3.65,1317,106,552,987
153,1986,,15,1,7,6,3.67,3.67,1332,107,559,993
154,1986,1986-09-26,7,0,3,9,3.67,3.67,1339,107,562,1002
155,1986,1986-09-27,12,2,8,8,3.7,3.7,1351,109,570,1010
156,1986,1986-09-28,17,2,6,8,3.7,3.7,1368,111,576,1018
157,1986,1986-09-29,8,0,0,4,3.67,3.67,1376,111,576,1022
158,1986,1986-09-30,12,1,11,5,3.72,3.72,1388,112,587,1027
159,1986,1986-10-01,6,0,3,5,3.72,3.72,1394,112,590,1032
160,1986,1986-10-03,16,0,7,8,3.74,3.74,1410,112,597,1040
161,1986,1986-10-04,5,0,0,7,3.72,3.72,1415,112,597,1047
162,1986,1986-10-05,13,3,11,4,3.76,3.76,1428,115,608,1051
1,1987,1987-04-06,8,1,3,1,3.38,3.38,8,1,3,1
2,1987,1987-04-07,13,0,6,8,5.06,5.06,21,1,9,9
3,1987,1987-04-08,11,1,7,11,6.0,6.0,32,2,16,20
4,1987,1987-04-09,12,2,8,7,6.55,6.55,44,4,24,27
5,1987,1987-04-10,12,1,2,9,5.32,5.32,56,5,26,36
6,1987,1987-04-11,7,0,1,9,4.58,4.58,63,5,27,45
7,1987,1987-04-12,15,0,5,9,4.65,4.65,78,5,32,54
8,1987,1987-04-13,7,1,2,3,4.31,4.31,85,6,34,57
9,1987,1987-04-14,9,1,2,8,3.9,3.9,94,7,36,65
10,1987,1987-04-15,8,2,4,6,3.91,3.91,102,9,40,71
11,1987,1987-04-16,11,0,3,5,3.83,3.83,113,9,43,76
12,1987,1987-04-17,7,1,3,6,3.76,3.76,120,10,46,82
13,1987,1987-04-18,5,1,2,6,3.63,3.63,125,11,48,88
14,1987,1987-04-19,5,0,0,6,3.38,3.38,130,11,48,94
15,1987,1987-04-20,13,1,4,4,3.44,3.44,143,12,52,98
16,1987,1987-04-21,11,3,8,11,3.7,3.7,154,15,60,109
17,1987,1987-04-22,7,0,2,13,3.6,3.6,161,15,62,122
18,1987,1987-04-24,4,0,0,8,3.4,3.4,165,15,62,130
19,1987,1987-04-25,5,0,2,8,3.33,3.33,170,15,64,138
20,1987,1987-04-26,12,0,0,7,3.16,3.16,182,15,64,145
21,1987,1987-04-28,9,0,6,6,3.32,3.32,191,15,70,151
22,1987,1987-04-29,4,0,2,8,3.26,3.26,195,15,72,159
23,1987,1987-04-30,5,0,3,6,3.26,3.26,200,15,75,165
24,1987,1987-05-01,9,1,5,13,3.32,3.32,209,16,80,178
25,1987,1987-05-02,10,0,3,6,3.31,3.31,219,16,83,184
26,1987,1987-05-04,12,3,5,8,3.38,3.38,231,19,88,192
27,1987,1987-05-05,7,0,1,9,3.29,3.29,238,19,89,201
28,1987,1987-05-06,7,0,1,7,3.21,3.21,245,19,90,208
29,1987,1987-05-07,9,1,2,10,3.17,3.17,254,20,92,218
30,1987,1987-05-08,12,0,5,2,3.23,3.23,266,20,97,220
31,1987,1987-05-09,6,0,2,5,3.19,3.19,272,20,99,225
32,1987,1987-05-10,13,2,6,8,3.28,3.28,285,22,105,233
33,1987,1987-05-11,13,1,6,8,3.36,3.36,298,23,111,241
34,1987,1987-05-12,4,0,0,6,3.26,3.26,302,23,111,247
35,1987,1987-05-13,10,3,5,8,3.31,3.31,312,26,116,255
36,1987,1987-05-15,12,0,4,7,3.34,3.34,324,26,120,262
37,1987,1987-05-16,13,0,9,8,3.5,3.5,337,26,129,270
38,1987,1987-05-17,10,0,8,7,3.63,3.63,347,26,137,277
39,1987,1987-05-18,9,0,0,7,3.55,3.55,356,26,137,284
40,1987,1987-05-21,10,3,6,8,3.62,3.62,366,29,143,292
41,1987,1987-05-22,9,3,4,9,3.64,3.64,375,32,147,301
42,1987,1987-05-23,6,2,2,12,3.6,3.6,381,34,149,313
43,1987,1987-05-24,9,0,5,7,3.63,3.63,390,34,154,320
44,1987,1987-05-25,11,0,3,12,3.62,3.62,401,34,157,332
45,1987,1987-05-26,13,1,8,6,3.72,3.72,414,35,165,338
46,1987,1987-05-27,8,0,4,3,3.72,3.72,422,35,169,341
47,1987,1987-05-29,3,0,0,7,3.64,3.64,425,35,169,348
48,1987,1987-05-30,6,0,3,9,3.63,3.63,431,35,172,357
49,1987,1987-05-31,7,1,2,3,3.6,3.6,438,36,174,360
50,1987,1987-06-01,12,0,5,9,3.63,3.63,450,36,179,369
51,1987,1987-06-02,5,1,3,8,3.61,3.61,455,37,182,377
52,1987,1987-06-03,7,0,1,6,3.56,3.56,462,37,183,383
53,1987,1987-06-05,12,1,8,7,3.65,3.65,474,38,191,390
54,1987,1987-06-06,8,0,5,5,3.69,3.69,482,38,196,395
55,1987,1987-06-07,9,3,7,4,3.75,3.75,491,41,203,399
56,1987,1987-06-08,6,1,3,6,3.74,3.74,497,42,206,405
57,1987,1987-06-09,8,1,3,4,3.72,3.72,505,43,209,409
58,1987,1987-06-10,7,1,6,4,3.77,3.77,512,44,215,413
59,1987,1987-06-11,7,0,1,6,3.72,3.72,519,44,216,419
60,1987,1987-06-12,8,0,5,6,3.74,3.74,527,44,221,425
61,1987,1987-06-13,6,0,0,5,3.68,3.68,533,44,221,430
62,1987,1987-06-14,11,0,4,6,3.69,3.69,544,44,225,436
63,1987,1987-06-16,6,0,3,4,3.68,3.68,550,44,228,440
64,1987,1987-06-17,9,2,7,6,3.74,3.74,559,46,235,446
65,1987,1987-06-18,11,1,4,13,3.73,3.73,570,47,239,459
66,1987,1987-06-19,7,2,3,15,3.71,3.71,577,49,242,474
67,1987,1987-06-20,7,2,3,4,3.71,3.71,584,51,245,478
68,1987,1987-06-21,6,1,3,10,3.7,3.7,590,52,248,488
69,1987,1987-06-23,5,0,1,4,3.66,3.66,595,52,249,492
70,1987,1987-06-24,10,2,4,8,3.66,3.66,605,54,253,500
71,1987,1987-06-25,8,0,0,7,3.61,3.61,613,54,253,507
72,1987,1987-06-26,10,3,5,6,3.63,3.63,623,57,258,513
73,1987,1987-06-27,6,0,2,5,3.6,3.6,629,57,260,518
74,1987,1987-06-28,5,1,2,7,3.58,3.58,634,58,262,525
75,1987,1987-06-29,10,0,3,11,3.57,3.57,644,58,265,536
76,1987,1987-06-30,7,0,0,7,3.52,3.52,651,58,265,543
77,1987,1987-07-01,9,2,4,6,3.53,3.53,660,60,269,549
78,1987,1987-07-03,11,2,6,7,3.57,3.57,671,62,275,556
79,1987,1987-07-04,10,0,3,4,3.56,3.56,681,62,278,560
80,1987,1987-07-05,3,0,1,4,3.53,3.53,684,62,279,564
81,1987,,6,0,3,4,3.53,3.53,690,62,282,568
82,1987,,9,1,5,7,3.55,3.55,699,63,287,575
83,1987,,9,2,6,3,3.58,3.58,708,65,293,578
84,1987,,10,0,8,15,3.63,3.63,718,65,301,593
85,1987,,15,3,12,8,3.74,3.74,733,68,313,601
86,1987,,14,1,4,7,3.74,3.74,747,69,317,608
87,1987,1987-07-11,12,3,5,5,3.76,3.76,759,72,322,613
88,1987,1987-07-12,4,0,0,5,3.71,3.71,763,72,322,618
89,1987,1987-07-16,7,0,0,8,3.67,3.67,770,72,322,626
90,1987,1987-07-17,6,0,2,5,3.65,3.65,776,72,324,631
91,1987,1987-07-18,10,0,4,9,3.65,3.65,786,72,328,640
92,1987,1987-07-19,11,1,7,12,3.69,3.69,797,73,335,652
93,1987,1987-07-21,7,1,5,6,3.7,3.7,804,74,340,658
94,1987,1987-07-22,8,1,3,8,3.69,3.69,812,75,343,666
95,1987,1987-07-23,9,1,5,3,3.71,3.71,821,76,348,669
96,1987,1987-07-24,12,3,6,5,3.73,3.73,833,79,354,674
97,1987,1987-07-25,5,0,2,9,3.71,3.71,838,79,356,683
98,1987,1987-07-26,12,1,6,3,3.74,3.74,850,80,362,686
99,1987,1987-07-27,13,0,3,9,3.72,3.72,863,80,365,695
100,1987,1987-07-28,6,0,2,6,3.7,3.7,869,80,367,701
101,1987,1987-07-29,16,1,15,7,3.81,3.81,885,81,382,708
102,1987,1987-07-31,8,2,2,5,3.8,3.8,893,83,384,713
103,1987,1987-08-01,6,0,1,6,3.77,3.77,899,83,385,719
104,1987,1987-08-02,15,2,8,3,3.81,3.81,914,85,393,722
105,1987,1987-08-03,6,1,2,8,3.8,3.8,920,86,395,730
106,1987,1987-08-04,11,3,10,4,3.86,3.86,931,89,405,734
107,1987,1987-08-05,9,0,6,3,3.88,3.88,940,89,411,737
108,1987,1987-08-07,7,2,4,6,3.88,3.88,947,91,415,743
109,1987,1987-08-08,15,3,8,6,3.92,3.92,962,94,423,749
110,1987,1987-08-09,8,0,2,7,3.9,3.9,970,94,425,756
111,1987,1987-08-10,7,0,4,9,3.91,3.91,977,94,429,765
112,1987,1987-08-11,7,1,1,6,3.88,3.88,984,95,430,771
113,1987,1987-08-12,5,0,0,3,3.84,3.84,989,95,430,774
114,1987,1987-08-13,12,1,5,8,3.85,3.85,1001,96,435,782
115,1987,1987-08-14,8,2,3,9,3.85,3.85,1009,98,438,791
116,1987,1987-08-15,12,0,5,7,3.86,3.86,1021,98,443,798
117,1987,1987-08-16,6,0,1,7,3.83,3.83,1027,98,444,805
118,1987,1987-08-18,7,0,2,4,3.82,3.82,1034,98,446,809
119,1987,1987-08-19,12,1,9,8,3.87,3.87,1046,99,455,817
120,1987,1987-08-20,5,0,2,6,3.85,3.85,1051,99,457,823
121,1987,,12,0,2,6,3.83,3.83,1063,99,459,829
122,1987,,14,0,7,8,3.86,3.86,1077,99,466,837
123,1987,1987-08-22,8,0,2,5,3.85,3.85,1085,99,468,842
124,1987,1987-08-23,7,0,1,8,3.83,3.83,1092,99,469,850
125,1987,1987-08-24,3,0,1,6,3.81,3.81,1095,99,470,856
126,1987,1987-08-25,4,0,1,13,3.78,3.78,1099,99,471,869
127,1987,1987-08-26,6,1,3,7,3.78,3.78,1105,100,474,876
128,1987,1987-08-28,7,1,1,9,3.75,3.75,1112,101,475,885
129,1987,1987-08-29,10,0,6,6,3.76,3.76,1122,101,481,891
130,1987,1987-08-30,11,0,5,10,3.77,3.77,1133,101,486,901
131,1987,1987-08-31,9,1,4,8,3.77,3.77,1142,102,490,909
132,1987,1987-09-01,9,2,7,5,3.8,3.8,1151,104,497,914
133,1987,1987-09-02,9,0,4,5,3.8,3.8,1160,104,501,919
134,1987,1987-09-04,8,2,2,7,3.79,3.79,1168,106,503,926
135,1987,1987-09-05,8,2,4,5,3.79,3.79,1176,108,507,931
136,1987,1987-09-06,15,0,2,10,3.75,3.75,1191,108,509,941
137,1987,1987-09-07,11,2,3,6,3.74,3.74,1202,110,512,947
138,1987,1987-09-08,8,1,3,5,3.73,3.73,1210,111,515,952
139,1987,1987-09-09,13,0,4,4,3.74,3.74,1223,111,519,956
140,1987,1987-09-11,4,1,2,6,3.73,3.73,1227,112,521,962
141,1987,1987-09-12,13,1,10,5,3.77,3.77,1240,113,531,967
142,1987,1987-09-13,6,2,2,1,3.76,3.76,1246,115,533,968
143,1987,1987-09-14,16,1,4,5,3.76,3.76,1262,116,537,973
144,1987,1987-09-15,5,1,2,7,3.75,3.75,1267,117,539,980
145,1987,,10,2,3,8,3.74,3.74,1277,119,542,988
146,1987,,10,1,3,8,3.73,3.73,1287,120,545,996
147,1987,1987-09-18,10,1,3,8,3.73,3.73,1297,121,548,1004
148,1987,1987-09-19,15,0,10,4,3.77,3.77,1312,121,558,1008
149,1987,1987-09-20,7,0,3,7,3.77,3.77,1319,121,561,1015
150,1987,1987-09-21,3,1,2,8,3.75,3.75,1322,122,563,1023
151,1987,1987-09-22,10,3,3,6,3.75,3.75,1332,125,566,1029
152,1987,1987-09-23,10,0,8,7,3.78,3.78,1342,125,574,1036
153,1987,1987-09-25,7,1,2,8,3.77,3.77,1349,126,576,1044
154,1987,1987-09-26,6,0,1,8,3.75,3.75,1355,126,577,1052
155,1987,1987-09-27,10,0,3,3,3.74,3.74,1365,126,580,1055
156,1987,1987-09-28,14,2,11,6,3.79,3.79,1379,128,591,1061
157,1987,1987-09-29,5,0,1,5,3.78,3.78,1384,128,592,1066
158,1987,1987-09-30,10,0,2,7,3.76,3.76,1394,128,594,1073
159,1987,1987-10-01,1,0,0,7,3.74,3.74,1395,128,594,1080
160,1987,1987-10-02,8,0,3,2,3.74,3.74,1403,128,597,1082
161,1987,1987-10-03,3,1,1,5,3.72,3.72,1406,129,598,1087
162,1987,1987-10-04,9,1,3,10,3.72,3.72,1415,130,601,1097
1,1988,1988-04-04,9,0,4,6,4.0,4.0,9,0,4,6
2,1988,1988-04-05,3,0,0,6,2.0,2.0,12,0,4,12
3,1988,1988-04-07,9,0,1,6,1.67,1.67,21,0,5,18
4,1988,1988-04-08,6,0,3,6,2.0,2.0,27,0,8,24
5,1988,1988-04-09,6,1,3,3,2.2,2.2,33,1,11,27
6,1988,1988-04-10,5,0,1,4,2.0,2.0,38,1,12,31
7,1988,1988-04-12,10,1,5,2,2.47,2.47,48,2,17,33
8,1988,1988-04-13,6,0,3,9,2.54,2.54,54,2,20,42
9,1988,1988-04-14,9,0,2,3,2.51,2.51,63,2,22,45
10,1988,1988-04-15,6,0,2,5,2.45,2.45,69,2,24,50
11,1988,1988-04-16,10,0,2,4,2.41,2.41,79,2,26,54
12,1988,1988-04-17,7,1,3,8,2.46,2.46,86,3,29,62
13,1988,1988-04-18,3,0,0,11,2.27,2.27,89,3,29,73
14,1988,1988-04-23,5,1,3,10,2.32,2.32,94,4,32,83
15,1988,1988-04-24,5,0,0,5,2.17,2.17,99,4,32,88
16,1988,1988-04-26,6,1,2,3,2.15,2.15,105,5,34,91
17,1988,1988-04-27,6,0,0,6,2.03,2.03,111,5,34,97
18,1988,1988-04-28,7,0,5,13,2.19,2.19,118,5,39,110
19,1988,1988-04-29,5,1,3,8,2.24,2.24,123,6,42,118
20,1988,1988-04-30,6,0,4,4,2.33,2.33,129,6,46,122
21,1988,1988-05-01,15,0,9,4,2.65,2.65,144,6,55,126
22,1988,1988-05-02,6,0,3,7,2.66,2.66,150,6,58,133
23,1988,1988-05-03,13,1,6,7,2.81,2.81,163,7,64,140
24,1988,1988-05-04,14,2,5,8,2.9,2.9,177,9,69,148
25,1988,1988-05-06,5,0,2,2,2.87,2.87,182,9,71,150
26,1988,1988-05-07,8,0,2,7,2.84,2.84,190,9,73,157
27,1988,1988-05-08,7,1,5,7,2.92,2.92,197,10,78,164
28,1988,1988-05-10,12,0,5,10,2.93,2.93,209,10,83,174
29,1988,1988-05-11,9,0,2,12,2.88,2.88,218,10,85,186
30,1988,1988-05-12,12,3,7,5,3.03,3.03,230,13,92,191
31,1988,1988-05-13,11,1,2,6,3.0,3.0,241,14,94,197
32,1988,1988-05-14,10,0,1,7,2.93,2.93,251,14,95,204
33,1988,1988-05-15,6,0,2,8,2.91,2.91,257,14,97,212
34,1988,1988-05-17,11,0,6,5,3.0,3.0,268,14,103,217
35,1988,1988-05-18,8,2,2,10,2.97,2.97,276,16,105,227
36,1988,1988-05-19,7,0,0,10,2.89,2.89,283,16,105,237
37,1988,1988-05-20,10,1,5,3,2.94,2.94,293,17,110,240
38,1988,1988-05-21,11,0,4,6,2.97,2.97,304,17,114,246
39,1988,1988-05-22,12,1,5,2,3.02,3.02,316,18,119,248
40,1988,1988-05-24,7,0,1,5,2.95,2.95,323,18,120,253
41,1988,1988-05-25,1,0,0,6,2.88,2.88,324,18,120,259
42,1988,1988-05-26,12,2,7,9,2.97,2.97,336,20,127,268
43,1988,1988-05-27,6,1,2,5,2.95,2.95,342,21,129,273
44,1988,1988-05-28,7,0,3,2,2.95,2.95,349,21,132,275
45,1988,1988-05-29,9,0,1,7,2.91,2.91,358,21,133,282
46,1988,1988-05-30,6,0,3,6,2.92,2.92,364,21,136,288
47,1988,1988-05-31,9,1,5,7,2.95,2.95,373,22,141,295
48,1988,1988-06-01,7,1,3,4,2.95,2.95,380,23,144,299
49,1988,1988-06-03,11,1,4,9,2.97,2.97,391,24,148,308
50,1988,1988-06-04,11,1,5,6,3.01,3.01,402,25,153,314
51,1988,1988-06-05,11,0,3,7,3.01,3.01,413,25,156,321
52,1988,1988-06-06,14,1,8,3,3.11,3.11,427,26,164,324
53,1988,1988-06-07,8,0,2,9,3.08,3.08,435,26,166,333
54,1988,1988-06-08,6,0,1,0,3.05,3.05,441,26,167,333
55,1988,1988-06-09,6,1,2,5,3.03,3.03,447,27,169,338
56,1988,1988-06-10,7,0,4,6,3.05,3.05,454,27,173,344
57,1988,1988-06-11,5,0,2,4,3.03,3.03,459,27,175,348
58,1988,1988-06-12,9,0,4,5,3.06,3.06,468,27,179,353
59,1988,1988-06-14,6,0,4,2,3.07,3.07,474,27,183,355
60,1988,1988-06-15,6,1,4,7,3.09,3.09,480,28,187,362
61,1988,1988-06-16,18,0,8,7,3.17,3.17,498,28,195,369
62,1988,,12,0,7,4,3.23,3.23,510,28,202,373
63,1988,,9,0,3,5,3.23,3.23,519,28,205,378
64,1988,1988-06-18,5,0,0,6,3.18,3.18,524,28,205,384
65,1988,,7,0,2,3,3.16,3.16,531,28,207,387
66,1988,,15,1,4,5,3.17,3.17,546,29,211,392
67,1988,1988-06-20,10,1,3,6,3.16,3.16,556,30,214,398
68,1988,1988-06-21,4,1,1,7,3.13,3.13,560,31,215,405
69,1988,1988-06-22,10,0,3,6,3.13,3.13,570,31,218,411
70,1988,1988-06-24,8,1,3,8,3.13,3.13,578,32,221,419
71,1988,1988-06-25,9,3,4,8,3.14,3.14,587,35,225,427
72,1988,1988-06-26,8,2,6,12,3.18,3.18,595,37,231,439
73,1988,1988-06-27,5,0,0,6,3.14,3.14,600,37,231,445
74,1988,1988-06-28,8,1,4,3,3.15,3.15,608,38,235,448
75,1988,1988-06-29,2,0,0,6,3.11,3.11,610,38,235,454
76,1988,1988-07-01,12,1,9,3,3.19,3.19,622,39,244,457
77,1988,1988-07-02,10,0,1,6,3.16,3.16,632,39,245,463
78,1988,1988-07-03,5,0,2,4,3.14,3.14,637,39,247,467
79,1988,1988-07-04,8,0,3,5,3.14,3.14,645,39,250,472
80,1988,1988-07-05,9,2,3,5,3.14,3.14,654,41,253,477
81,1988,1988-07-06,6,1,3,7,3.14,3.14,660,42,256,484
82,1988,1988-07-08,9,0,1,5,3.11,3.11,669,42,257,489
83,1988,1988-07-09,11,2,8,6,3.17,3.17,680,44,265,495
84,1988,1988-07-10,10,1,5,9,3.19,3.19,690,45,270,504
85,1988,,7,0,0,9,3.16,3.16,697,45,270,513
86,1988,,9,0,3,6,3.15,3.15,706,45,273,519
87,1988,1988-07-15,7,0,2,4,3.14,3.14,713,45,275,523
88,1988,1988-07-16,6,0,2,6,3.13,3.13,719,45,277,529
89,1988,,8,0,1,6,3.1,3.1,727,45,278,535
90,1988,,5,0,2,6,3.09,3.09,732,45,280,541
91,1988,1988-07-18,5,0,0,4,3.06,3.06,737,45,280,545
92,1988,1988-07-19,7,0,3,3,3.06,3.06,744,45,283,548
93,1988,1988-07-20,12,1,8,6,3.12,3.12,756,46,291,554
94,1988,1988-07-21,6,0,3,5,3.12,3.12,762,46,294,559
95,1988,1988-07-22,5,0,2,10,3.11,3.11,767,46,296,569
96,1988,1988-07-23,5,0,2,9,3.1,3.1,772,46,298,578
97,1988,1988-07-24,7,1,1,5,3.08,3.08,779,47,299,583
98,1988,1988-07-25,9,1,3,3,3.08,3.08,788,48,302,586
99,1988,,10,0,3,10,3.08,3.08,798,48,305,596
100,1988,,11,1,4,10,3.08,3.08,809,49,309,606
101,1988,1988-07-27,5,1,1,11,3.06,3.06,814,50,310,617
102,1988,1988-07-29,10,0,3,3,3.06,3.06,824,50,313,620
103,1988,1988-07-30,16,2,13,5,3.15,3.15,840,52,326,625
104,1988,1988-07-31,5,0,1,3,3.13,3.13,845,52,327,628
105,1988,1988-08-01,6,0,3,0,3.13,3.13,851,52,330,628
106,1988,1988-08-02,6,0,0,3,3.1,3.1,857,52,330,631
107,1988,1988-08-03,9,1,5,6,3.11,3.11,866,53,335,637
108,1988,1988-08-05,11,0,6,11,3.14,3.14,877,53,341,648
109,1988,1988-08-06,7,1,3,10,3.14,3.14,884,54,344,658
110,1988,1988-08-07,8,0,4,3,3.15,3.15,892,54,348,661
111,1988,1988-08-08,12,0,6,8,3.18,3.18,904,54,354,669
112,1988,1988-08-09,8,2,5,7,3.2,3.2,912,56,359,676
113,1988,1988-08-10,11,4,5,2,3.22,3.22,923,60,364,678
114,1988,1988-08-11,19,1,9,8,3.27,3.27,942,61,373,686
115,1988,1988-08-12,8,1,3,8,3.26,3.26,950,62,376,694
116,1988,1988-08-13,7,0,1,11,3.24,3.24,957,62,377,705
117,1988,1988-08-14,20,2,12,7,3.31,3.31,977,64,389,712
118,1988,1988-08-15,6,0,0,5,3.28,3.28,983,64,389,717
119,1988,1988-08-16,11,0,5,9,3.3,3.3,994,64,394,726
120,1988,1988-08-17,11,0,1,1,3.28,3.28,1005,64,395,727
121,1988,1988-08-18,4,0,1,9,3.26,3.26,1009,64,396,736
122,1988,1988-08-19,5,0,0,8,3.23,3.23,1014,64,396,744
123,1988,1988-08-20,8,0,3,9,3.23,3.23,1022,64,399,753
124,1988,1988-08-21,6,0,0,12,3.21,3.21,1028,64,399,765
125,1988,1988-08-22,14,2,7,11,3.24,3.24,1042,66,406,776
126,1988,1988-08-23,11,0,5,5,3.25,3.25,1053,66,411,781
127,1988,1988-08-24,7,0,2,6,3.24,3.24,1060,66,413,787
128,1988,1988-08-26,5,2,2,9,3.23,3.23,1065,68,415,796
129,1988,1988-08-27,6,0,2,5,3.22,3.22,1071,68,417,801
130,1988,1988-08-28,7,0,0,8,3.2,3.2,1078,68,417,809
131,1988,1988-08-29,8,0,0,7,3.17,3.17,1086,68,417,816
132,1988,1988-08-30,6,0,2,9,3.16,3.16,1092,68,419,825
133,1988,1988-08-31,7,0,4,9,3.17,3.17,1099,68,423,834
134,1988,1988-09-02,10,4,6,9,3.19,3.19,1109,72,429,843
135,1988,1988-09-03,8,0,2,6,3.19,3.19,1117,72,431,849
136,1988,1988-09-05,4,0,0,8,3.16,3.16,1121,72,431,857
137,1988,1988-09-06,4,1,2,9,3.16,3.16,1125,73,433,866
138,1988,1988-09-07,4,0,1,11,3.14,3.14,1129,73,434,877
139,1988,1988-09-08,8,1,1,4,3.13,3.13,1137,74,435,881
140,1988,1988-09-09,8,0,4,7,3.13,3.13,1145,74,439,888
141,1988,1988-09-10,7,0,0,8,3.11,3.11,1152,74,439,896
142,1988,1988-09-11,8,0,3,9,3.11,3.11,1160,74,442,905
143,1988,1988-09-12,10,0,4,6,3.12,3.12,1170,74,446,911
144,1988,1988-09-13,2,0,0,4,3.1,3.1,1172,74,446,915
145,1988,1988-09-14,6,0,0,8,3.07,3.07,1178,74,446,923
146,1988,1988-09-16,3,0,0,7,3.06,3.06,1181,74,446,930
147,1988,1988-09-17,7,1,3,4,3.06,3.06,1188,75,449,934
148,1988,1988-09-18,5,0,0,7,3.03,3.03,1193,75,449,941
149,1988,1988-09-19,4,0,0,5,3.01,3.01,1197,75,449,946
150,1988,1988-09-20,6,0,0,5,2.99,2.99,1203,75,449,951
151,1988,,8,1,9,6,3.03,3.03,1211,76,458,957
152,1988,,11,0,4,11,3.04,3.04,1222,76,462,968
153,1988,1988-09-22,8,2,3,9,3.04,3.04,1230,78,465,977
154,1988,1988-09-23,5,0,0,2,3.02,3.02,1235,78,465,979
155,1988,1988-09-24,11,2,2,7,3.01,3.01,1246,80,467,986
156,1988,1988-09-25,7,0,2,5,3.01,3.01,1253,80,469,991
157,1988,1988-09-26,4,1,1,8,2.99,2.99,1257,81,470,999
158,1988,1988-09-27,12,1,6,5,3.02,3.02,1269,82,476,1004
159,1988,1988-09-28,5,1,2,8,3.0,3.0,1274,83,478,1012
160,1988,1988-09-30,9,1,3,9,3.0,3.0,1283,84,481,1021
161,1988,1988-10-01,4,0,0,5,2.98,2.98,1287,84,481,1026
162,1988,1988-10-02,4,0,1,3,2.96,2.96,1291,84,482,1029
1,1989,1989-04-03,10,1,4,5,4.5,4.5,10,1,4,5
2,1989,1989-04-05,7,0,2,6,3.38,3.38,17,1,6,11
3,1989,1989-04-06,5,0,1,7,2.52,2.52,22,1,7,18
4,1989,1989-04-07,9,0,5,10,3.27,3.27,31,1,12,28
5,1989,1989-04-09,10,0,2,9,2.8,2.8,41,1,14,37
6,1989,1989-04-10,7,0,4,11,3.0,3.0,48,1,18,48
7,1989,1989-04-11,13,1,8,4,3.77,3.77,61,2,26,52
8,1989,1989-04-12,9,1,3,5,3.73,3.73,70,3,29,57
9,1989,1989-04-13,10,1,3,13,3.39,3.39,80,4,32,70
10,1989,1989-04-14,5,1,2,3,3.26,3.26,85,5,34,73
11,1989,1989-04-15,7,0,0,2,2.97,2.97,92,5,34,75
12,1989,1989-04-16,5,0,1,6,2.81,2.81,97,5,35,81
13,1989,1989-04-17,9,2,2,7,2.73,2.73,106,7,37,88
14,1989,1989-04-18,4,0,0,10,2.54,2.54,110,7,37,98
15,1989,1989-04-19,5,0,0,4,2.38,2.38,115,7,37,102
16,1989,1989-04-21,8,0,2,11,2.36,2.36,123,7,39,113
17,1989,1989-04-22,10,1,5,6,2.51,2.51,133,8,44,119
18,1989,1989-04-23,14,1,6,5,2.68,2.68,147,9,50,124
19,1989,1989-04-25,5,0,0,7,2.54,2.54,152,9,50,131
20,1989,1989-04-26,8,0,1,4,2.47,2.47,160,9,51,135
21,1989,1989-04-27,3,0,1,5,2.41,2.41,163,9,52,140
22,1989,1989-04-28,8,1,6,4,2.58,2.58,171,10,58,144
23,1989,1989-04-29,8,0,1,1,2.5,2.5,179,10,59,145
24,1989,1989-04-30,8,0,3,4,2.53,2.53,187,10,62,149
25,1989,1989-05-01,7,0,0,7,2.43,2.43,194,10,62,156
26,1989,1989-05-02,6,0,0,6,2.34,2.34,200,10,62,162
27,1989,1989-05-03,11,0,2,3,2.33,2.33,211,10,64,165
28,1989,1989-05-04,21,1,11,3,2.63,2.63,232,11,75,168
29,1989,1989-05-05,8,3,3,6,2.64,2.64,240,14,78,174
30,1989,1989-05-06,5,0,0,4,2.56,2.56,245,14,78,178
31,1989,1989-05-07,10,0,4,3,2.6,2.6,255,14,82,181
32,1989,1989-05-12,9,0,3,3,2.62,2.62,264,14,85,184
33,1989,1989-05-13,4,0,1,8,2.58,2.58,268,14,86,192
34,1989,1989-05-14,2,0,0,7,2.51,2.51,270,14,86,199
35,1989,1989-05-15,4,1,1,11,2.46,2.46,274,15,87,210
36,1989,1989-05-17,7,1,3,7,2.47,2.47,281,16,90,217
37,1989,1989-05-18,10,3,5,7,2.55,2.55,291,19,95,224
38,1989,1989-05-19,3,0,0,6,2.48,2.48,294,19,95,230
39,1989,1989-05-20,7,1,2,7,2.46,2.46,301,20,97,237
40,1989,1989-05-21,6,0,3,5,2.48,2.48,307,20,100,242
41,1989,1989-05-23,8,0,4,7,2.52,2.52,315,20,104,249
42,1989,1989-05-24,7,1,2,6,2.51,2.51,322,21,106,255
43,1989,1989-05-25,10,1,6,8,2.59,2.59,332,22,112,263
44,1989,1989-05-26,12,1,8,6,2.71,2.71,344,23,120,269
45,1989,1989-05-27,7,0,1,9,2.67,2.67,351,23,121,278
46,1989,1989-05-28,8,0,3,8,2.66,2.66,359,23,124,286
47,1989,1989-05-29,10,0,3,7,2.67,2.67,369,23,127,293
48,1989,1989-05-30,8,0,5,13,2.71,2.71,377,23,132,306
49,1989,1989-05-31,4,1,4,6,2.74,2.74,381,24,136,312
50,1989,1989-06-01,8,1,3,6,2.75,2.75,389,25,139,318
51,1989,1989-06-02,6,0,1,7,2.72,2.72,395,25,140,325
52,1989,1989-06-03,18,1,5,17,2.69,2.69,413,26,145,342
53,1989,1989-06-04,11,2,7,7,2.75,2.75,424,28,152,349
54,1989,,6,0,0,9,2.7,2.7,430,28,152,358
55,1989,,4,0,2,10,2.69,2.69,434,28,154,368
56,1989,1989-06-06,11,1,3,3,2.7,2.7,445,29,157,371
57,1989,1989-06-07,12,1,4,3,2.72,2.72,457,30,161,374
58,1989,1989-06-09,11,2,4,7,2.74,2.74,468,32,165,381
59,1989,1989-06-10,8,0,4,6,2.77,2.77,476,32,169,387
60,1989,1989-06-11,6,1,1,5,2.74,2.74,482,33,170,392
61,1989,1989-06-12,6,1,2,6,2.73,2.73,488,34,172,398
62,1989,1989-06-13,5,0,2,4,2.71,2.71,493,34,174,402
63,1989,1989-06-14,6,0,0,3,2.67,2.67,499,34,174,405
64,1989,1989-06-15,6,0,1,12,2.64,2.64,505,34,175,417
65,1989,1989-06-16,9,1,6,3,2.69,2.69,514,35,181,420
66,1989,1989-06-17,5,1,1,2,2.66,2.66,519,36,182,422
67,1989,1989-06-18,7,1,3,5,2.67,2.67,526,37,185,427
68,1989,1989-06-19,7,2,2,9,2.66,2.66,533,39,187,436
69,1989,1989-06-20,5,0,2,8,2.66,2.66,538,39,189,444
70,1989,1989-06-21,10,1,1,5,2.63,2.63,548,40,190,449
71,1989,1989-06-23,10,0,3,5,2.64,2.64,558,40,193,454
72,1989,1989-06-24,11,0,3,5,2.65,2.65,569,40,196,459
73,1989,1989-06-25,11,0,0,6,2.61,2.61,580,40,196,465
74,1989,1989-06-26,10,2,5,5,2.65,2.65,590,42,201,470
75,1989,1989-06-27,14,0,5,18,2.65,2.65,604,42,206,488
76,1989,1989-06-28,8,0,2,5,2.64,2.64,612,42,208,493
77,1989,1989-06-29,11,0,2,3,2.63,2.63,623,42,210,496
78,1989,1989-06-30,8,0,4,7,2.65,2.65,631,42,214,503
79,1989,1989-07-01,4,0,0,6,2.62,2.62,635,42,214,509
80,1989,1989-07-02,9,0,1,7,2.6,2.6,644,42,215,516
81,1989,1989-07-03,6,1,3,4,2.6,2.6,650,43,218,520
82,1989,1989-07-04,6,0,2,8,2.6,2.6,656,43,220,528
83,1989,1989-07-05,10,0,3,3,2.61,2.61,666,43,223,531
84,1989,1989-07-06,16,0,14,9,2.74,2.74,682,43,237,540
85,1989,1989-07-07,11,1,6,5,2.78,2.78,693,44,243,545
86,1989,1989-07-08,12,1,2,2,2.77,2.77,705,45,245,547
87,1989,1989-07-09,13,1,8,8,2.84,2.84,718,46,253,555
88,1989,1989-07-13,7,0,2,5,2.83,2.83,725,46,255,560
89,1989,1989-07-14,9,1,7,6,2.87,2.87,734,47,262,566
90,1989,1989-07-15,10,0,2,1,2.86,2.86,744,47,264,567
91,1989,1989-07-16,8,0,2,8,2.85,2.85,752,47,266,575
92,1989,1989-07-17,6,1,6,8,2.89,2.89,758,48,272,583
93,1989,1989-07-18,4,0,0,5,2.86,2.86,762,48,272,588
94,1989,1989-07-19,11,0,3,3,2.86,2.86,773,48,275,591
95,1989,,7,1,4,9,2.87,2.87,780,49,279,600
96,1989,,6,0,3,4,2.87,2.87,786,49,282,604
97,1989,1989-07-22,6,2,4,6,2.89,2.89,792,51,286,610
98,1989,,6,0,3,6,2.89,2.89,798,51,289,616
99,1989,,5,0,2,5,2.88,2.88,803,51,291,621
100,1989,1989-07-24,10,1,7,5,2.92,2.92,813,52,298,626
101,1989,1989-07-25,5,0,0,9,2.89,2.89,818,52,298,635
102,1989,1989-07-26,10,0,5,3,2.92,2.92,828,52,303,638
103,1989,1989-07-27,9,1,4,6,2.93,2.93,837,53,307,644
104,1989,1989-07-28,7,0,2,4,2.92,2.92,844,53,309,648
105,1989,1989-07-29,8,1,5,7,2.94,2.94,852,54,314,655
106,1989,1989-07-30,4,1,1,8,2.92,2.92,856,55,315,663
107,1989,1989-08-01,10,1,3,7,2.93,2.93,866,56,318,670
108,1989,1989-08-02,7,1,3,8,2.93,2.93,873,57,321,678
109,1989,1989-08-03,8,1,3,9,2.93,2.93,881,58,324,687
110,1989,1989-08-04,7,0,2,7,2.92,2.92,888,58,326,694
111,1989,1989-08-05,8,2,3,10,2.92,2.92,896,60,329,704
112,1989,1989-08-06,9,1,2,6,2.91,2.91,905,61,331,710
113,1989,1989-08-07,4,1,1,9,2.89,2.89,909,62,332,719
114,1989,1989-08-08,7,1,2,2,2.89,2.89,916,63,334,721
115,1989,1989-08-09,7,2,6,5,2.91,2.91,923,65,340,726
116,1989,1989-08-11,13,3,7,7,2.95,2.95,936,68,347,733
117,1989,1989-08-12,2,0,0,6,2.93,2.93,938,68,347,739
118,1989,1989-08-13,12,0,2,8,2.91,2.91,950,68,349,747
119,1989,1989-08-15,10,3,7,6,2.95,2.95,960,71,356,753
120,1989,1989-08-16,8,0,5,4,2.97,2.97,968,71,361,757
121,1989,1989-08-17,10,1,4,6,2.97,2.97,978,72,365,763
122,1989,1989-08-18,6,0,3,7,2.98,2.98,984,72,368,770
123,1989,1989-08-19,7,0,4,2,2.99,2.99,991,72,372,772
124,1989,1989-08-20,8,2,4,4,3.0,3.0,999,74,376,776
125,1989,1989-08-21,6,1,1,6,2.98,2.98,1005,75,377,782
126,1989,1989-08-22,7,1,3,6,2.98,2.98,1012,76,380,788
127,1989,1989-08-23,13,0,0,18,2.93,2.93,1025,76,380,806
128,1989,1989-08-25,7,0,2,6,2.92,2.92,1032,76,382,812
129,1989,1989-08-26,7,0,0,9,2.9,2.9,1039,76,382,821
130,1989,1989-08-27,9,0,1,9,2.88,2.88,1048,76,383,830
131,1989,1989-08-28,8,0,1,4,2.87,2.87,1056,76,384,834
132,1989,1989-08-29,6,0,2,11,2.86,2.86,1062,76,386,845
133,1989,1989-08-30,10,1,9,3,2.91,2.91,1072,77,395,848
134,1989,1989-09-01,5,0,0,3,2.89,2.89,1077,77,395,851
135,1989,1989-09-02,8,0,3,4,2.89,2.89,1085,77,398,855
136,1989,1989-09-03,8,0,2,8,2.88,2.88,1093,77,400,863
137,1989,1989-09-04,7,2,5,10,2.9,2.9,1100,79,405,873
138,1989,1989-09-05,8,0,3,6,2.9,2.9,1108,79,408,879
139,1989,1989-09-06,13,2,9,7,2.95,2.95,1121,81,417,886
140,1989,1989-09-07,6,1,2,6,2.94,2.94,1127,82,419,892
141,1989,1989-09-08,7,0,1,6,2.93,2.93,1134,82,420,898
142,1989,1989-09-09,8,0,3,7,2.93,2.93,1142,82,423,905
143,1989,1989-09-10,10,0,7,7,2.96,2.96,1152,82,430,912
144,1989,1989-09-11,6,2,2,8,2.95,2.95,1158,84,432,920
145,1989,1989-09-12,6,0,4,10,2.96,2.96,1164,84,436,930
146,1989,1989-09-13,6,1,3,5,2.96,2.96,1170,85,439,935
147,1989,1989-09-14,17,2,11,6,3.01,3.01,1187,87,450,941
148,1989,1989-09-15,5,0,0,12,2.99,2.99,1192,87,450,953
149,1989,1989-09-16,3,0,0,9,2.97,2.97,1195,87,450,962
150,1989,1989-09-17,8,1,3,10,2.97,2.97,1203,88,453,972
151,1989,1989-09-19,10,0,3,8,2.97,2.97,1213,88,456,980
152,1989,1989-09-20,10,2,8,5,3.01,3.01,1223,90,464,985
153,1989,1989-09-21,8,0,4,8,3.01,3.01,1231,90,468,993
154,1989,1989-09-22,3,1,1,5,3.0,3.0,1234,91,469,998
155,1989,1989-09-23,7,1,5,8,3.01,3.01,1241,92,474,1006
156,1989,1989-09-24,9,0,1,7,3.0,3.0,1250,92,475,1013
157,1989,1989-09-25,9,2,2,9,3.0,3.0,1259,94,477,1022
158,1989,1989-09-26,4,1,1,11,2.98,2.98,1263,95,478,1033
159,1989,1989-09-27,4,0,0,11,2.96,2.96,1267,95,478,1044
160,1989,1989-10-01,11,0,1,8,2.95,2.95,1278,95,479,1052
1,1990,1990-04-09,7,1,2,8,2.0,2.0,7,1,2,8
2,1990,1990-04-10,3,0,0,3,1.0,1.0,10,1,2,11
3,1990,1990-04-11,7,1,3,5,1.73,1.73,17,2,5,16
4,1990,1990-04-12,7,2,7,8,3.18,3.18,24,4,12,24
5,1990,1990-04-13,6,0,1,2,2.72,2.72,30,4,13,26
6,1990,1990-04-14,12,1,7,3,3.53,3.53,42,5,20,29
7,1990,1990-04-15,9,1,4,8,3.54,3.54,51,6,24,37
8,1990,1990-04-16,9,0,3,7,3.47,3.47,60,6,27,44
9,1990,1990-04-17,10,1,3,8,3.42,3.42,70,7,30,52
10,1990,1990-04-18,14,0,2,6,3.27,3.27,84,7,32,58
11,1990,1990-04-19,10,0,3,7,3.25,3.25,94,7,35,65
12,1990,1990-04-20,4,2,4,9,3.31,3.31,98,9,39,74
13,1990,1990-04-21,10,2,6,5,3.52,3.52,108,11,45,79
14,1990,1990-04-22,3,0,0,9,3.27,3.27,111,11,45,88
15,1990,1990-04-24,3,0,0,6,3.05,3.05,114,11,45,94
16,1990,1990-04-25,8,0,5,3,3.17,3.17,122,11,50,97
17,1990,1990-04-26,14,2,7,8,3.4,3.4,136,13,57,105
18,1990,1990-04-27,4,0,0,4,3.21,3.21,140,13,57,109
19,1990,1990-04-28,7,1,3,10,3.2,3.2,147,14,60,119
20,1990,1990-04-29,12,1,3,2,3.19,3.19,159,15,63,121
21,1990,1990-04-30,13,2,8,14,3.42,3.42,172,17,71,135
22,1990,1990-05-01,5,0,1,9,3.31,3.31,177,17,72,144
23,1990,1990-05-02,8,0,2,4,3.25,3.25,185,17,74,148
24,1990,1990-05-04,10,1,8,9,3.46,3.46,195,18,82,157
25,1990,1990-05-05,6,0,0,7,3.32,3.32,201,18,82,164
26,1990,1990-05-06,12,2,9,9,3.56,3.56,213,20,91,173
27,1990,1990-05-08,11,2,6,8,3.67,3.67,224,22,97,181
28,1990,1990-05-09,9,0,3,6,3.66,3.66,233,22,100,187
29,1990,1990-05-10,12,0,8,12,3.83,3.83,245,22,108,199
30,1990,1990-05-11,7,0,9,8,4.02,4.02,252,22,117,207
31,1990,1990-05-12,9,0,4,3,4.03,4.03,261,22,121,210
32,1990,1990-05-14,5,1,1,7,3.94,3.94,266,23,122,217
33,1990,1990-05-15,7,0,2,11,3.88,3.88,273,23,124,228
34,1990,1990-05-16,7,1,2,4,3.82,3.82,280,24,126,232
35,1990,1990-05-18,7,0,2,7,3.76,3.76,287,24,128,239
36,1990,1990-05-19,24,1,14,2,4.03,4.03,311,25,142,241
37,1990,1990-05-20,7,1,3,11,4.0,4.0,318,26,145,252
38,1990,1990-05-21,14,3,12,5,4.22,4.22,332,29,157,257
39,1990,1990-05-22,17,2,2,4,4.16,4.16,349,31,159,261
40,1990,1990-05-23,8,1,1,3,4.08,4.08,357,32,160,264
41,1990,1990-05-24,8,3,6,7,4.13,4.13,365,35,166,271
42,1990,1990-05-25,5,0,1,8,4.05,4.05,370,35,167,279
43,1990,1990-05-26,5,0,0,3,3.96,3.96,375,35,167,282
44,1990,1990-05-27,10,1,7,5,4.03,4.03,385,36,174,287
45,1990,1990-05-28,5,0,5,8,4.05,4.05,390,36,179,295
46,1990,1990-05-29,10,0,7,3,4.13,4.13,400,36,186,298
47,1990,1990-05-30,14,2,2,9,4.09,4.09,414,38,188,307
48,1990,1990-05-31,7,0,0,5,3.99,3.99,421,38,188,312
49,1990,1990-06-01,6,1,4,6,3.99,3.99,427,39,192,318
50,1990,1990-06-02,13,3,5,6,4.01,4.01,440,42,197,324
51,1990,1990-06-03,10,0,2,6,3.97,3.97,450,42,199,330
52,1990,1990-06-04,3,0,0,18,3.9,3.9,453,42,199,348
53,1990,1990-06-05,9,0,0,3,3.82,3.82,462,42,199,351
54,1990,1990-06-06,8,0,4,6,3.82,3.82,470,42,203,357
55,1990,1990-06-08,15,3,8,5,3.91,3.91,485,45,211,362
56,1990,1990-06-09,10,2,4,11,3.9,3.9,495,47,215,373
57,1990,1990-06-10,8,0,2,8,3.86,3.86,503,47,217,381
58,1990,1990-06-11,9,1,5,5,3.89,3.89,512,48,222,386
59,1990,1990-06-12,12,2,5,7,3.91,3.91,524,50,227,393
60,1990,1990-06-13,4,2,5,10,3.94,3.94,528,52,232,403
61,1990,1990-06-15,9,1,3,10,3.9,3.9,537,53,235,413
62,1990,1990-06-16,4,0,1,8,3.85,3.85,541,53,236,421
63,1990,1990-06-17,8,2,3,6,3.83,3.83,549,55,239,427
64,1990,1990-06-18,10,1,2,6,3.81,3.81,559,56,241,433
65,1990,1990-06-19,5,1,1,7,3.76,3.76,564,57,242,440
66,1990,1990-06-20,7,1,2,13,3.73,3.73,571,58,244,453
67,1990,1990-06-22,12,2,5,5,3.75,3.75,583,60,249,458
68,1990,1990-06-23,9,2,11,7,3.86,3.86,592,62,260,465
69,1990,1990-06-24,11,2,10,4,3.96,3.96,603,64,270,469
70,1990,1990-06-25,8,1,1,9,3.91,3.91,611,65,271,478
71,1990,1990-06-26,9,0,4,5,3.92,3.92,620,65,275,483
72,1990,1990-06-27,11,1,3,7,3.92,3.92,631,66,278,490
73,1990,1990-06-29,0,0,0,7,3.86,3.86,631,66,278,497
74,1990,1990-06-30,13,0,5,7,3.88,3.88,644,66,283,504
75,1990,1990-07-01,12,0,6,5,3.91,3.91,656,66,289,509
76,1990,1990-07-02,5,0,1,1,3.87,3.87,661,66,290,510
77,1990,1990-07-03,11,2,4,10,3.87,3.87,672,68,294,520
78,1990,1990-07-04,11,1,4,3,3.87,3.87,683,69,298,523
79,1990,1990-07-05,11,4,8,9,3.92,3.92,694,73,306,532
80,1990,1990-07-06,12,1,4,3,3.92,3.92,706,74,310,535
81,1990,1990-07-07,7,0,2,5,3.9,3.9,713,74,312,540
82,1990,1990-07-08,10,0,4,10,3.9,3.9,723,74,316,550
83,1990,1990-07-12,10,1,3,5,3.89,3.89,733,75,319,555
84,1990,1990-07-13,5,0,2,4,3.87,3.87,738,75,321,559
85,1990,1990-07-14,3,0,0,2,3.82,3.82,741,75,321,561
86,1990,1990-07-15,10,1,4,6,3.83,3.83,751,76,325,567
87,1990,1990-07-16,9,0,2,6,3.81,3.81,760,76,327,573
88,1990,1990-07-17,9,0,3,5,3.8,3.8,769,76,330,578
89,1990,1990-07-18,7,0,0,10,3.76,3.76,776,76,330,588
90,1990,1990-07-20,6,0,4,1,3.77,3.77,782,76,334,589
91,1990,1990-07-21,1,0,0,6,3.72,3.72,783,76,334,595
92,1990,1990-07-22,11,3,10,8,3.8,3.8,794,79,344,603
93,1990,1990-07-23,5,0,1,6,3.77,3.77,799,79,345,609
94,1990,1990-07-24,2,0,0,8,3.73,3.73,801,79,345,617
95,1990,1990-07-25,10,2,7,9,3.76,3.76,811,81,352,626
96,1990,1990-07-26,3,0,1,4,3.73,3.73,814,81,353,630
97,1990,1990-07-27,6,2,3,6,3.71,3.71,820,83,356,636
98,1990,1990-07-28,12,0,7,7,3.75,3.75,832,83,363,643
99,1990,1990-07-29,5,2,3,10,3.74,3.74,837,85,366,653
100,1990,1990-07-30,2,0,1,7,3.71,3.71,839,85,367,660
101,1990,1990-07-31,6,1,3,5,3.7,3.7,845,86,370,665
102,1990,1990-08-01,8,1,2,7,3.69,3.69,853,87,372,672
103,1990,1990-08-02,7,1,2,8,3.67,3.67,860,88,374,680
104,1990,1990-08-03,6,1,2,5,3.66,3.66,866,89,376,685
105,1990,1990-08-04,6,1,2,1,3.65,3.65,872,90,378,686
106,1990,1990-08-05,11,0,4,6,3.65,3.65,883,90,382,692
107,1990,1990-08-07,2,0,0,6,3.62,3.62,885,90,382,698
108,1990,1990-08-08,7,1,1,4,3.59,3.59,892,91,383,702
109,1990,1990-08-09,6,0,3,11,3.59,3.59,898,91,386,713
110,1990,1990-08-10,6,0,3,6,3.59,3.59,904,91,389,719
111,1990,1990-08-11,5,1,4,9,3.59,3.59,909,92,393,728
112,1990,1990-08-12,10,1,3,6,3.58,3.58,919,93,396,734
113,1990,1990-08-13,13,1,9,8,3.63,3.63,932,94,405,742
114,1990,,12,1,9,4,3.69,3.69,944,95,414,746
115,1990,,6,1,1,3,3.66,3.66,950,96,415,749
116,1990,1990-08-15,7,0,2,4,3.65,3.65,957,96,417,753
117,1990,1990-08-16,9,1,4,4,3.65,3.65,966,97,421,757
118,1990,1990-08-17,12,2,6,10,3.67,3.67,978,99,427,767
119,1990,1990-08-18,7,1,2,6,3.66,3.66,985,100,429,773
120,1990,1990-08-19,8,1,2,7,3.65,3.65,993,101,431,780
121,1990,1990-08-20,7,0,1,6,3.62,3.62,1000,101,432,786
122,1990,1990-08-21,11,1,4,4,3.63,3.63,1011,102,436,790
123,1990,1990-08-22,6,0,2,9,3.61,3.61,1017,102,438,799
124,1990,1990-08-23,4,0,2,2,3.6,3.6,1021,102,440,801
125,1990,1990-08-24,7,2,3,5,3.6,3.6,1028,104,443,806
126,1990,1990-08-25,11,0,2,10,3.57,3.57,1039,104,445,816
127,1990,1990-08-26,6,0,1,9,3.55,3.55,1045,104,446,825
128,1990,1990-08-28,7,0,1,6,3.53,3.53,1052,104,447,831
129,1990,1990-08-29,5,1,2,4,3.51,3.51,1057,105,449,835
130,1990,1990-08-30,12,0,2,3,3.5,3.5,1069,105,451,838
131,1990,1990-08-31,12,1,5,3,3.52,3.52,1081,106,456,841
132,1990,1990-09-01,9,1,6,5,3.54,3.54,1090,107,462,846
133,1990,1990-09-02,7,1,5,6,3.55,3.55,1097,108,467,852
134,1990,1990-09-03,13,0,7,8,3.58,3.58,1110,108,474,860
135,1990,1990-09-04,12,1,8,6,3.61,3.61,1122,109,482,866
136,1990,1990-09-05,10,4,6,5,3.63,3.63,1132,113,488,871
137,1990,1990-09-06,3,0,0,6,3.6,3.6,1135,113,488,877
138,1990,1990-09-07,4,0,0,3,3.57,3.57,1139,113,488,880
139,1990,1990-09-08,11,0,8,6,3.61,3.61,1150,113,496,886
140,1990,1990-09-09,8,1,4,8,3.61,3.61,1158,114,500,894
141,1990,1990-09-10,12,0,4,4,3.61,3.61,1170,114,504,898
142,1990,1990-09-11,8,1,4,6,3.62,3.62,1178,115,508,904
143,1990,1990-09-12,9,0,3,8,3.62,3.62,1187,115,511,912
144,1990,1990-09-14,9,1,4,4,3.62,3.62,1196,116,515,916
145,1990,1990-09-15,6,0,0,7,3.59,3.59,1202,116,515,923
146,1990,1990-09-16,13,1,9,10,3.63,3.63,1215,117,524,933
147,1990,1990-09-17,8,0,2,6,3.62,3.62,1223,117,526,939
148,1990,1990-09-18,7,1,2,2,3.61,3.61,1230,118,528,941
149,1990,1990-09-19,14,2,9,8,3.65,3.65,1244,120,537,949
150,1990,1990-09-20,6,1,2,9,3.64,3.64,1250,121,539,958
151,1990,1990-09-21,9,2,3,6,3.63,3.63,1259,123,542,964
152,1990,1990-09-22,8,1,3,5,3.63,3.63,1267,124,545,969
153,1990,1990-09-23,10,0,5,8,3.64,3.64,1277,124,550,977
154,1990,1990-09-24,13,1,5,5,3.64,3.64,1290,125,555,982
155,1990,1990-09-25,5,1,1,7,3.62,3.62,1295,126,556,989
156,1990,1990-09-26,7,1,10,8,3.66,3.66,1302,127,566,997
157,1990,1990-09-28,11,1,6,4,3.68,3.68,1313,128,572,1001
158,1990,1990-09-29,9,0,4,5,3.69,3.69,1322,128,576,1006
159,1990,1990-09-30,9,1,7,5,3.71,3.71,1331,129,583,1011
160,1990,1990-10-01,5,1,1,3,3.69,3.69,1336,130,584,1014
161,1990,1990-10-02,15,3,7,5,3.71,3.71,1351,133,591,1019
162,1990,1990-10-03,13,4,5,2,3.72,3.72,1364,137,596,1021
1,1991,1991-04-10,5,1,2,6,2.0,2.0,5,1,2,6
2,1991,1991-04-11,7,1,1,6,1.5,1.5,12,2,3,12
3,1991,1991-04-12,10,0,4,8,2.33,2.33,22,2,7,20
4,1991,1991-04-13,14,0,6,10,3.25,3.25,36,2,13,30
5,1991,1991-04-14,7,1,1,7,2.8,2.8,43,3,14,37
6,1991,1991-04-15,6,0,0,4,2.33,2.33,49,3,14,41
7,1991,1991-04-16,10,2,8,7,3.19,3.19,59,5,22,48
8,1991,1991-04-17,5,2,2,6,3.04,3.04,64,7,24,54
9,1991,1991-04-18,14,2,10,6,3.87,3.87,78,9,34,60
10,1991,1991-04-19,7,0,0,0,3.48,3.48,85,9,34,60
11,1991,1991-04-20,7,0,1,7,3.28,3.28,92,9,35,67
12,1991,1991-04-21,5,0,0,9,3.0,3.0,97,9,35,76
13,1991,1991-04-22,12,0,7,4,3.32,3.32,109,9,42,80
14,1991,1991-04-23,8,1,4,8,3.37,3.37,117,10,46,88
15,1991,1991-04-24,7,2,4,5,3.41,3.41,124,12,50,93
16,1991,1991-04-25,5,1,1,7,3.26,3.26,129,13,51,100
17,1991,1991-04-26,5,0,0,6,3.06,3.06,134,13,51,106
18,1991,1991-04-27,11,1,3,4,3.06,3.06,145,14,54,110
19,1991,1991-04-28,10,1,3,13,3.05,3.05,155,15,57,123
20,1991,1991-04-30,2,1,1,5,2.97,2.97,157,16,58,128
21,1991,1991-05-01,11,0,7,8,3.18,3.18,168,16,65,136
22,1991,1991-05-03,4,0,1,4,3.08,3.08,172,16,66,140
23,1991,1991-05-04,10,1,4,3,3.13,3.13,182,17,70,143
24,1991,1991-05-05,9,0,1,7,3.04,3.04,191,17,71,150
25,1991,1991-05-07,8,1,3,4,3.06,3.06,199,18,74,154
26,1991,1991-05-08,4,0,0,7,2.93,2.93,203,18,74,161
27,1991,1991-05-10,7,0,1,5,2.86,2.86,210,18,75,166
28,1991,1991-05-11,7,1,2,6,2.83,2.83,217,19,77,172
29,1991,1991-05-12,13,0,7,4,2.98,2.98,230,19,84,176
30,1991,1991-05-13,8,1,3,10,2.98,2.98,238,20,87,186
31,1991,1991-05-14,5,0,2,8,2.94,2.94,243,20,89,194
32,1991,1991-05-15,8,1,3,8,2.95,2.95,251,21,92,202
33,1991,1991-05-17,6,0,4,4,2.98,2.98,257,21,96,206
34,1991,1991-05-18,11,1,3,4,2.98,2.98,268,22,99,210
35,1991,1991-05-19,9,1,5,8,3.04,3.04,277,23,104,218
36,1991,1991-05-20,8,1,4,6,3.08,3.08,285,24,108,224
37,1991,1991-05-21,6,1,3,8,3.07,3.07,291,25,111,232
38,1991,1991-05-22,9,0,3,6,3.08,3.08,300,25,114,238
39,1991,1991-05-23,6,0,0,3,3.0,3.0,306,25,114,241
40,1991,1991-05-24,9,0,3,5,3.0,3.0,315,25,117,246
41,1991,1991-05-25,8,0,1,8,2.95,2.95,323,25,118,254
42,1991,1991-05-26,6,1,3,4,2.96,2.96,329,26,121,258
43,1991,1991-05-27,6,1,1,8,2.91,2.91,335,27,122,266
44,1991,1991-05-28,11,0,2,11,2.89,2.89,346,27,124,277
45,1991,1991-05-29,16,1,5,7,2.94,2.94,362,28,129,284
46,1991,1991-05-30,15,2,7,5,3.03,3.03,377,30,136,289
47,1991,1991-05-31,10,1,4,5,3.05,3.05,387,31,140,294
48,1991,1991-06-01,9,0,6,12,3.11,3.11,396,31,146,306
49,1991,1991-06-02,8,0,1,8,3.06,3.06,404,31,147,314
50,1991,1991-06-04,7,0,3,8,3.05,3.05,411,31,150,322
51,1991,1991-06-05,4,0,0,4,2.99,2.99,415,31,150,326
52,1991,1991-06-06,4,0,0,5,2.93,2.93,419,31,150,331
53,1991,1991-06-07,6,0,2,7,2.91,2.91,425,31,152,338
54,1991,1991-06-08,9,0,4,5,2.94,2.94,434,31,156,343
55,1991,1991-06-09,8,1,3,8,2.94,2.94,442,32,159,351
56,1991,1991-06-10,14,1,5,5,2.98,2.98,456,33,164,356
57,1991,1991-06-12,7,0,2,4,2.97,2.97,463,33,166,360
58,1991,1991-06-13,6,0,1,9,2.93,2.93,469,33,167,369
59,1991,1991-06-14,9,0,1,4,2.9,2.9,478,33,168,373
60,1991,1991-06-15,9,0,4,6,2.92,2.92,487,33,172,379
61,1991,1991-06-16,4,0,2,6,2.9,2.9,491,33,174,385
62,1991,1991-06-17,10,1,4,5,2.92,2.92,501,34,178,390
63,1991,1991-06-18,8,1,4,11,2.92,2.92,509,35,182,401
64,1991,1991-06-19,13,0,8,8,3.0,3.0,522,35,190,409
65,1991,1991-06-20,5,0,2,7,2.98,2.98,527,35,192,416
66,1991,1991-06-21,10,2,3,7,2.98,2.98,537,37,195,423
67,1991,1991-06-22,3,0,1,3,2.95,2.95,540,37,196,426
68,1991,1991-06-23,6,0,0,5,2.91,2.91,546,37,196,431
69,1991,1991-06-25,16,0,9,10,3.0,3.0,562,37,205,441
70,1991,1991-06-26,4,2,3,7,2.99,2.99,566,39,208,448
71,1991,,10,0,3,6,2.98,2.98,576,39,211,454
72,1991,,5,0,2,3,2.97,2.97,581,39,213,457
73,1991,1991-06-29,7,0,1,7,2.93,2.93,588,39,214,464
74,1991,1991-06-30,12,0,3,7,2.94,2.94,600,39,217,471
75,1991,1991-07-02,6,0,1,3,2.91,2.91,606,39,218,474
76,1991,1991-07-03,10,3,3,6,2.91,2.91,616,42,221,480
77,1991,1991-07-04,14,0,4,11,2.92,2.92,630,42,225,491
78,1991,1991-07-05,8,1,4,9,2.93,2.93,638,43,229,500
79,1991,1991-07-06,8,0,5,6,2.96,2.96,646,43,234,506
80,1991,1991-07-07,10,0,1,7,2.93,2.93,656,43,235,513
81,1991,1991-07-11,7,1,3,5,2.94,2.94,663,44,238,518
82,1991,1991-07-12,7,1,6,4,2.98,2.98,670,45,244,522
83,1991,,6,0,0,2,2.94,2.94,676,45,244,524
84,1991,,11,0,6,5,2.98,2.98,687,45,250,529
85,1991,1991-07-15,13,1,9,7,3.06,3.06,700,46,259,536
86,1991,1991-07-16,9,1,3,4,3.06,3.06,709,47,262,540
87,1991,1991-07-17,10,1,4,3,3.08,3.08,719,48,266,543
88,1991,1991-07-18,7,1,5,2,3.1,3.1,726,49,271,545
89,1991,1991-07-19,10,1,5,0,3.12,3.12,736,50,276,545
90,1991,1991-07-20,12,2,7,2,3.17,3.17,748,52,283,547
91,1991,1991-07-21,11,0,7,3,3.21,3.21,759,52,290,550
92,1991,1991-07-23,10,0,5,8,3.23,3.23,769,52,295,558
93,1991,1991-07-24,7,0,1,12,3.21,3.21,776,52,296,570
94,1991,1991-07-25,5,0,0,9,3.17,3.17,781,52,296,579
95,1991,1991-07-26,2,0,0,5,3.13,3.13,783,52,296,584
96,1991,1991-07-27,5,0,0,4,3.1,3.1,788,52,296,588
97,1991,1991-07-28,4,0,0,5,3.07,3.07,792,52,296,593
98,1991,1991-07-29,10,1,5,1,3.09,3.09,802,53,301,594
99,1991,1991-07-30,6,0,1,6,3.07,3.07,808,53,302,600
100,1991,1991-07-31,12,0,3,10,3.07,3.07,820,53,305,610
101,1991,1991-08-02,9,1,8,6,3.12,3.12,829,54,313,616
102,1991,1991-08-03,8,0,2,7,3.11,3.11,837,54,315,623
103,1991,1991-08-04,6,0,2,9,3.09,3.09,843,54,317,632
104,1991,1991-08-05,13,3,10,3,3.16,3.16,856,57,327,635
105,1991,1991-08-06,9,1,2,4,3.15,3.15,865,58,329,639
106,1991,1991-08-07,3,0,0,9,3.12,3.12,868,58,329,648
107,1991,1991-08-08,8,2,4,4,3.13,3.13,876,60,333,652
108,1991,1991-08-09,6,0,0,8,3.09,3.09,882,60,333,660
109,1991,1991-08-10,12,1,4,5,3.1,3.1,894,61,337,665
110,1991,1991-08-11,7,1,4,6,3.11,3.11,901,62,341,671
111,1991,1991-08-12,4,0,1,6,3.1,3.1,905,62,342,677
112,1991,1991-08-13,9,1,3,6,3.09,3.09,914,63,345,683
113,1991,1991-08-14,5,1,1,9,3.07,3.07,919,64,346,692
114,1991,1991-08-15,8,1,4,9,3.08,3.08,927,65,350,701
115,1991,1991-08-16,7,1,1,8,3.05,3.05,934,66,351,709
116,1991,1991-08-17,11,1,5,7,3.07,3.07,945,67,356,716
117,1991,1991-08-18,12,1,8,4,3.11,3.11,957,68,364,720
118,1991,1991-08-19,10,2,2,11,3.09,3.09,967,70,366,731
119,1991,1991-08-20,5,0,4,8,3.1,3.1,972,70,370,739
120,1991,1991-08-21,11,0,5,4,3.12,3.12,983,70,375,743
121,1991,1991-08-23,4,0,2,6,3.11,3.11,987,70,377,749
122,1991,1991-08-24,10,2,6,6,3.14,3.14,997,72,383,755
123,1991,1991-08-25,11,0,4,2,3.15,3.15,1008,72,387,757
124,1991,1991-08-26,9,0,3,8,3.15,3.15,1017,72,390,765
125,1991,1991-08-27,7,1,2,6,3.14,3.14,1024,73,392,771
126,1991,1991-08-28,11,1,6,5,3.16,3.16,1035,74,398,776
127,1991,1991-08-29,7,0,4,6,3.17,3.17,1042,74,402,782
128,1991,1991-08-30,4,0,0,10,3.15,3.15,1046,74,402,792
129,1991,1991-08-31,8,0,2,4,3.14,3.14,1054,74,404,796
130,1991,1991-09-01,8,1,3,6,3.14,3.14,1062,75,407,802
131,1991,1991-09-02,15,1,7,11,3.16,3.16,1077,76,414,813
132,1991,1991-09-03,6,0,4,5,3.17,3.17,1083,76,418,818
133,1991,1991-09-04,11,0,3,4,3.16,3.16,1094,76,421,822
134,1991,,6,0,3,10,3.16,3.16,1100,76,424,832
135,1991,,10,1,1,3,3.15,3.15,1110,77,425,835
136,1991,1991-09-07,8,0,1,7,3.13,3.13,1118,77,426,842
137,1991,1991-09-08,9,0,1,9,3.12,3.12,1127,77,427,851
138,1991,1991-09-09,10,1,4,4,3.12,3.12,1137,78,431,855
139,1991,1991-09-10,9,1,5,7,3.14,3.14,1146,79,436,862
140,1991,1991-09-11,8,0,1,8,3.13,3.13,1154,79,437,870
141,1991,1991-09-12,7,0,2,9,3.12,3.12,1161,79,439,879
142,1991,1991-09-13,4,1,2,0,3.11,3.11,1165,80,441,879
143,1991,1991-09-14,10,0,3,11,3.1,3.1,1175,80,444,890
144,1991,1991-09-15,6,1,5,4,3.12,3.12,1181,81,449,894
145,1991,1991-09-16,14,1,5,5,3.12,3.12,1195,82,454,899
146,1991,1991-09-17,8,2,3,7,3.12,3.12,1203,84,457,906
147,1991,1991-09-18,9,1,4,5,3.13,3.13,1212,85,461,911
148,1991,1991-09-19,6,1,3,7,3.13,3.13,1218,86,464,918
149,1991,1991-09-20,5,1,3,7,3.13,3.13,1223,87,467,925
150,1991,1991-09-21,4,0,1,7,3.11,3.11,1227,87,468,932
151,1991,1991-09-22,3,0,0,9,3.09,3.09,1230,87,468,941
152,1991,1991-09-24,6,0,2,7,3.09,3.09,1236,87,470,948
153,1991,1991-09-25,8,2,5,9,3.1,3.1,1244,89,475,957
154,1991,1991-09-27,10,0,1,10,3.09,3.09,1254,89,476,967
155,1991,1991-09-28,7,1,4,7,3.09,3.09,1261,90,480,974
156,1991,1991-09-29,8,1,2,10,3.09,3.09,1269,91,482,984
157,1991,1991-09-30,4,1,2,7,3.08,3.08,1273,92,484,991
158,1991,1991-10-01,6,0,1,10,3.07,3.07,1279,92,485,1001
159,1991,1991-10-02,13,1,5,6,3.08,3.08,1292,93,490,1007
160,1991,1991-10-04,9,3,4,5,3.09,3.09,1301,96,494,1012
161,1991,1991-10-05,4,0,2,11,3.08,3.08,1305,96,496,1023
162,1991,1991-10-06,7,0,0,5,3.06,3.06,1312,96,496,1028
1,1992,1992-04-06,17,0,8,8,8.0,8.0,17,0,8,8
2,1992,1992-04-07,3,0,0,6,4.0,4.0,20,0,8,14
3,1992,1992-04-09,8,2,3,9,3.67,3.67,28,2,11,23
4,1992,1992-04-10,7,3,8,5,4.89,4.89,35,5,19,28
5,1992,1992-04-11,10,0,1,3,4.06,4.06,45,5,20,31
6,1992,1992-04-12,8,1,4,1,4.08,4.08,53,6,24,32
7,1992,1992-04-13,11,1,7,9,4.57,4.57,64,7,31,41
8,1992,1992-04-14,6,0,2,7,4.24,4.24,70,7,33,48
9,1992,1992-04-15,9,1,4,6,4.27,4.27,79,8,37,54
10,1992,1992-04-16,10,0,2,9,4.03,4.03,89,8,39,63
11,1992,1992-04-17,7,1,5,6,4.12,4.12,96,9,44,69
12,1992,1992-04-18,8,1,3,8,4.03,4.03,104,10,47,77
13,1992,1992-04-19,7,0,2,8,3.87,3.87,111,10,49,85
14,1992,1992-04-20,9,0,0,6,3.59,3.59,120,10,49,91
15,1992,1992-04-21,8,0,4,9,3.61,3.61,128,10,53,100
16,1992,1992-04-22,9,0,3,3,3.57,3.57,137,10,56,103
17,1992,1992-04-24,7,0,3,5,3.54,3.54,144,10,59,108
18,1992,1992-04-25,9,2,6,11,3.66,3.66,153,12,65,119
19,1992,1992-04-26,12,0,4,4,3.64,3.64,165,12,69,123
20,1992,1992-04-27,13,0,5,7,3.71,3.71,178,12,74,130
21,1992,1992-04-28,9,0,2,8,3.61,3.61,187,12,76,138
22,1992,1992-04-29,8,0,4,5,3.62,3.62,195,12,80,143
23,1992,1992-05-05,9,0,6,8,3.75,3.75,204,12,86,151
24,1992,1992-05-06,6,0,1,13,3.63,3.63,210,12,87,164
25,1992,1992-05-08,6,0,4,9,3.66,3.66,216,12,91,173
26,1992,1992-05-09,6,1,3,5,3.64,3.64,222,13,94,178
27,1992,1992-05-10,9,1,3,5,3.63,3.63,231,14,97,183
28,1992,1992-05-11,13,0,6,9,3.7,3.7,244,14,103,192
29,1992,1992-05-12,3,0,0,13,3.57,3.57,247,14,103,205
30,1992,1992-05-13,10,0,5,7,3.64,3.64,257,14,108,212
31,1992,1992-05-15,6,0,4,2,3.65,3.65,263,14,112,214
32,1992,1992-05-16,6,0,0,3,3.53,3.53,269,14,112,217
33,1992,1992-05-17,9,2,3,7,3.52,3.52,278,16,115,224
34,1992,1992-05-18,5,0,1,13,3.44,3.44,283,16,116,237
35,1992,1992-05-19,9,1,2,4,3.4,3.4,292,17,118,241
36,1992,1992-05-20,10,0,3,5,3.39,3.39,302,17,121,246
37,1992,1992-05-22,12,0,6,6,3.46,3.46,314,17,127,252
38,1992,1992-05-23,9,0,4,10,3.47,3.47,323,17,131,262
39,1992,1992-05-24,7,0,2,10,3.44,3.44,330,17,133,272
40,1992,1992-05-25,9,1,4,7,3.45,3.45,339,18,137,279
41,1992,1992-05-26,7,0,2,6,3.42,3.42,346,18,139,285
42,1992,1992-05-27,5,0,2,7,3.38,3.38,351,18,141,292
43,1992,1992-05-29,3,0,0,4,3.3,3.3,354,18,141,296
44,1992,1992-05-30,7,0,1,3,3.25,3.25,361,18,142,299
45,1992,1992-05-31,8,1,2,6,3.22,3.22,369,19,144,305
46,1992,1992-06-01,8,0,5,7,3.26,3.26,377,19,149,312
47,1992,1992-06-02,7,0,1,5,3.22,3.22,384,19,150,317
48,1992,1992-06-03,8,0,4,7,3.25,3.25,392,19,154,324
49,1992,1992-06-04,7,0,4,8,3.26,3.26,399,19,158,332
50,1992,1992-06-05,14,1,6,5,3.32,3.32,413,20,164,337
51,1992,1992-06-06,10,1,4,10,3.33,3.33,423,21,168,347
52,1992,1992-06-07,6,0,0,5,3.27,3.27,429,21,168,352
53,1992,1992-06-08,7,1,4,6,3.28,3.28,436,22,172,358
54,1992,1992-06-09,5,0,2,3,3.26,3.26,441,22,174,361
55,1992,1992-06-10,6,0,2,9,3.23,3.23,447,22,176,370
56,1992,1992-06-12,6,1,4,8,3.25,3.25,453,23,180,378
57,1992,1992-06-13,14,0,8,4,3.34,3.34,467,23,188,382
58,1992,1992-06-14,9,1,3,4,3.34,3.34,476,24,191,386
59,1992,1992-06-15,4,1,2,3,3.33,3.33,480,25,193,389
60,1992,1992-06-16,12,2,8,9,3.41,3.41,492,27,201,398
61,1992,1992-06-17,8,1,3,4,3.41,3.41,500,28,204,402
62,1992,1992-06-19,9,2,2,6,3.37,3.37,509,30,206,408
63,1992,1992-06-20,7,0,1,6,3.34,3.34,516,30,207,414
64,1992,1992-06-21,7,1,2,6,3.33,3.33,523,31,209,420
65,1992,1992-06-22,5,1,2,7,3.3,3.3,528,32,211,427
66,1992,1992-06-23,8,2,8,3,3.38,3.38,536,34,219,430
67,1992,1992-06-25,12,0,3,7,3.38,3.38,548,34,222,437
68,1992,1992-06-26,9,1,3,3,3.37,3.37,557,35,225,440
69,1992,1992-06-27,9,1,5,5,3.4,3.4,566,36,230,445
70,1992,1992-06-28,9,0,2,4,3.38,3.38,575,36,232,449
71,1992,1992-06-29,11,0,3,10,3.36,3.36,586,36,235,459
72,1992,1992-06-30,6,0,2,3,3.34,3.34,592,36,237,462
73,1992,1992-07-01,13,0,6,3,3.38,3.38,605,36,243,465
74,1992,1992-07-02,9,0,4,11,3.39,3.39,614,36,247,476
75,1992,,7,0,0,4,3.34,3.34,621,36,247,480
76,1992,,3,0,0,10,3.29,3.29,624,36,247,490
77,1992,1992-07-04,6,1,3,10,3.29,3.29,630,37,250,500
78,1992,1992-07-05,13,2,4,9,3.3,3.3,643,39,254,509
79,1992,,10,0,3,7,3.3,3.3,653,39,257,516
80,1992,,13,1,3,7,3.29,3.29,666,40,260,523
81,1992,,5,1,4,6,3.3,3.3,671,41,264,529
82,1992,,13,1,4,5,3.31,3.31,684,42,268,534
83,1992,,8,0,0,12,3.26,3.26,692,42,268,546
84,1992,,9,1,3,3,3.26,3.26,701,43,271,549
85,1992,1992-07-09,4,0,0,9,3.22,3.22,705,43,271,558
86,1992,1992-07-10,8,2,3,8,3.22,3.22,713,45,274,566
87,1992,1992-07-11,11,0,3,4,3.21,3.21,724,45,277,570
88,1992,1992-07-12,9,0,0,5,3.18,3.18,733,45,277,575
89,1992,1992-07-16,10,0,3,10,3.18,3.18,743,45,280,585
90,1992,1992-07-17,13,2,7,7,3.22,3.22,756,47,287,592
91,1992,1992-07-18,17,1,14,4,3.35,3.35,773,48,301,596
92,1992,1992-07-19,10,0,6,3,3.38,3.38,783,48,307,599
93,1992,1992-07-20,9,0,1,5,3.35,3.35,792,48,308,604
94,1992,1992-07-21,7,1,5,5,3.38,3.38,799,49,313,609
95,1992,1992-07-22,9,1,5,6,3.4,3.4,808,50,318,615
96,1992,1992-07-24,9,0,4,6,3.41,3.41,817,50,322,621
97,1992,1992-07-25,10,1,4,2,3.42,3.42,827,51,326,623
98,1992,1992-07-26,8,0,3,7,3.41,3.41,835,51,329,630
99,1992,1992-07-27,7,1,4,8,3.42,3.42,842,52,333,638
100,1992,1992-07-28,8,2,4,3,3.43,3.43,850,54,337,641
101,1992,1992-07-29,5,0,1,7,3.41,3.41,855,54,338,648
102,1992,1992-07-30,11,1,2,4,3.39,3.39,866,55,340,652
103,1992,1992-07-31,7,0,2,4,3.38,3.38,873,55,342,656
104,1992,1992-08-01,9,0,1,4,3.35,3.35,882,55,343,660
105,1992,1992-08-02,5,0,1,3,3.33,3.33,887,55,344,663
106,1992,1992-08-04,5,1,2,7,3.32,3.32,892,56,346,670
107,1992,1992-08-05,13,0,6,7,3.34,3.34,905,56,352,677
108,1992,1992-08-07,10,1,4,2,3.35,3.35,915,57,356,679
109,1992,1992-08-08,18,2,12,3,3.44,3.44,933,59,368,682
110,1992,1992-08-09,11,0,9,4,3.49,3.49,944,59,377,686
111,1992,1992-08-10,6,0,3,4,3.49,3.49,950,59,380,690
112,1992,1992-08-11,6,0,4,5,3.49,3.49,956,59,384,695
113,1992,1992-08-12,4,1,3,5,3.49,3.49,960,60,387,700
114,1992,1992-08-13,9,0,0,8,3.46,3.46,969,60,387,708
115,1992,1992-08-14,4,1,3,7,3.45,3.45,973,61,390,715
116,1992,1992-08-15,4,0,2,9,3.44,3.44,977,61,392,724
117,1992,1992-08-16,5,0,1,7,3.42,3.42,982,61,393,731
118,1992,1992-08-17,0,0,0,6,3.39,3.39,982,61,393,737
119,1992,1992-08-18,6,0,0,2,3.36,3.36,988,61,393,739
120,1992,1992-08-19,6,1,1,5,3.34,3.34,994,62,394,744
121,1992,1992-08-20,12,4,11,5,3.41,3.41,1006,66,405,749
122,1992,1992-08-21,15,0,3,5,3.39,3.39,1021,66,408,754
123,1992,1992-08-22,9,1,5,6,3.41,3.41,1030,67,413,760
124,1992,1992-08-23,11,0,4,2,3.41,3.41,1041,67,417,762
125,1992,1992-08-24,10,0,4,6,3.42,3.42,1051,67,421,768
126,1992,1992-08-25,13,1,6,7,3.44,3.44,1064,68,427,775
127,1992,1992-08-26,9,0,2,10,3.43,3.43,1073,68,429,785
128,1992,1992-08-28,4,0,1,6,3.41,3.41,1077,68,430,791
129,1992,1992-08-29,6,0,3,8,3.41,3.41,1083,68,433,799
130,1992,1992-08-30,9,0,1,4,3.39,3.39,1092,68,434,803
131,1992,1992-08-31,2,0,0,7,3.37,3.37,1094,68,434,810
132,1992,1992-09-01,12,2,4,8,3.36,3.36,1106,70,438,818
133,1992,1992-09-02,11,0,4,5,3.37,3.37,1117,70,442,823
134,1992,1992-09-04,11,1,6,3,3.39,3.39,1128,71,448,826
135,1992,1992-09-05,10,1,6,4,3.41,3.41,1138,72,454,830
136,1992,1992-09-06,9,1,5,5,3.43,3.43,1147,73,459,835
137,1992,1992-09-07,16,0,5,5,3.44,3.44,1163,73,464,840
138,1992,1992-09-08,10,1,7,7,3.47,3.47,1173,74,471,847
139,1992,1992-09-09,4,0,1,8,3.45,3.45,1177,74,472,855
140,1992,1992-09-10,5,0,2,7,3.44,3.44,1182,74,474,862
141,1992,1992-09-11,12,0,3,6,3.44,3.44,1194,74,477,868
142,1992,1992-09-12,6,0,0,4,3.41,3.41,1200,74,477,872
143,1992,1992-09-13,12,2,7,4,3.44,3.44,1212,76,484,876
144,1992,1992-09-14,10,0,3,11,3.43,3.43,1222,76,487,887
145,1992,1992-09-15,13,1,2,4,3.42,3.42,1235,77,489,891
146,1992,1992-09-16,6,1,3,2,3.42,3.42,1241,78,492,893
147,1992,1992-09-18,9,0,4,1,3.42,3.42,1250,78,496,894
148,1992,1992-09-19,11,0,3,3,3.42,3.42,1261,78,499,897
149,1992,1992-09-20,10,0,2,7,3.42,3.42,1271,78,501,904
150,1992,1992-09-21,7,1,3,8,3.41,3.41,1278,79,504,912
151,1992,1992-09-22,5,0,1,5,3.4,3.4,1283,79,505,917
152,1992,1992-09-23,13,0,3,4,3.39,3.39,1296,79,508,921
153,1992,1992-09-24,15,0,8,2,3.42,3.42,1311,79,516,923
154,1992,1992-09-25,7,0,4,6,3.43,3.43,1318,79,520,929
155,1992,1992-09-26,15,1,4,6,3.43,3.43,1333,80,524,935
156,1992,1992-09-27,14,0,4,8,3.44,3.44,1347,80,528,943
157,1992,1992-09-29,3,0,0,2,3.41,3.41,1350,80,528,945
158,1992,1992-09-30,8,0,3,9,3.41,3.41,1358,80,531,954
159,1992,1992-10-01,9,1,2,5,3.4,3.4,1367,81,533,959
160,1992,1992-10-02,10,1,6,6,3.42,3.42,1377,82,539,965
161,1992,1992-10-03,16,0,3,9,3.41,3.41,1393,82,542,974
162,1992,1992-10-04,8,0,3,7,3.41,3.41,1401,82,545,981
1,1993,1993-04-05,14,0,6,3,6.75,6.75,14,0,6,3
2,1993,1993-04-06,8,0,2,13,4.24,4.24,22,0,8,16
3,1993,1993-04-07,9,0,2,11,3.46,3.46,31,0,10,27
4,1993,1993-04-08,8,0,4,4,3.71,3.71,39,0,14,31
5,1993,1993-04-09,5,1,2,7,3.43,3.43,44,1,16,38
6,1993,1993-04-10,4,0,1,5,2.94,2.94,48,1,17,43
7,1993,1993-04-11,4,1,3,8,3.0,3.0,52,2,20,51
8,1993,1993-04-13,13,2,9,4,3.78,3.78,65,4,29,55
9,1993,1993-04-14,12,0,2,11,3.32,3.32,77,4,31,66
10,1993,1993-04-15,7,0,4,5,3.39,3.39,84,4,35,71
11,1993,1993-04-16,10,1,3,5,3.35,3.35,94,5,38,76
12,1993,1993-04-17,5,0,3,7,3.32,3.32,99,5,41,83
13,1993,1993-04-18,9,0,4,5,3.38,3.38,108,5,45,88
14,1993,1993-04-20,9,2,7,6,3.66,3.66,117,7,52,94
15,1993,1993-04-21,7,0,5,7,3.77,3.77,124,7,57,101
16,1993,1993-04-22,7,0,3,4,3.75,3.75,131,7,60,105
17,1993,1993-04-23,5,1,2,2,3.67,3.67,136,8,62,107
18,1993,1993-04-24,10,1,6,4,3.83,3.83,146,9,68,111
19,1993,1993-04-25,6,1,5,9,3.91,3.91,152,10,73,120
20,1993,1993-04-27,3,0,0,5,3.71,3.71,155,10,73,125
21,1993,1993-04-28,9,0,0,4,3.53,3.53,164,10,73,129
22,1993,1993-04-29,14,2,7,5,3.69,3.69,178,12,80,134
23,1993,1993-04-30,7,1,4,2,3.71,3.71,185,13,84,136
24,1993,1993-05-01,6,0,1,10,3.59,3.59,191,13,85,146
25,1993,1993-05-02,13,0,7,9,3.73,3.73,204,13,92,155
26,1993,1993-05-04,10,0,3,6,3.7,3.7,214,13,95,161
27,1993,1993-05-05,9,1,5,5,3.75,3.75,223,14,100,166
28,1993,1993-05-07,14,0,6,3,3.85,3.85,237,14,106,169
29,1993,1993-05-08,12,0,1,13,3.7,3.7,249,14,107,182
30,1993,1993-05-09,3,1,3,9,3.68,3.68,252,15,110,191
31,1993,1993-05-10,11,1,6,5,3.77,3.77,263,16,116,196
32,1993,1993-05-11,13,1,2,4,3.71,3.71,276,17,118,200
33,1993,1993-05-12,8,0,3,8,3.69,3.69,284,17,121,208
34,1993,1993-05-14,13,1,9,5,3.86,3.86,297,18,130,213
35,1993,1993-05-15,10,1,6,5,3.93,3.93,307,19,136,218
36,1993,1993-05-16,9,2,3,5,3.92,3.92,316,21,139,223
37,1993,1993-05-17,16,0,4,6,3.91,3.91,332,21,143,229
38,1993,1993-05-18,6,0,0,7,3.8,3.8,338,21,143,236
39,1993,1993-05-19,5,0,1,4,3.73,3.73,343,21,144,240
40,1993,1993-05-21,5,0,0,7,3.64,3.64,348,21,144,247
41,1993,1993-05-22,7,0,3,3,3.62,3.62,355,21,147,250
42,1993,1993-05-23,3,0,0,8,3.53,3.53,358,21,147,258
43,1993,1993-05-24,8,0,4,11,3.55,3.55,366,21,151,269
44,1993,1993-05-25,15,1,8,7,3.64,3.64,381,22,159,276
45,1993,1993-05-26,8,1,3,5,3.62,3.62,389,23,162,281
46,1993,1993-05-28,8,1,2,9,3.59,3.59,397,24,164,290
47,1993,1993-05-29,4,0,1,3,3.53,3.53,401,24,165,293
48,1993,1993-05-30,8,0,5,7,3.57,3.57,409,24,170,300
49,1993,1993-05-31,4,0,1,6,3.52,3.52,413,24,171,306
50,1993,1993-06-01,9,0,5,8,3.55,3.55,422,24,176,314
51,1993,1993-06-02,9,1,4,3,3.57,3.57,431,25,180,317
52,1993,1993-06-04,7,0,3,6,3.55,3.55,438,25,183,323
53,1993,1993-06-05,5,0,1,9,3.51,3.51,443,25,184,332
54,1993,1993-06-06,6,0,2,8,3.48,3.48,449,25,186,340
55,1993,1993-06-07,7,1,5,10,3.51,3.51,456,26,191,350
56,1993,1993-06-08,8,0,1,7,3.46,3.46,464,26,192,357
57,1993,1993-06-10,14,4,14,4,3.65,3.65,478,30,206,361
58,1993,1993-06-11,8,1,5,8,3.68,3.68,486,31,211,369
59,1993,1993-06-12,11,0,1,8,3.63,3.63,497,31,212,377
60,1993,1993-06-13,8,0,1,6,3.59,3.59,505,31,213,383
61,1993,1993-06-14,9,2,4,4,3.6,3.6,514,33,217,387
62,1993,1993-06-15,12,0,3,3,3.59,3.59,526,33,220,390
63,1993,1993-06-16,12,2,6,8,3.63,3.63,538,35,226,398
64,1993,1993-06-18,8,1,4,12,3.64,3.64,546,36,230,410
65,1993,1993-06-19,19,2,7,3,3.69,3.69,565,38,237,413
66,1993,1993-06-20,5,0,3,3,3.68,3.68,570,38,240,416
67,1993,1993-06-21,2,0,0,5,3.63,3.63,572,38,240,421
68,1993,1993-06-22,9,1,0,7,3.57,3.57,581,39,240,428
69,1993,1993-06-23,7,2,5,6,3.6,3.6,588,41,245,434
70,1993,1993-06-24,8,0,1,4,3.56,3.56,596,41,246,438
71,1993,1993-06-25,8,1,7,9,3.6,3.6,604,42,253,447
72,1993,1993-06-26,10,1,4,3,3.61,3.61,614,43,257,450
73,1993,1993-06-27,6,0,1,7,3.57,3.57,620,43,258,457
74,1993,1993-06-28,7,0,0,8,3.52,3.52,627,43,258,465
75,1993,1993-06-29,7,1,3,5,3.51,3.51,634,44,261,470
76,1993,1993-06-30,6,0,2,6,3.49,3.49,640,44,263,476
77,1993,1993-07-02,7,0,3,7,3.49,3.49,647,44,266,483
78,1993,1993-07-03,12,2,6,6,3.53,3.53,659,46,272,489
79,1993,1993-07-04,7,0,0,8,3.47,3.47,666,46,272,497
80,1993,1993-07-05,11,0,4,6,3.48,3.48,677,46,276,503
81,1993,1993-07-06,8,1,5,8,3.5,3.5,685,47,281,511
82,1993,1993-07-07,12,2,7,12,3.49,3.49,697,49,288,523
83,1993,,17,1,8,4,3.55,3.55,714,50,296,527
84,1993,,8,1,6,8,3.58,3.58,722,51,302,535
85,1993,1993-07-09,9,0,2,5,3.56,3.56,731,51,304,540
86,1993,1993-07-10,7,2,7,7,3.6,3.6,738,53,311,547
87,1993,1993-07-11,7,0,1,2,3.57,3.57,745,53,312,549
88,1993,1993-07-15,9,0,2,7,3.56,3.56,754,53,314,556
89,1993,1993-07-16,6,1,1,6,3.53,3.53,760,54,315,562
90,1993,1993-07-17,13,1,9,6,3.58,3.58,773,55,324,568
91,1993,1993-07-18,6,1,1,12,3.56,3.56,779,56,325,580
92,1993,1993-07-19,11,0,7,5,3.59,3.59,790,56,332,585
93,1993,1993-07-20,15,2,5,6,3.61,3.61,805,58,337,591
94,1993,1993-07-21,11,0,7,4,3.64,3.64,816,58,344,595
95,1993,1993-07-22,10,2,4,6,3.65,3.65,826,60,348,601
96,1993,1993-07-23,5,1,1,5,3.62,3.62,831,61,349,606
97,1993,1993-07-24,11,1,4,7,3.62,3.62,842,62,353,613
98,1993,1993-07-25,8,1,3,6,3.61,3.61,850,63,356,619
99,1993,1993-07-26,5,0,1,2,3.59,3.59,855,63,357,621
100,1993,1993-07-27,9,0,3,8,3.59,3.59,864,63,360,629
101,1993,1993-07-28,5,0,1,4,3.56,3.56,869,63,361,633
102,1993,1993-07-30,4,1,2,6,3.55,3.55,873,64,363,639
103,1993,1993-07-31,8,0,2,5,3.52,3.52,881,64,365,644
104,1993,1993-08-01,13,2,9,6,3.57,3.57,894,66,374,650
105,1993,1993-08-03,10,1,6,5,3.6,3.6,904,67,380,655
106,1993,1993-08-04,10,0,1,7,3.58,3.58,914,67,381,662
107,1993,1993-08-05,5,0,2,10,3.56,3.56,919,67,383,672
108,1993,1993-08-06,8,2,2,7,3.55,3.55,927,69,385,679
109,1993,1993-08-07,13,1,6,8,3.57,3.57,940,70,391,687
110,1993,1993-08-08,9,0,4,5,3.57,3.57,949,70,395,692
111,1993,1993-08-09,9,1,3,8,3.56,3.56,958,71,398,700
112,1993,1993-08-10,11,1,4,6,3.57,3.57,969,72,402,706
113,1993,1993-08-11,15,0,3,3,3.56,3.56,984,72,405,709
114,1993,1993-08-12,6,1,1,8,3.54,3.54,990,73,406,717
115,1993,1993-08-13,11,2,3,5,3.53,3.53,1001,75,409,722
116,1993,1993-08-14,13,0,2,8,3.52,3.52,1014,75,411,730
117,1993,1993-08-15,8,0,2,4,3.51,3.51,1022,75,413,734
118,1993,1993-08-17,6,0,2,5,3.5,3.5,1028,75,415,739
119,1993,1993-08-18,6,2,4,7,3.49,3.49,1034,77,419,746
120,1993,1993-08-19,14,0,4,2,3.5,3.5,1048,77,423,748
121,1993,1993-08-20,9,1,2,6,3.49,3.49,1057,78,425,754
122,1993,1993-08-21,5,1,4,5,3.49,3.49,1062,79,429,759
123,1993,1993-08-22,4,0,0,6,3.46,3.46,1066,79,429,765
124,1993,1993-08-23,8,0,1,5,3.44,3.44,1074,79,430,770
125,1993,1993-08-24,8,1,3,5,3.44,3.44,1082,80,433,775
126,1993,1993-08-25,8,0,2,14,3.42,3.42,1090,80,435,789
127,1993,1993-08-27,9,2,3,10,3.41,3.41,1099,82,438,799
128,1993,1993-08-28,9,0,4,5,3.42,3.42,1108,82,442,804
129,1993,1993-08-29,6,0,3,8,3.41,3.41,1114,82,445,812
130,1993,1993-08-31,12,1,5,9,3.43,3.43,1126,83,450,821
131,1993,1993-09-01,9,1,5,4,3.44,3.44,1135,84,455,825
132,1993,1993-09-02,4,0,0,9,3.42,3.42,1139,84,455,834
133,1993,1993-09-03,14,0,4,7,3.41,3.41,1153,84,459,841
134,1993,1993-09-04,8,1,2,5,3.4,3.4,1161,85,461,846
135,1993,1993-09-05,11,0,4,5,3.41,3.41,1172,85,465,851
136,1993,1993-09-06,6,0,1,10,3.39,3.39,1178,85,466,861
137,1993,1993-09-07,5,0,1,8,3.37,3.37,1183,85,467,869
138,1993,1993-09-08,13,1,6,6,3.39,3.39,1196,86,473,875
139,1993,1993-09-09,9,1,5,7,3.4,3.4,1205,87,478,882
140,1993,1993-09-10,3,0,1,6,3.38,3.38,1208,87,479,888
141,1993,1993-09-11,9,0,3,3,3.38,3.38,1217,87,482,891
142,1993,1993-09-12,5,0,0,7,3.36,3.36,1222,87,482,898
143,1993,1993-09-13,4,1,3,9,3.35,3.35,1226,88,485,907
144,1993,1993-09-14,6,0,3,9,3.35,3.35,1232,88,488,916
145,1993,1993-09-15,12,1,4,9,3.35,3.35,1244,89,492,925
146,1993,1993-09-17,17,2,12,9,3.41,3.41,1261,91,504,934
147,1993,1993-09-18,7,0,0,6,3.39,3.39,1268,91,504,940
148,1993,1993-09-19,12,0,7,7,3.42,3.42,1280,91,511,947
149,1993,1993-09-20,4,0,1,9,3.4,3.4,1284,91,512,956
150,1993,1993-09-21,8,1,3,9,3.39,3.39,1292,92,515,965
151,1993,1993-09-22,6,1,1,8,3.38,3.38,1298,93,516,973
152,1993,1993-09-23,11,1,11,2,3.43,3.43,1309,94,527,975
153,1993,1993-09-24,5,1,2,8,3.42,3.42,1314,95,529,983
154,1993,1993-09-25,18,1,10,4,3.46,3.46,1332,96,539,987
155,1993,1993-09-26,8,1,5,3,3.47,3.47,1340,97,544,990
156,1993,1993-09-27,10,2,4,7,3.48,3.48,1350,99,548,997
157,1993,1993-09-28,8,2,5,8,3.49,3.49,1358,101,553,1005
158,1993,1993-09-29,12,0,5,9,3.5,3.5,1370,101,558,1014
159,1993,1993-09-30,10,0,1,7,3.48,3.48,1380,101,559,1021
160,1993,1993-10-01,11,2,8,10,3.51,3.51,1391,103,567,1031
161,1993,1993-10-02,9,0,5,7,3.52,3.52,1400,103,572,1038
162,1993,1993-10-03,6,0,1,5,3.5,3.5,1406,103,573,1043
1,1994,1994-04-05,5,2,3,6,3.0,3.0,5,2,3,6
2,1994,1994-04-06,8,2,2,4,2.5,2.5,13,4,5,10
3,1994,1994-04-07,6,0,1,10,2.0,2.0,19,4,6,20
4,1994,1994-04-08,6,3,6,13,3.0,3.0,25,7,12,33
5,1994,1994-04-09,9,0,2,12,2.74,2.74,34,7,14,45
6,1994,1994-04-10,12,2,6,6,3.27,3.27,46,9,20,51
7,1994,1994-04-12,4,0,2,7,3.09,3.09,50,9,22,58
8,1994,1994-04-13,7,1,4,5,3.25,3.25,57,10,26,63
9,1994,1994-04-14,11,1,9,7,3.94,3.94,68,11,35,70
10,1994,1994-04-15,9,2,5,12,4.09,4.09,77,13,40,82
11,1994,1994-04-16,14,0,4,3,4.12,4.12,91,13,44,85
12,1994,1994-04-17,10,0,2,7,3.94,3.94,101,13,46,92
13,1994,1994-04-18,14,0,4,8,3.96,3.96,115,13,50,100
14,1994,1994-04-19,8,1,7,4,4.18,4.18,123,14,57,104
15,1994,1994-04-20,10,2,5,10,4.17,4.17,133,16,62,114
16,1994,1994-04-21,11,1,3,6,4.1,4.1,144,17,65,120
17,1994,1994-04-22,10,1,7,5,4.27,4.27,154,18,72,125
18,1994,1994-04-23,11,1,8,8,4.43,4.43,165,19,80,133
19,1994,1994-04-24,7,0,1,0,4.25,4.25,172,19,81,133
20,1994,1994-04-26,9,0,3,6,4.18,4.18,181,19,84,139
21,1994,1994-04-27,7,0,4,9,4.15,4.15,188,19,88,148
22,1994,1994-04-29,8,0,3,8,4.12,4.12,196,19,91,156
23,1994,1994-04-30,11,3,9,6,4.33,4.33,207,22,100,162
24,1994,1994-05-01,9,4,7,7,4.47,4.47,216,26,107,169
25,1994,1994-05-02,19,0,10,6,4.71,4.71,235,26,117,175
26,1994,1994-05-03,8,1,2,8,4.6,4.6,243,27,119,183
27,1994,1994-05-04,13,0,5,8,4.62,4.62,256,27,124,191
28,1994,1994-05-05,10,1,6,8,4.67,4.67,266,28,130,199
29,1994,1994-05-06,8,0,2,9,4.6,4.6,274,28,132,208
30,1994,1994-05-07,8,0,2,8,4.49,4.49,282,28,134,216
31,1994,1994-05-08,14,1,5,6,4.53,4.53,296,29,139,222
32,1994,1994-05-09,9,1,7,11,4.61,4.61,305,30,146,233
33,1994,1994-05-10,5,1,4,2,4.57,4.57,310,31,150,235
34,1994,1994-05-11,4,0,0,5,4.44,4.44,314,31,150,240
35,1994,1994-05-13,10,2,3,9,4.39,4.39,324,33,153,249
36,1994,1994-05-14,8,0,1,3,4.3,4.3,332,33,154,252
37,1994,1994-05-15,5,0,1,7,4.21,4.21,337,33,155,259
38,1994,1994-05-16,7,0,2,6,4.15,4.15,344,33,157,265
39,1994,1994-05-17,13,1,4,10,4.16,4.16,357,34,161,275
40,1994,1994-05-18,4,0,2,10,4.1,4.1,361,34,163,285
41,1994,1994-05-19,6,0,1,5,4.03,4.03,367,34,164,290
42,1994,1994-05-20,7,0,3,4,4.01,4.01,374,34,167,294
43,1994,1994-05-21,12,0,3,1,3.98,3.98,386,34,170,295
44,1994,1994-05-22,11,0,3,4,3.96,3.96,397,34,173,299
45,1994,1994-05-23,7,2,5,10,3.99,3.99,404,36,178,309
46,1994,1994-05-24,6,0,2,5,3.94,3.94,410,36,180,314
47,1994,1994-05-25,8,2,6,8,3.99,3.99,418,38,186,322
48,1994,1994-05-27,10,2,5,6,4.0,4.0,428,40,191,328
49,1994,1994-05-28,12,1,7,7,4.06,4.06,440,41,198,335
50,1994,1994-05-29,11,0,3,8,4.04,4.04,451,41,201,343
51,1994,1994-05-30,9,1,5,5,4.06,4.06,460,42,206,348
52,1994,1994-05-31,10,0,5,4,4.08,4.08,470,42,211,352
53,1994,1994-06-01,8,0,0,4,4.0,4.0,478,42,211,356
54,1994,1994-06-03,10,1,8,6,4.08,4.08,488,43,219,362
55,1994,1994-06-04,9,1,4,4,4.09,4.09,497,44,223,366
56,1994,1994-06-05,12,1,6,3,4.13,4.13,509,45,229,369
57,1994,1994-06-06,20,0,11,7,4.26,4.26,529,45,240,376
58,1994,1994-06-07,3,0,0,7,4.18,4.18,532,45,240,383
59,1994,1994-06-08,9,0,4,2,4.18,4.18,541,45,244,385
60,1994,1994-06-10,7,0,1,5,4.13,4.13,548,45,245,390
61,1994,1994-06-11,10,2,6,4,4.17,4.17,558,47,251,394
62,1994,1994-06-12,5,1,1,7,4.12,4.12,563,48,252,401
63,1994,1994-06-13,8,1,4,10,4.11,4.11,571,49,256,411
64,1994,1994-06-14,9,2,2,3,4.08,4.08,580,51,258,414
65,1994,1994-06-15,7,0,4,8,4.08,4.08,587,51,262,422
66,1994,1994-06-17,16,2,13,5,4.22,4.22,603,53,275,427
67,1994,1994-06-18,17,1,9,7,4.29,4.29,620,54,284,434
68,1994,1994-06-19,5,0,1,4,4.24,4.24,625,54,285,438
69,1994,1994-06-20,8,0,2,4,4.21,4.21,633,54,287,442
70,1994,1994-06-21,12,0,4,15,4.18,4.18,645,54,291,457
71,1994,1994-06-22,15,1,6,3,4.21,4.21,660,55,297,460
72,1994,1994-06-24,17,3,16,8,4.38,4.38,677,58,313,468
73,1994,1994-06-25,7,1,2,9,4.35,4.35,684,59,315,477
74,1994,1994-06-26,6,0,4,7,4.35,4.35,690,59,319,484
75,1994,1994-06-27,7,0,2,6,4.31,4.31,697,59,321,490
76,1994,1994-06-28,5,4,4,1,4.31,4.31,702,63,325,491
77,1994,1994-06-29,5,1,2,5,4.28,4.28,707,64,327,496
78,1994,1994-06-30,7,1,3,5,4.26,4.26,714,65,330,501
79,1994,1994-07-01,7,0,3,10,4.25,4.25,721,65,333,511
80,1994,1994-07-02,10,0,3,7,4.23,4.23,731,65,336,518
81,1994,1994-07-03,4,0,0,4,4.18,4.18,735,65,336,522
82,1994,1994-07-04,10,1,5,10,4.19,4.19,745,66,341,532
83,1994,1994-07-05,2,1,1,10,4.14,4.14,747,67,342,542
84,1994,1994-07-06,9,1,4,4,4.14,4.14,756,68,346,546
85,1994,1994-07-07,7,1,3,8,4.13,4.13,763,69,349,554
86,1994,1994-07-08,10,0,2,8,4.1,4.1,773,69,351,562
87,1994,1994-07-09,6,1,2,8,4.07,4.07,779,70,353,570
88,1994,1994-07-10,6,3,5,11,4.09,4.09,785,73,358,581
89,1994,,7,0,4,4,4.09,4.09,792,73,362,585
90,1994,,5,1,2,7,4.07,4.07,797,74,364,592
91,1994,1994-07-16,11,2,6,3,4.09,4.09,808,76,370,595
92,1994,1994-07-17,15,2,9,4,4.15,4.15,823,78,379,599
93,1994,1994-07-18,13,0,5,9,4.16,4.16,836,78,384,608
94,1994,1994-07-19,12,1,7,4,4.19,4.19,848,79,391,612
95,1994,1994-07-20,13,1,4,6,4.19,4.19,861,80,395,618
96,1994,1994-07-22,14,0,8,2,4.24,4.24,875,80,403,620
97,1994,1994-07-23,6,0,2,7,4.22,4.22,881,80,405,627
98,1994,1994-07-24,16,1,7,5,4.25,4.25,897,81,412,632
99,1994,1994-07-25,7,2,4,6,4.25,4.25,904,83,416,638
100,1994,1994-07-26,11,1,10,7,4.31,4.31,915,84,426,645
101,1994,1994-07-27,8,0,4,1,4.32,4.32,923,84,430,646
102,1994,1994-07-29,9,1,4,6,4.31,4.31,932,85,434,652
103,1994,1994-07-30,7,0,1,6,4.28,4.28,939,85,435,658
104,1994,1994-07-31,8,1,1,8,4.25,4.25,947,86,436,666
105,1994,1994-08-01,13,0,4,8,4.25,4.25,960,86,440,674
106,1994,1994-08-02,13,0,5,5,4.24,4.24,973,86,445,679
107,1994,1994-08-03,8,1,4,12,4.24,4.24,981,87,449,691
108,1994,1994-08-04,6,0,0,5,4.2,4.2,987,87,449,696
109,1994,1994-08-05,11,1,4,7,4.2,4.2,998,88,453,703
110,1994,1994-08-07,5,0,2,5,4.18,4.18,1003,88,455,708
111,1994,1994-08-08,13,1,7,8,4.21,4.21,1016,89,462,716
112,1994,1994-08-09,7,1,5,2,4.22,4.22,1023,90,467,718
113,1994,1994-08-10,11,0,3,7,4.21,4.21,1034,90,470,725
114,1994,1994-08-11,7,0,0,7,4.17,4.17,1041,90,470,732
1,1995,1995-04-25,9,2,7,7,7.0,7.0,9,2,7,7
2,1995,1995-04-26,7,1,2,6,4.5,4.5,16,3,9,13
3,1995,1995-04-28,4,0,1,7,3.33,3.33,20,3,10,20
4,1995,1995-04-29,6,1,4,4,3.5,3.5,26,4,14,24
5,1995,1995-04-30,9,2,6,4,4.0,4.0,35,6,20,28
6,1995,1995-05-01,9,2,6,6,4.42,4.42,44,8,26,34
7,1995,1995-05-02,9,1,4,15,3.99,3.99,53,9,30,49
8,1995,1995-05-03,14,2,6,6,4.23,4.23,67,11,36,55
9,1995,1995-05-05,9,0,4,13,4.2,4.2,76,11,40,68
10,1995,1995-05-06,17,4,11,3,4.85,4.85,93,15,51,71
11,1995,1995-05-07,12,3,7,10,5.04,5.04,105,18,58,81
12,1995,1995-05-08,8,0,4,6,5.0,5.0,113,18,62,87
13,1995,1995-05-09,13,1,8,6,5.26,5.26,126,19,70,93
14,1995,1995-05-10,8,0,1,8,4.97,4.97,134,19,71,101
15,1995,1995-05-12,5,0,1,9,4.71,4.71,139,19,72,110
16,1995,1995-05-13,6,0,3,4,4.6,4.6,145,19,75,114
17,1995,1995-05-14,8,1,3,8,4.45,4.45,153,20,78,122
18,1995,1995-05-15,1,0,0,6,4.21,4.21,154,20,78,128
19,1995,1995-05-16,6,1,2,9,4.1,4.1,160,21,80,137
20,1995,1995-05-17,6,0,3,15,4.05,4.05,166,21,83,152
21,1995,1995-05-18,13,2,7,7,4.18,4.18,179,23,90,159
22,1995,1995-05-19,11,2,7,5,4.31,4.31,190,25,97,164
23,1995,1995-05-20,10,1,7,2,4.42,4.42,200,26,104,166
24,1995,1995-05-21,9,1,2,12,4.25,4.25,209,27,106,178
25,1995,1995-05-23,9,1,3,11,4.2,4.2,218,28,109,189
26,1995,1995-05-24,6,0,0,3,4.04,4.04,224,28,109,192
27,1995,1995-05-25,5,0,0,5,3.9,3.9,229,28,109,197
28,1995,1995-05-26,9,0,9,6,4.09,4.09,238,28,118,203
29,1995,1995-05-27,5,1,2,6,4.03,4.03,243,29,120,209
30,1995,1995-05-28,6,1,5,10,4.08,4.08,249,30,125,219
31,1995,1995-05-29,14,2,8,5,4.22,4.22,263,32,133,224
32,1995,1995-05-30,8,0,1,3,4.13,4.13,271,32,134,227
33,1995,1995-05-31,3,0,1,7,4.03,4.03,274,32,135,234
34,1995,1995-06-01,7,1,3,6,4.0,4.0,281,33,138,240
35,1995,1995-06-02,2,1,1,7,3.91,3.91,283,34,139,247
36,1995,1995-06-03,9,1,4,5,3.92,3.92,292,35,143,252
37,1995,1995-06-04,9,0,3,3,3.89,3.89,301,35,146,255
38,1995,1995-06-05,5,0,1,7,3.82,3.82,306,35,147,262
39,1995,1995-06-06,7,0,1,10,3.75,3.75,313,35,148,272
40,1995,1995-06-07,6,1,1,4,3.68,3.68,319,36,149,276
41,1995,1995-06-09,8,0,4,11,3.69,3.69,327,36,153,287
42,1995,1995-06-10,9,1,3,2,3.67,3.67,336,37,156,289
43,1995,1995-06-11,11,0,2,6,3.63,3.63,347,37,158,295
44,1995,1995-06-13,7,1,3,10,3.62,3.62,354,38,161,305
45,1995,1995-06-14,8,1,3,17,3.6,3.6,362,39,164,322
46,1995,1995-06-15,13,2,10,4,3.75,3.75,375,41,174,326
47,1995,1995-06-16,5,1,2,5,3.72,3.72,380,42,176,331
48,1995,1995-06-17,9,3,5,3,3.74,3.74,389,45,181,334
49,1995,1995-06-18,5,0,0,6,3.67,3.67,394,45,181,340
50,1995,1995-06-19,3,0,1,8,3.62,3.62,397,45,182,348
51,1995,1995-06-20,11,1,7,4,3.69,3.69,408,46,189,352
52,1995,1995-06-21,5,0,1,8,3.64,3.64,413,46,190,360
53,1995,1995-06-22,14,1,6,8,3.68,3.68,427,47,196,368
54,1995,1995-06-23,5,0,1,5,3.63,3.63,432,47,197,373
55,1995,1995-06-24,2,0,0,13,3.57,3.57,434,47,197,386
56,1995,1995-06-25,9,0,2,12,3.54,3.54,443,47,199,398
57,1995,1995-06-26,11,1,5,9,3.57,3.57,454,48,204,407
58,1995,1995-06-27,18,2,12,6,3.71,3.71,472,50,216,413
59,1995,1995-06-28,11,2,8,4,3.78,3.78,483,52,224,417
60,1995,1995-06-29,6,0,0,13,3.72,3.72,489,52,224,430
61,1995,1995-06-30,5,0,0,7,3.66,3.66,494,52,224,437
62,1995,1995-07-01,7,1,4,7,3.66,3.66,501,53,228,444
63,1995,1995-07-02,8,1,8,4,3.73,3.73,509,54,236,448
64,1995,1995-07-04,7,2,3,3,3.73,3.73,516,56,239,451
65,1995,1995-07-05,6,1,4,10,3.73,3.73,522,57,243,461
66,1995,1995-07-06,5,0,1,5,3.7,3.7,527,57,244,466
67,1995,1995-07-07,6,1,4,8,3.71,3.71,533,58,248,474
68,1995,1995-07-08,6,1,2,5,3.68,3.68,539,59,250,479
69,1995,1995-07-09,15,1,8,4,3.75,3.75,554,60,258,483
70,1995,1995-07-13,11,1,4,6,3.75,3.75,565,61,262,489
71,1995,1995-07-14,0,0,0,8,3.7,3.7,565,61,262,497
72,1995,1995-07-15,3,0,1,10,3.66,3.66,568,61,263,507
73,1995,1995-07-16,8,1,5,8,3.68,3.68,576,62,268,515
74,1995,1995-07-17,6,0,0,5,3.63,3.63,582,62,268,520
75,1995,1995-07-18,16,0,9,10,3.7,3.7,598,62,277,530
76,1995,1995-07-19,10,1,0,7,3.66,3.66,608,63,277,537
77,1995,1995-07-20,6,1,2,9,3.63,3.63,614,64,279,546
78,1995,1995-07-21,7,0,2,6,3.61,3.61,621,64,281,552
79,1995,1995-07-22,13,3,6,5,3.64,3.64,634,67,287,557
80,1995,1995-07-23,8,0,2,10,3.62,3.62,642,67,289,567
81,1995,1995-07-24,8,1,4,8,3.63,3.63,650,68,293,575
82,1995,1995-07-25,7,2,4,5,3.64,3.64,657,70,297,580
83,1995,1995-07-26,6,0,0,9,3.59,3.59,663,70,297,589
84,1995,1995-07-27,9,1,4,3,3.6,3.6,672,71,301,592
85,1995,1995-07-28,6,2,3,10,3.59,3.59,678,73,304,602
86,1995,1995-07-29,10,1,2,5,3.57,3.57,688,74,306,607
87,1995,1995-07-30,7,1,4,12,3.58,3.58,695,75,310,619
88,1995,1995-08-01,11,4,6,7,3.6,3.6,706,79,316,626
89,1995,1995-08-02,11,4,7,11,3.64,3.64,717,83,323,637
90,1995,1995-08-03,10,3,7,5,3.68,3.68,727,86,330,642
91,1995,1995-08-04,16,4,15,6,3.81,3.81,743,90,345,648
92,1995,1995-08-05,1,0,0,11,3.77,3.77,744,90,345,659
93,1995,1995-08-06,7,0,3,8,3.77,3.77,751,90,348,667
94,1995,1995-08-07,6,0,1,8,3.73,3.73,757,90,349,675
95,1995,1995-08-08,6,0,3,8,3.72,3.72,763,90,352,683
96,1995,1995-08-09,10,0,2,11,3.7,3.7,773,90,354,694
97,1995,1995-08-10,6,2,2,9,3.68,3.68,779,92,356,703
98,1995,1995-08-11,6,0,2,9,3.67,3.67,785,92,358,712
99,1995,1995-08-12,22,0,10,8,3.72,3.72,807,92,368,720
100,1995,1995-08-13,4,1,1,6,3.69,3.69,811,93,369,726
101,1995,1995-08-14,13,1,4,4,3.69,3.69,824,94,373,730
102,1995,1995-08-15,11,0,4,10,3.69,3.69,835,94,377,740
103,1995,1995-08-16,7,0,0,11,3.66,3.66,842,94,377,751
104,1995,1995-08-17,10,1,3,1,3.65,3.65,852,95,380,752
105,1995,1995-08-18,6,0,3,8,3.65,3.65,858,95,383,760
106,1995,1995-08-19,3,0,2,9,3.64,3.64,861,95,385,769
107,1995,1995-08-20,7,3,5,14,3.65,3.65,868,98,390,783
108,1995,1995-08-21,6,1,1,6,3.63,3.63,874,99,391,789
109,1995,1995-08-22,9,0,3,7,3.62,3.62,883,99,394,796
110,1995,1995-08-23,5,0,0,2,3.58,3.58,888,99,394,798
111,1995,1995-08-24,13,1,5,9,3.59,3.59,901,100,399,807
112,1995,1995-08-25,17,2,12,11,3.67,3.67,918,102,411,818
113,1995,1995-08-26,10,0,5,5,3.69,3.69,928,102,416,823
114,1995,1995-08-27,6,1,1,11,3.66,3.66,934,103,417,834
115,1995,1995-08-29,7,1,4,11,3.66,3.66,941,104,421,845
116,1995,1995-08-30,11,1,6,10,3.68,3.68,952,105,427,855
117,1995,1995-08-31,7,0,3,11,3.68,3.68,959,105,430,866
118,1995,1995-09-01,8,1,5,4,3.69,3.69,967,106,435,870
119,1995,1995-09-02,14,1,9,3,3.73,3.73,981,107,444,873
120,1995,1995-09-03,4,1,3,9,3.73,3.73,985,108,447,882
121,1995,1995-09-04,6,0,1,6,3.71,3.71,991,108,448,888
122,1995,1995-09-05,4,0,1,10,3.68,3.68,995,108,449,898
123,1995,1995-09-06,3,0,1,6,3.66,3.66,998,108,450,904
124,1995,1995-09-08,6,0,2,7,3.65,3.65,1004,108,452,911
125,1995,1995-09-09,7,0,1,8,3.63,3.63,1011,108,453,919
126,1995,1995-09-10,9,1,4,11,3.63,3.63,1020,109,457,930
127,1995,1995-09-11,17,0,12,10,3.7,3.7,1037,109,469,940
128,1995,1995-09-12,6,0,1,9,3.68,3.68,1043,109,470,949
129,1995,1995-09-13,15,2,6,9,3.69,3.69,1058,111,476,958
130,1995,1995-09-15,13,1,5,6,3.7,3.7,1071,112,481,964
131,1995,1995-09-16,11,2,4,9,3.7,3.7,1082,114,485,973
132,1995,1995-09-17,2,0,0,9,3.67,3.67,1084,114,485,982
133,1995,1995-09-19,8,1,7,6,3.7,3.7,1092,115,492,988
134,1995,1995-09-20,7,0,2,6,3.69,3.69,1099,115,494,994
135,1995,1995-09-21,11,1,4,6,3.69,3.69,1110,116,498,1000
136,1995,1995-09-22,16,1,5,10,3.7,3.7,1126,117,503,1010
137,1995,1995-09-23,7,1,2,3,3.69,3.69,1133,118,505,1013
138,1995,1995-09-24,7,0,1,9,3.67,3.67,1140,118,506,1022
139,1995,1995-09-25,8,1,2,3,3.65,3.65,1148,119,508,1025
140,1995,1995-09-26,9,2,6,8,3.67,3.67,1157,121,514,1033
141,1995,1995-09-27,10,1,4,3,3.67,3.67,1167,122,518,1036
142,1995,1995-09-29,10,2,6,4,3.69,3.69,1177,124,524,1040
143,1995,1995-09-30,7,0,1,12,3.67,3.67,1184,124,525,1052
144,1995,1995-10-01,4,1,1,8,3.66,3.66,1188,125,526,1060
1,1996,1996-04-01,6,1,3,6,3.0,3.0,6,1,3,6
2,1996,1996-04-02,14,0,4,3,3.63,3.63,20,1,7,9
3,1996,1996-04-03,10,0,5,4,4.26,4.26,30,1,12,13
4,1996,1996-04-04,14,2,4,5,4.32,4.32,44,3,16,18
5,1996,1996-04-05,16,0,4,4,4.35,4.35,60,3,20,22
6,1996,1996-04-06,9,0,1,13,3.75,3.75,69,3,21,35
7,1996,1996-04-07,8,0,3,9,3.66,3.66,77,3,24,44
8,1996,1996-04-08,3,0,0,6,3.18,3.18,80,3,24,50
9,1996,1996-04-09,7,2,2,9,3.04,3.04,87,5,26,59
10,1996,1996-04-10,8,2,2,9,2.93,2.93,95,7,28,68
11,1996,1996-04-11,4,0,0,11,2.65,2.65,99,7,28,79
12,1996,1996-04-12,9,3,3,5,2.68,2.68,108,10,31,84
13,1996,1996-04-13,3,1,1,17,2.55,2.55,111,11,32,101
14,1996,1996-04-14,8,0,1,6,2.43,2.43,119,11,33,107
15,1996,1996-04-16,9,1,5,6,2.63,2.63,128,12,38,113
16,1996,1996-04-17,3,0,2,14,2.59,2.59,131,12,40,127
17,1996,1996-04-19,10,1,5,6,2.76,2.76,141,13,45,133
18,1996,1996-04-20,10,2,5,10,2.9,2.9,151,15,50,143
19,1996,1996-04-21,6,1,1,7,2.82,2.82,157,16,51,150
20,1996,1996-04-22,8,1,4,6,2.89,2.89,165,17,55,156
21,1996,1996-04-23,6,0,2,7,2.85,2.85,171,17,57,163
22,1996,1996-04-24,6,0,1,13,2.76,2.76,177,17,58,176
23,1996,1996-04-25,7,2,4,5,2.82,2.82,184,19,62,181
24,1996,1996-04-26,5,0,0,8,2.7,2.7,189,19,62,189
25,1996,1996-04-27,7,1,4,9,2.74,2.74,196,20,66,198
26,1996,1996-04-28,5,1,2,9,2.71,2.71,201,21,68,207
27,1996,1996-04-29,6,1,3,8,2.72,2.72,207,22,71,215
28,1996,1996-04-30,7,1,4,8,2.77,2.77,214,23,75,223
29,1996,1996-05-01,5,0,4,5,2.81,2.81,219,23,79,228
30,1996,1996-05-03,9,0,1,7,2.75,2.75,228,23,80,235
31,1996,1996-05-04,13,1,7,4,2.9,2.9,241,24,87,239
32,1996,1996-05-05,7,1,4,8,2.95,2.95,248,25,91,247
33,1996,1996-05-06,11,1,4,6,2.98,2.98,259,26,95,253
34,1996,1996-05-07,6,2,3,6,2.96,2.96,265,28,98,259
35,1996,1996-05-08,8,1,5,9,3.03,3.03,273,29,103,268
36,1996,1996-05-10,12,0,2,11,2.97,2.97,285,29,105,279
37,1996,1996-05-11,6,0,2,8,2.94,2.94,291,29,107,287
38,1996,1996-05-12,13,0,6,7,3.04,3.04,304,29,113,294
39,1996,1996-05-13,8,0,3,4,3.03,3.03,312,29,116,298
40,1996,1996-05-14,8,0,1,7,2.98,2.98,320,29,117,305
41,1996,1996-05-15,4,0,0,2,2.91,2.91,324,29,117,307
42,1996,1996-05-16,6,0,1,11,2.86,2.86,330,29,118,318
43,1996,1996-05-17,9,0,3,10,2.87,2.87,339,29,121,328
44,1996,1996-05-18,8,0,2,9,2.85,2.85,347,29,123,337
45,1996,1996-05-19,11,1,5,6,2.89,2.89,358,30,128,343
46,1996,1996-05-20,16,2,6,6,2.96,2.96,374,32,134,349
47,1996,1996-05-21,7,1,3,6,2.96,2.96,381,33,137,355
48,1996,1996-05-22,7,0,3,14,2.96,2.96,388,33,140,369
49,1996,1996-05-24,9,0,4,8,2.97,2.97,397,33,144,377
50,1996,1996-05-25,9,0,2,9,2.95,2.95,406,33,146,386
51,1996,1996-05-26,5,1,3,6,2.95,2.95,411,34,149,392
52,1996,1996-05-28,15,2,9,6,3.08,3.08,426,36,158,398
53,1996,1996-05-29,8,1,2,10,3.04,3.04,434,37,160,408
54,1996,1996-05-30,13,2,3,4,3.05,3.05,447,39,163,412
55,1996,1996-05-31,7,0,1,7,3.01,3.01,454,39,164,419
56,1996,1996-06-01,7,0,4,4,3.03,3.03,461,39,168,423
57,1996,1996-06-02,6,0,0,9,2.98,2.98,467,39,168,432
58,1996,1996-06-04,8,0,3,10,2.98,2.98,475,39,171,442
59,1996,1996-06-05,11,1,7,6,3.05,3.05,486,40,178,448
60,1996,1996-06-06,5,1,1,6,3.01,3.01,491,41,179,454
61,1996,1996-06-07,7,0,2,7,3.0,3.0,498,41,181,461
62,1996,1996-06-08,13,0,4,4,3.01,3.01,511,41,185,465
63,1996,1996-06-09,6,1,2,9,2.99,2.99,517,42,187,474
64,1996,1996-06-10,3,0,1,11,2.96,2.96,520,42,188,485
65,1996,1996-06-11,13,0,5,5,2.99,2.99,533,42,193,490
66,1996,1996-06-13,9,1,3,3,2.99,2.99,542,43,196,493
67,1996,1996-06-14,8,2,3,3,3.0,3.0,550,45,199,496
68,1996,1996-06-15,9,0,2,10,2.98,2.98,559,45,201,506
69,1996,1996-06-16,6,1,2,6,2.97,2.97,565,46,203,512
70,1996,,9,3,5,11,3.0,3.0,574,49,208,523
71,1996,,10,3,6,11,3.05,3.05,584,52,214,534
72,1996,1996-06-19,9,0,3,14,3.03,3.03,593,52,217,548
73,1996,1996-06-20,6,1,4,9,3.04,3.04,599,53,221,557
74,1996,1996-06-21,14,0,9,7,3.12,3.12,613,53,230,564
75,1996,1996-06-22,7,0,0,8,3.08,3.08,620,53,230,572
76,1996,1996-06-23,3,0,3,2,3.08,3.08,623,53,233,574
77,1996,1996-06-25,6,0,1,9,3.05,3.05,629,53,234,583
78,1996,1996-06-26,11,0,6,3,3.09,3.09,640,53,240,586
79,1996,1996-06-27,17,2,12,11,3.21,3.21,657,55,252,597
80,1996,1996-06-28,16,3,13,4,3.33,3.33,673,58,265,601
81,1996,1996-06-29,16,3,10,5,3.42,3.42,689,61,275,606
82,1996,1996-06-30,20,4,8,11,3.47,3.47,709,65,283,617
83,1996,1996-07-01,11,1,2,3,3.46,3.46,720,66,285,620
84,1996,1996-07-02,9,0,3,6,3.45,3.45,729,66,288,626
85,1996,1996-07-03,6,0,3,6,3.45,3.45,735,66,291,632
86,1996,1996-07-04,9,0,4,8,3.46,3.46,744,66,295,640
87,1996,1996-07-05,6,0,1,11,3.43,3.43,750,66,296,651
88,1996,1996-07-06,5,0,2,8,3.41,3.41,755,66,298,659
89,1996,1996-07-07,5,0,1,4,3.38,3.38,760,66,299,663
90,1996,1996-07-11,4,1,2,3,3.37,3.37,764,67,301,666
91,1996,1996-07-12,5,0,1,9,3.34,3.34,769,67,302,675
92,1996,1996-07-13,13,3,4,12,3.35,3.35,782,70,306,687
93,1996,1996-07-14,8,1,4,11,3.36,3.36,790,71,310,698
94,1996,1996-07-15,5,0,0,8,3.32,3.32,795,71,310,706
95,1996,1996-07-16,11,0,6,8,3.35,3.35,806,71,316,714
96,1996,1996-07-17,11,0,5,9,3.36,3.36,817,71,321,723
97,1996,1996-07-18,4,1,3,9,3.36,3.36,821,72,324,732
98,1996,1996-07-19,11,1,1,7,3.34,3.34,832,73,325,739
99,1996,1996-07-20,12,2,6,5,3.37,3.37,844,75,331,744
100,1996,1996-07-21,10,2,6,9,3.4,3.4,854,77,337,753
101,1996,1996-07-23,7,1,1,5,3.37,3.37,861,78,338,758
102,1996,1996-07-24,5,1,3,6,3.37,3.37,866,79,341,764
103,1996,1996-07-25,9,1,3,4,3.37,3.37,875,80,344,768
104,1996,1996-07-26,10,1,4,4,3.38,3.38,885,81,348,772
105,1996,1996-07-27,8,0,5,10,3.39,3.39,893,81,353,782
106,1996,1996-07-28,10,1,3,4,3.39,3.39,903,82,356,786
107,1996,1996-07-30,6,0,4,11,3.39,3.39,909,82,360,797
108,1996,1996-07-31,4,0,0,7,3.36,3.36,913,82,360,804
109,1996,1996-08-01,15,1,5,10,3.35,3.35,928,83,365,814
110,1996,1996-08-02,7,0,1,11,3.33,3.33,935,83,366,825
111,1996,1996-08-03,12,0,5,17,3.32,3.32,947,83,371,842
112,1996,1996-08-04,14,0,5,8,3.33,3.33,961,83,376,850
113,1996,1996-08-06,10,0,1,6,3.31,3.31,971,83,377,856
114,1996,1996-08-07,15,2,12,7,3.39,3.39,986,85,389,863
115,1996,1996-08-09,12,1,7,7,3.43,3.43,998,86,396,870
116,1996,1996-08-10,6,1,5,8,3.44,3.44,1004,87,401,878
117,1996,1996-08-11,11,1,5,4,3.45,3.45,1015,88,406,882
118,1996,1996-08-12,9,1,5,10,3.47,3.47,1024,89,411,892
119,1996,1996-08-13,7,2,4,6,3.47,3.47,1031,91,415,898
120,1996,1996-08-14,11,1,4,8,3.48,3.48,1042,92,419,906
121,1996,1996-08-15,4,1,2,11,3.47,3.47,1046,93,421,917
122,1996,1996-08-16,9,1,2,4,3.45,3.45,1055,94,423,921
123,1996,1996-08-17,8,0,4,6,3.46,3.46,1063,94,427,927
124,1996,1996-08-18,10,1,7,10,3.49,3.49,1073,95,434,937
125,1996,1996-08-20,12,1,3,6,3.48,3.48,1085,96,437,943
126,1996,1996-08-21,9,2,4,11,3.49,3.49,1094,98,441,954
127,1996,1996-08-22,14,1,5,4,3.5,3.5,1108,99,446,958
128,1996,1996-08-23,8,1,5,7,3.51,3.51,1116,100,451,965
129,1996,1996-08-24,8,1,5,12,3.52,3.52,1124,101,456,977
130,1996,1996-08-25,6,1,5,7,3.53,3.53,1130,102,461,984
131,1996,1996-08-27,10,0,1,8,3.51,3.51,1140,102,462,992
132,1996,1996-08-28,11,0,6,6,3.53,3.53,1151,102,468,998
133,1996,1996-08-29,3,0,1,8,3.51,3.51,1154,102,469,1006
134,1996,1996-08-30,12,0,6,1,3.52,3.52,1166,102,475,1007
135,1996,1996-08-31,10,1,6,4,3.54,3.54,1176,103,481,1011
136,1996,1996-09-01,8,1,2,6,3.53,3.53,1184,104,483,1017
137,1996,1996-09-02,9,1,4,7,3.54,3.54,1193,105,487,1024
138,1996,1996-09-03,11,1,6,4,3.56,3.56,1204,106,493,1028
139,1996,1996-09-04,11,0,2,6,3.54,3.54,1215,106,495,1034
140,1996,1996-09-06,7,1,1,8,3.52,3.52,1222,107,496,1042
141,1996,1996-09-07,6,0,3,9,3.52,3.52,1228,107,499,1051
142,1996,1996-09-08,7,0,4,6,3.52,3.52,1235,107,503,1057
143,1996,1996-09-09,7,2,2,6,3.51,3.51,1242,109,505,1063
144,1996,1996-09-10,7,1,4,7,3.51,3.51,1249,110,509,1070
145,1996,1996-09-11,6,1,2,9,3.5,3.5,1255,111,511,1079
146,1996,1996-09-12,2,1,1,8,3.48,3.48,1257,112,512,1087
147,1996,1996-09-13,8,0,2,6,3.47,3.47,1265,112,514,1093
148,1996,1996-09-14,11,0,3,7,3.47,3.47,1276,112,517,1100
149,1996,1996-09-15,7,1,5,9,3.48,3.48,1283,113,522,1109
150,1996,1996-09-16,9,1,4,7,3.49,3.49,1292,114,526,1116
151,1996,1996-09-17,0,0,0,8,3.46,3.46,1292,114,526,1124
152,1996,1996-09-18,8,1,5,4,3.47,3.47,1300,115,531,1128
153,1996,1996-09-19,6,0,0,12,3.45,3.45,1306,115,531,1140
154,1996,1996-09-20,9,3,4,11,3.46,3.46,1315,118,535,1151
155,1996,1996-09-21,4,1,2,7,3.45,3.45,1319,119,537,1158
156,1996,1996-09-22,10,1,3,3,3.45,3.45,1329,120,540,1161
157,1996,1996-09-24,2,0,2,10,3.44,3.44,1331,120,542,1171
158,1996,1996-09-25,8,2,5,11,3.45,3.45,1339,122,547,1182
159,1996,1996-09-26,11,1,6,5,3.47,3.47,1350,123,553,1187
160,1996,1996-09-27,11,1,5,6,3.47,3.47,1361,124,558,1193
161,1996,1996-09-28,10,1,4,10,3.48,3.48,1371,125,562,1203
162,1996,1996-09-29,7,0,2,9,3.46,3.46,1378,125,564,1212
1,1997,1997-04-01,7,0,2,8,2.0,2.0,7,0,2,8
2,1997,1997-04-02,6,1,1,9,1.5,1.5,13,1,3,17
3,1997,1997-04-03,5,0,1,6,1.33,1.33,18,1,4,23
4,1997,1997-04-04,5,0,2,7,1.5,1.5,23,1,6,30
5,1997,1997-04-05,9,1,3,5,1.8,1.8,32,2,9,35
6,1997,1997-04-06,8,0,3,10,2.0,2.0,40,2,12,45
7,1997,1997-04-07,7,1,2,11,1.83,1.83,47,3,14,56
8,1997,1997-04-08,9,0,5,1,2.19,2.19,56,3,19,57
9,1997,1997-04-09,4,1,2,13,2.05,2.05,60,4,21,70
10,1997,1997-04-11,8,0,1,7,1.96,1.96,68,4,22,77
11,1997,1997-04-13,9,0,5,9,2.21,2.21,77,4,27,86
12,1997,1997-04-15,10,0,3,6,2.29,2.29,87,4,30,92
13,1997,1997-04-16,1,0,2,4,2.27,2.27,88,4,32,96
14,1997,1997-04-18,9,1,1,9,2.18,2.18,97,5,33,105
15,1997,1997-04-19,5,0,2,12,2.17,2.17,102,5,35,117
16,1997,1997-04-20,6,2,3,6,2.22,2.22,108,7,38,123
17,1997,1997-04-22,11,0,5,6,2.37,2.37,119,7,43,129
18,1997,1997-04-23,3,1,1,10,2.3,2.3,122,8,44,139
19,1997,1997-04-25,5,1,4,5,2.4,2.4,127,9,48,144
20,1997,1997-04-26,12,2,7,5,2.63,2.63,139,11,55,149
21,1997,1997-04-27,7,0,4,7,2.7,2.7,146,11,59,156
22,1997,1997-04-28,18,2,14,8,3.22,3.22,164,13,73,164
23,1997,1997-04-29,7,1,2,3,3.16,3.16,171,14,75,167
24,1997,1997-04-30,11,2,5,9,3.24,3.24,182,16,80,176
25,1997,1997-05-01,9,0,0,4,3.11,3.11,191,16,80,180
26,1997,1997-05-02,12,0,7,9,3.24,3.24,203,16,87,189
27,1997,1997-05-03,5,0,0,8,3.13,3.13,208,16,87,197
28,1997,1997-05-04,5,1,2,6,3.09,3.09,213,17,89,203
29,1997,1997-05-05,5,0,1,6,3.02,3.02,218,17,90,209
30,1997,1997-05-06,8,2,2,10,2.96,2.96,226,19,92,219
31,1997,1997-05-07,7,1,2,9,2.93,2.93,233,20,94,228
32,1997,1997-05-09,7,0,1,9,2.88,2.88,240,20,95,237
33,1997,1997-05-10,5,0,1,2,2.82,2.82,245,20,96,239
34,1997,1997-05-11,10,1,2,8,2.79,2.79,255,21,98,247
35,1997,1997-05-13,6,1,2,4,2.77,2.77,261,22,100,251
36,1997,1997-05-14,7,2,2,6,2.75,2.75,268,24,102,257
37,1997,1997-05-15,5,0,1,7,2.71,2.71,273,24,103,264
38,1997,1997-05-16,9,0,4,9,2.75,2.75,282,24,107,273
39,1997,1997-05-17,6,0,3,11,2.76,2.76,288,24,110,284
40,1997,1997-05-18,14,2,7,6,2.87,2.87,302,26,117,290
41,1997,1997-05-19,7,0,2,7,2.85,2.85,309,26,119,297
42,1997,1997-05-20,11,1,7,9,2.96,2.96,320,27,126,306
43,1997,1997-05-21,6,1,4,10,2.97,2.97,326,28,130,316
44,1997,1997-05-22,10,1,4,8,3.0,3.0,336,29,134,324
45,1997,1997-05-23,8,1,4,6,3.02,3.02,344,30,138,330
46,1997,1997-05-24,3,1,2,8,3.0,3.0,347,31,140,338
47,1997,1997-05-25,3,0,0,9,2.94,2.94,350,31,140,347
48,1997,1997-05-26,8,2,3,8,2.94,2.94,358,33,143,355
49,1997,1997-05-27,17,0,7,12,3.02,3.02,375,33,150,367
50,1997,1997-05-29,7,1,3,9,3.03,3.03,382,34,153,376
51,1997,1997-05-30,6,0,2,7,3.01,3.01,388,34,155,383
52,1997,1997-05-31,11,1,5,4,3.05,3.05,399,35,160,387
53,1997,1997-06-01,11,0,1,4,3.01,3.01,410,35,161,391
54,1997,1997-06-02,6,0,2,7,3.0,3.0,416,35,163,398
55,1997,1997-06-03,7,1,4,8,3.02,3.02,423,36,167,406
56,1997,1997-06-04,6,1,1,14,2.98,2.98,429,37,168,420
57,1997,1997-06-05,7,0,4,5,3.0,3.0,436,37,172,425
58,1997,1997-06-06,8,3,3,10,3.0,3.0,444,40,175,435
59,1997,1997-06-07,6,0,2,10,2.98,2.98,450,40,177,445
60,1997,1997-06-08,13,3,9,5,3.08,3.08,463,43,186,450
61,1997,1997-06-09,11,0,2,9,3.07,3.07,474,43,188,459
62,1997,1997-06-10,13,0,5,5,3.1,3.1,487,43,193,464
63,1997,1997-06-11,10,1,5,11,3.13,3.13,497,44,198,475
64,1997,1997-06-12,6,1,5,11,3.16,3.16,503,45,203,486
65,1997,1997-06-13,8,0,4,9,3.17,3.17,511,45,207,495
66,1997,1997-06-14,11,4,9,10,3.27,3.27,522,49,216,505
67,1997,1997-06-15,10,3,8,8,3.34,3.34,532,52,224,513
68,1997,1997-06-17,6,0,2,8,3.32,3.32,538,52,226,521
69,1997,1997-06-18,7,1,3,12,3.32,3.32,545,53,229,533
70,1997,1997-06-19,5,3,5,8,3.35,3.35,550,56,234,541
71,1997,1997-06-20,11,4,7,6,3.39,3.39,561,60,241,547
72,1997,1997-06-21,5,0,0,7,3.35,3.35,566,60,241,554
73,1997,1997-06-22,5,1,3,7,3.35,3.35,571,61,244,561
74,1997,1997-06-23,7,1,3,5,3.34,3.34,578,62,247,566
75,1997,1997-06-24,7,1,6,10,3.38,3.38,585,63,253,576
76,1997,1997-06-25,4,0,0,10,3.33,3.33,589,63,253,586
77,1997,1997-06-26,9,2,9,4,3.41,3.41,598,65,262,590
78,1997,1997-06-27,12,1,7,7,3.45,3.45,610,66,269,597
79,1997,1997-06-28,13,3,9,11,3.52,3.52,623,69,278,608
80,1997,1997-06-29,8,0,4,4,3.53,3.53,631,69,282,612
81,1997,1997-06-30,9,1,3,5,3.52,3.52,640,70,285,617
82,1997,1997-07-01,10,3,3,5,3.52,3.52,650,73,288,622
83,1997,1997-07-02,10,1,2,6,3.5,3.5,660,74,290,628
84,1997,1997-07-03,6,1,1,6,3.47,3.47,666,75,291,634
85,1997,1997-07-04,8,1,2,9,3.45,3.45,674,76,293,643
86,1997,1997-07-05,8,1,3,5,3.44,3.44,682,77,296,648
87,1997,1997-07-06,6,0,2,6,3.43,3.43,688,77,298,654
88,1997,1997-07-10,3,0,0,7,3.39,3.39,691,77,298,661
89,1997,1997-07-11,11,1,2,7,3.37,3.37,702,78,300,668
90,1997,1997-07-12,15,3,4,4,3.38,3.38,717,81,304,672
91,1997,1997-07-13,6,1,3,7,3.38,3.38,723,82,307,679
92,1997,1997-07-14,18,3,10,7,3.44,3.44,741,85,317,686
93,1997,1997-07-15,11,0,5,4,3.46,3.46,752,85,322,690
94,1997,1997-07-16,9,0,5,10,3.48,3.48,761,85,327,700
95,1997,1997-07-17,14,0,8,4,3.53,3.53,775,85,335,704
96,1997,1997-07-18,9,2,4,4,3.54,3.54,784,87,339,708
97,1997,1997-07-19,4,1,1,9,3.52,3.52,788,88,340,717
98,1997,1997-07-20,7,0,3,15,3.51,3.51,795,88,343,732
99,1997,1997-07-21,14,1,5,7,3.52,3.52,809,89,348,739
100,1997,1997-07-22,5,3,3,5,3.52,3.52,814,92,351,744
101,1997,1997-07-23,9,0,2,11,3.5,3.5,823,92,353,755
102,1997,1997-07-24,10,0,3,8,3.5,3.5,833,92,356,763
103,1997,1997-07-25,6,0,1,4,3.47,3.47,839,92,357,767
104,1997,1997-07-26,4,0,0,5,3.44,3.44,843,92,357,772
105,1997,1997-07-27,8,1,1,6,3.42,3.42,851,93,358,778
106,1997,1997-07-28,10,0,2,7,3.4,3.4,861,93,360,785
107,1997,1997-07-29,7,1,1,6,3.38,3.38,868,94,361,791
108,1997,1997-07-31,4,0,1,8,3.36,3.36,872,94,362,799
109,1997,1997-08-01,14,5,9,12,3.41,3.41,886,99,371,811
110,1997,1997-08-02,11,2,5,6,3.43,3.43,897,101,376,817
111,1997,1997-08-03,11,1,4,15,3.42,3.42,908,102,380,832
112,1997,1997-08-05,11,1,4,11,3.43,3.43,919,103,384,843
113,1997,1997-08-06,10,1,7,6,3.46,3.46,929,104,391,849
114,1997,1997-08-07,13,1,4,12,3.47,3.47,942,105,395,861
115,1997,1997-08-08,11,2,5,8,3.48,3.48,953,107,400,869
116,1997,1997-08-09,7,1,3,8,3.48,3.48,960,108,403,877
117,1997,1997-08-10,10,2,6,13,3.5,3.5,970,110,409,890
118,1997,1997-08-11,4,1,1,7,3.48,3.48,974,111,410,897
119,1997,1997-08-12,9,1,3,6,3.48,3.48,983,112,413,903
120,1997,1997-08-13,4,1,1,9,3.46,3.46,987,113,414,912
121,1997,1997-08-14,4,0,0,6,3.43,3.43,991,113,414,918
122,1997,1997-08-15,7,0,5,9,3.44,3.44,998,113,419,927
123,1997,1997-08-16,7,1,3,11,3.44,3.44,1005,114,422,938
124,1997,1997-08-17,10,0,4,11,3.44,3.44,1015,114,426,949
125,1997,1997-08-19,9,0,2,5,3.43,3.43,1024,114,428,954
126,1997,,6,1,3,4,3.43,3.43,1030,115,431,958
127,1997,,7,0,3,8,3.43,3.43,1037,115,434,966
128,1997,1997-08-22,7,0,2,9,3.42,3.42,1044,115,436,975
129,1997,1997-08-23,9,1,3,10,3.41,3.41,1053,116,439,985
130,1997,1997-08-24,6,1,1,5,3.39,3.39,1059,117,440,990
131,1997,,5,0,1,9,3.38,3.38,1064,117,441,999
132,1997,,6,2,3,4,3.38,3.38,1070,119,444,1003
133,1997,1997-08-26,6,1,1,9,3.36,3.36,1076,120,445,1012
134,1997,1997-08-27,10,1,5,5,3.37,3.37,1086,121,450,1017
135,1997,1997-08-28,4,0,1,10,3.35,3.35,1090,121,451,1027
136,1997,1997-08-29,8,2,4,8,3.35,3.35,1098,123,455,1035
137,1997,1997-08-30,5,2,2,12,3.34,3.34,1103,125,457,1047
138,1997,1997-08-31,6,1,3,5,3.34,3.34,1109,126,460,1052
139,1997,1997-09-02,20,1,13,2,3.41,3.41,1129,127,473,1054
140,1997,1997-09-03,11,2,5,5,3.42,3.42,1140,129,478,1059
141,1997,1997-09-05,6,1,4,7,3.43,3.43,1146,130,482,1066
142,1997,1997-09-06,10,3,5,3,3.44,3.44,1156,133,487,1069
143,1997,1997-09-07,6,1,5,8,3.45,3.45,1162,134,492,1077
144,1997,1997-09-08,9,4,8,5,3.48,3.48,1171,138,500,1082
145,1997,1997-09-09,9,1,4,8,3.49,3.49,1180,139,504,1090
146,1997,1997-09-10,8,1,3,7,3.48,3.48,1188,140,507,1097
147,1997,1997-09-12,10,1,10,10,3.53,3.53,1198,141,517,1107
148,1997,1997-09-13,7,1,3,7,3.53,3.53,1205,142,520,1114
149,1997,1997-09-14,6,1,3,15,3.52,3.52,1211,143,523,1129
150,1997,1997-09-15,12,2,6,13,3.52,3.52,1223,145,529,1142
151,1997,1997-09-16,8,2,6,8,3.54,3.54,1231,147,535,1150
152,1997,1997-09-17,3,1,2,10,3.53,3.53,1234,148,537,1160
153,1997,1997-09-18,12,3,6,10,3.54,3.54,1246,151,543,1170
154,1997,1997-09-19,7,3,6,10,3.56,3.56,1253,154,549,1180
155,1997,1997-09-20,6,0,2,8,3.55,3.55,1259,154,551,1188
156,1997,1997-09-21,11,2,10,6,3.59,3.59,1270,156,561,1194
157,1997,1997-09-23,7,1,2,5,3.58,3.58,1277,157,563,1199
158,1997,1997-09-24,9,2,4,5,3.58,3.58,1286,159,567,1204
159,1997,1997-09-25,7,0,5,7,3.59,3.59,1293,159,572,1211
160,1997,1997-09-26,7,1,1,3,3.58,3.58,1300,160,573,1214
161,1997,1997-09-27,7,0,1,6,3.56,3.56,1307,160,574,1220
162,1997,1997-09-28,18,3,13,12,3.62,3.62,1325,163,587,1232
1,1998,1998-03-31,13,1,6,7,6.75,6.75,13,1,6,7
2,1998,1998-04-02,16,2,6,11,5.49,5.49,29,3,12,18
3,1998,1998-04-03,6,1,6,14,5.86,5.86,35,4,18,32
4,1998,1998-04-04,8,0,3,7,5.3,5.3,43,4,21,39
5,1998,1998-04-05,2,0,0,7,4.23,4.23,45,4,21,46
6,1998,1998-04-07,8,0,0,8,3.52,3.52,53,4,21,54
7,1998,1998-04-08,5,2,3,10,3.45,3.45,58,6,24,64
8,1998,1998-04-09,10,0,2,4,3.27,3.27,68,6,26,68
9,1998,1998-04-10,4,0,1,10,3.01,3.01,72,6,27,78
10,1998,1998-04-11,10,1,6,5,3.31,3.31,82,7,33,83
11,1998,1998-04-12,11,1,5,8,3.43,3.43,93,8,38,91
12,1998,1998-04-13,6,0,1,6,3.23,3.23,99,8,39,97
13,1998,1998-04-14,12,1,5,10,3.39,3.39,111,9,44,107
14,1998,1998-04-16,7,2,3,5,3.34,3.34,118,11,47,112
15,1998,1998-04-17,4,1,3,7,3.32,3.32,122,12,50,119
16,1998,1998-04-18,6,0,7,5,3.57,3.57,128,12,57,124
17,1998,1998-04-19,9,1,2,9,3.5,3.5,137,13,59,133
18,1998,1998-04-21,5,2,5,5,3.61,3.61,142,15,64,138
19,1998,1998-04-22,8,0,6,3,3.74,3.74,150,15,70,141
20,1998,1998-04-23,3,1,2,6,3.67,3.67,153,16,72,147
21,1998,1998-04-24,5,2,4,5,3.68,3.68,158,18,76,152
22,1998,1998-04-25,5,0,2,9,3.61,3.61,163,18,78,161
23,1998,1998-04-26,6,0,2,15,3.48,3.48,169,18,80,176
24,1998,1998-04-27,10,1,3,10,3.4,3.4,179,19,83,186
25,1998,1998-04-28,3,2,3,11,3.38,3.38,182,21,86,197
26,1998,1998-04-30,14,3,6,6,3.48,3.48,196,24,92,203
27,1998,1998-05-01,9,0,4,9,3.52,3.52,205,24,96,212
28,1998,1998-05-02,8,0,3,7,3.5,3.5,213,24,99,219
29,1998,1998-05-03,8,1,5,6,3.55,3.55,221,25,104,225
30,1998,1998-05-04,8,1,3,7,3.54,3.54,229,26,107,232
31,1998,1998-05-05,11,2,8,7,3.7,3.7,240,28,115,239
32,1998,1998-05-06,10,2,6,7,3.79,3.79,250,30,121,246
33,1998,1998-05-07,6,0,3,8,3.76,3.76,256,30,124,254
34,1998,1998-05-08,15,1,12,6,4.02,4.02,271,31,136,260
35,1998,1998-05-09,14,1,7,10,4.12,4.12,285,32,143,270
36,1998,1998-05-10,5,2,2,5,4.06,4.06,290,34,145,275
37,1998,1998-05-11,15,0,5,10,4.08,4.08,305,34,150,285
38,1998,1998-05-12,12,0,5,9,4.11,4.11,317,34,155,294
39,1998,1998-05-13,7,1,4,3,4.1,4.1,324,35,159,297
40,1998,1998-05-14,9,1,4,9,4.1,4.1,333,36,163,306
41,1998,1998-05-15,10,1,4,4,4.1,4.1,343,37,167,310
42,1998,1998-05-16,6,0,3,4,4.07,4.07,349,37,170,314
43,1998,1998-05-17,4,1,2,7,4.02,4.02,353,38,172,321
44,1998,1998-05-19,11,1,6,10,4.08,4.08,364,39,178,331
45,1998,1998-05-20,10,1,5,6,4.11,4.11,374,40,183,337
46,1998,1998-05-21,8,1,2,9,4.06,4.06,382,41,185,346
47,1998,1998-05-22,6,0,0,6,3.98,3.98,388,41,185,352
48,1998,1998-05-23,2,1,1,6,3.91,3.91,390,42,186,358
49,1998,1998-05-24,9,1,4,9,3.93,3.93,399,43,190,367
50,1998,1998-05-25,10,0,3,12,3.9,3.9,409,43,193,379
51,1998,1998-05-26,11,0,12,4,4.07,4.07,420,43,205,383
52,1998,1998-05-27,5,0,1,12,4.01,4.01,425,43,206,395
53,1998,1998-05-28,11,0,2,10,3.97,3.97,436,43,208,405
54,1998,1998-05-29,15,1,8,10,4.02,4.02,451,44,216,415
55,1998,1998-05-30,12,1,7,6,4.07,4.07,463,45,223,421
56,1998,1998-05-31,11,3,6,7,4.11,4.11,474,48,229,428
57,1998,1998-06-02,11,1,7,8,4.16,4.16,485,49,236,436
58,1998,1998-06-03,8,1,3,8,4.14,4.14,493,50,239,444
59,1998,1998-06-04,7,0,2,6,4.1,4.1,500,50,241,450
60,1998,1998-06-05,9,0,3,4,4.09,4.09,509,50,244,454
61,1998,1998-06-06,10,1,5,9,4.11,4.11,519,51,249,463
62,1998,1998-06-07,13,1,3,6,4.09,4.09,532,52,252,469
63,1998,1998-06-08,8,1,4,7,4.09,4.09,540,53,256,476
64,1998,1998-06-09,7,1,1,8,4.04,4.04,547,54,257,484
65,1998,1998-06-10,2,0,0,9,3.98,3.98,549,54,257,493
66,1998,1998-06-12,6,0,1,6,3.93,3.93,555,54,258,499
67,1998,1998-06-13,8,1,4,9,3.93,3.93,563,55,262,508
68,1998,1998-06-14,9,1,2,15,3.88,3.88,572,56,264,523
69,1998,1998-06-16,10,1,5,10,3.91,3.91,582,57,269,533
70,1998,1998-06-17,8,1,2,6,3.87,3.87,590,58,271,539
71,1998,1998-06-18,7,0,0,4,3.81,3.81,597,58,271,543
72,1998,1998-06-19,8,0,3,8,3.8,3.8,605,58,274,551
73,1998,1998-06-20,11,1,7,5,3.85,3.85,616,59,281,556
74,1998,1998-06-21,12,1,11,8,3.95,3.95,628,60,292,564
75,1998,1998-06-22,9,0,6,7,3.98,3.98,637,60,298,571
76,1998,1998-06-23,11,0,4,3,3.98,3.98,648,60,302,574
77,1998,1998-06-24,11,2,5,9,3.99,3.99,659,62,307,583
78,1998,1998-06-25,3,0,3,9,3.97,3.97,662,62,310,592
79,1998,1998-06-26,11,0,2,6,3.95,3.95,673,62,312,598
80,1998,1998-06-27,1,0,0,7,3.9,3.9,674,62,312,605
81,1998,1998-06-28,8,1,4,3,3.9,3.9,682,63,316,608
82,1998,1998-06-30,3,1,1,8,3.86,3.86,685,64,317,616
83,1998,1998-07-01,9,0,5,5,3.88,3.88,694,64,322,621
84,1998,1998-07-02,7,0,0,4,3.83,3.83,701,64,322,625
85,1998,1998-07-03,12,2,6,2,3.86,3.86,713,66,328,627
86,1998,1998-07-04,10,0,4,1,3.86,3.86,723,66,332,628
87,1998,1998-07-05,8,0,3,7,3.86,3.86,731,66,335,635
88,1998,1998-07-09,8,0,2,4,3.84,3.84,739,66,337,639
89,1998,1998-07-10,6,0,2,6,3.82,3.82,745,66,339,645
90,1998,1998-07-11,7,0,3,3,3.81,3.81,752,66,342,648
91,1998,1998-07-12,7,4,6,7,3.83,3.83,759,70,348,655
92,1998,1998-07-13,9,2,4,4,3.83,3.83,768,72,352,659
93,1998,1998-07-14,6,0,1,11,3.8,3.8,774,72,353,670
94,1998,1998-07-15,8,2,5,9,3.82,3.82,782,74,358,679
95,1998,1998-07-16,6,0,2,8,3.8,3.8,788,74,360,687
96,1998,1998-07-17,5,2,4,7,3.8,3.8,793,76,364,694
97,1998,1998-07-18,11,2,8,5,3.85,3.85,804,78,372,699
98,1998,1998-07-19,11,1,5,11,3.86,3.86,815,79,377,710
99,1998,1998-07-20,1,0,0,10,3.82,3.82,816,79,377,720
100,1998,1998-07-21,6,0,2,8,3.8,3.8,822,79,379,728
101,1998,1998-07-22,6,1,4,5,3.8,3.8,828,80,383,733
102,1998,1998-07-23,11,1,6,9,3.82,3.82,839,81,389,742
103,1998,1998-07-24,3,1,1,11,3.79,3.79,842,82,390,753
104,1998,1998-07-25,7,0,5,14,3.81,3.81,849,82,395,767
105,1998,1998-07-26,9,0,3,8,3.8,3.8,858,82,398,775
106,1998,1998-07-28,11,1,2,8,3.78,3.78,869,83,400,783
107,1998,1998-07-29,13,1,6,6,3.81,3.81,882,84,406,789
108,1998,1998-07-30,2,0,1,4,3.78,3.78,884,84,407,793
109,1998,1998-07-31,10,0,3,7,3.77,3.77,894,84,410,800
110,1998,1998-08-01,5,1,2,6,3.76,3.76,899,85,412,806
111,1998,1998-08-02,10,1,4,4,3.76,3.76,909,86,416,810
112,1998,1998-08-03,10,1,5,2,3.78,3.78,919,87,421,812
113,1998,1998-08-04,10,0,5,8,3.78,3.78,929,87,426,820
114,1998,1998-08-05,6,1,4,6,3.79,3.79,935,88,430,826
115,1998,1998-08-06,10,2,9,7,3.84,3.84,945,90,439,833
116,1998,1998-08-07,2,0,1,2,3.81,3.81,947,90,440,835
117,1998,1998-08-08,4,0,1,4,3.79,3.79,951,90,441,839
118,1998,1998-08-09,6,1,2,8,3.77,3.77,957,91,443,847
119,1998,1998-08-11,17,1,8,13,3.81,3.81,974,92,451,860
120,1998,1998-08-12,9,1,2,6,3.79,3.79,983,93,453,866
121,1998,1998-08-13,6,0,2,1,3.78,3.78,989,93,455,867
122,1998,1998-08-14,10,1,5,5,3.79,3.79,999,94,460,872
123,1998,1998-08-15,12,1,5,9,3.8,3.8,1011,95,465,881
124,1998,1998-08-16,2,0,0,10,3.77,3.77,1013,95,465,891
125,1998,1998-08-18,10,1,6,1,3.79,3.79,1023,96,471,892
126,1998,1998-08-19,7,1,3,8,3.79,3.79,1030,97,474,900
127,1998,1998-08-20,7,0,1,10,3.76,3.76,1037,97,475,910
128,1998,1998-08-21,4,0,1,9,3.74,3.74,1041,97,476,919
129,1998,1998-08-22,8,1,7,7,3.77,3.77,1049,98,483,926
130,1998,1998-08-23,15,3,11,9,3.83,3.83,1064,101,494,935
131,1998,1998-08-24,9,2,4,9,3.83,3.83,1073,103,498,944
132,1998,1998-08-25,10,1,3,7,3.83,3.83,1083,104,501,951
133,1998,1998-08-26,6,1,3,6,3.82,3.82,1089,105,504,957
134,1998,1998-08-27,12,2,9,7,3.86,3.86,1101,107,513,964
135,1998,1998-08-28,8,2,4,2,3.86,3.86,1109,109,517,966
136,1998,1998-08-29,12,1,4,5,3.86,3.86,1121,110,521,971
137,1998,1998-08-30,8,2,2,9,3.84,3.84,1129,112,523,980
138,1998,1998-08-31,14,1,8,6,3.87,3.87,1143,113,531,986
139,1998,1998-09-01,9,2,2,7,3.86,3.86,1152,115,533,993
140,1998,1998-09-02,2,0,0,5,3.83,3.83,1154,115,533,998
141,1998,1998-09-04,10,2,5,8,3.84,3.84,1164,117,538,1006
142,1998,1998-09-05,4,2,3,6,3.84,3.84,1168,119,541,1012
143,1998,1998-09-06,7,1,6,9,3.85,3.85,1175,120,547,1021
144,1998,1998-09-07,7,1,3,8,3.85,3.85,1182,121,550,1029
145,1998,1998-09-08,11,1,5,10,3.85,3.85,1193,122,555,1039
146,1998,1998-09-09,9,1,2,6,3.84,3.84,1202,123,557,1045
147,1998,1998-09-10,5,0,3,16,3.83,3.83,1207,123,560,1061
148,1998,1998-09-11,7,0,1,8,3.82,3.82,1214,123,561,1069
149,1998,1998-09-12,7,1,7,9,3.84,3.84,1221,124,568,1078
150,1998,1998-09-13,8,1,4,9,3.84,3.84,1229,125,572,1087
151,1998,1998-09-14,7,1,1,9,3.82,3.82,1236,126,573,1096
152,1998,1998-09-15,7,0,3,8,3.81,3.81,1243,126,576,1104
153,1998,1998-09-16,8,0,0,10,3.79,3.79,1251,126,576,1114
154,1998,1998-09-18,9,1,4,6,3.79,3.79,1260,127,580,1120
155,1998,1998-09-19,19,4,18,11,3.89,3.89,1279,131,598,1131
156,1998,1998-09-20,4,0,0,8,3.86,3.86,1283,131,598,1139
157,1998,1998-09-22,8,0,2,6,3.85,3.85,1291,131,600,1145
158,1998,1998-09-23,8,1,3,6,3.85,3.85,1299,132,603,1151
159,1998,1998-09-24,5,1,1,6,3.83,3.83,1304,133,604,1157
160,1998,1998-09-25,9,0,1,5,3.81,3.81,1313,133,605,1162
161,1998,1998-09-26,9,2,6,7,3.82,3.82,1322,135,611,1169
162,1998,1998-09-27,10,0,1,9,3.81,3.81,1332,135,612,1178
1,1999,1999-04-05,12,3,6,12,4.91,4.91,12,3,6,12
2,1999,1999-04-06,5,2,2,9,3.43,3.43,17,5,8,21
3,1999,1999-04-07,7,3,4,5,3.6,3.6,24,8,12,26
4,1999,1999-04-08,5,1,4,3,3.69,3.69,29,9,16,29
5,1999,1999-04-09,9,0,5,9,3.94,3.94,38,9,21,38
6,1999,1999-04-10,3,0,0,5,3.32,3.32,41,9,21,43
7,1999,1999-04-12,10,2,12,3,4.57,4.57,51,11,33,46
8,1999,1999-04-13,21,3,7,8,4.48,4.48,72,14,40,54
9,1999,1999-04-14,11,2,6,1,4.69,4.69,83,16,46,55
10,1999,1999-04-15,2,0,1,7,4.35,4.35,85,16,47,62
11,1999,1999-04-16,11,0,2,12,4.19,4.19,96,16,49,74
12,1999,1999-04-17,9,0,3,9,4.09,4.09,105,16,52,83
13,1999,1999-04-18,8,1,3,4,4.05,4.05,113,17,55,87
14,1999,1999-04-19,18,2,11,5,4.52,4.52,131,19,66,92
15,1999,1999-04-20,4,0,4,3,4.49,4.49,135,19,70,95
16,1999,1999-04-21,13,3,8,8,4.61,4.61,148,22,78,103
17,1999,1999-04-23,11,4,7,7,4.74,4.74,159,26,85,110
18,1999,1999-04-24,6,1,1,10,4.54,4.54,165,27,86,120
19,1999,1999-04-25,9,1,5,6,4.57,4.57,174,28,91,126
20,1999,1999-04-27,6,1,2,10,4.44,4.44,180,29,93,136
21,1999,1999-04-28,11,0,2,8,4.33,4.33,191,29,95,144
22,1999,1999-04-29,8,2,4,5,4.32,4.32,199,31,99,149
23,1999,1999-04-30,9,0,3,3,4.26,4.26,208,31,102,152
24,1999,1999-05-01,13,1,6,7,4.33,4.33,221,32,108,159
25,1999,1999-05-02,13,1,10,6,4.57,4.57,234,33,118,165
26,1999,1999-05-03,7,0,0,12,4.4,4.4,241,33,118,177
27,1999,1999-05-04,7,1,2,7,4.33,4.33,248,34,120,184
28,1999,1999-05-05,4,2,2,2,4.25,4.25,252,36,122,186
29,1999,1999-05-07,8,1,6,5,4.31,4.31,260,37,128,191
30,1999,1999-05-08,3,0,1,5,4.2,4.2,263,37,129,196
31,1999,1999-05-09,7,3,5,8,4.23,4.23,270,40,134,204
32,1999,1999-05-10,12,1,3,7,4.19,4.19,282,41,137,211
33,1999,1999-05-11,11,3,10,2,4.36,4.36,293,44,147,213
34,1999,1999-05-12,5,1,2,4,4.29,4.29,298,45,149,217
35,1999,1999-05-14,8,1,3,8,4.26,4.26,306,46,152,225
36,1999,1999-05-15,12,1,7,11,4.35,4.35,318,47,159,236
37,1999,1999-05-16,8,3,5,4,4.37,4.37,326,50,164,240
38,1999,1999-05-18,12,2,8,10,4.47,4.47,338,52,172,250
39,1999,1999-05-19,5,2,2,9,4.4,4.4,343,54,174,259
40,1999,1999-05-20,6,1,2,11,4.33,4.33,349,55,176,270
41,1999,1999-05-21,10,3,8,5,4.42,4.42,359,58,184,275
42,1999,1999-05-22,12,3,7,8,4.48,4.48,371,61,191,283
43,1999,1999-05-23,14,1,7,6,4.54,4.54,385,62,198,289
44,1999,1999-05-25,5,0,1,12,4.47,4.47,390,62,199,301
45,1999,1999-05-26,7,2,3,6,4.44,4.44,397,64,202,307
46,1999,1999-05-27,7,0,3,10,4.41,4.41,404,64,205,317
47,1999,1999-05-28,8,0,3,9,4.39,4.39,412,64,208,326
48,1999,1999-05-29,5,1,1,3,4.32,4.32,417,65,209,329
49,1999,1999-05-30,8,1,4,4,4.29,4.29,425,66,213,333
50,1999,1999-05-31,7,1,5,5,4.32,4.32,432,67,218,338
51,1999,1999-06-01,8,1,3,5,4.3,4.3,440,68,221,343
52,1999,1999-06-02,11,2,7,3,4.36,4.36,451,70,228,346
53,1999,1999-06-04,10,1,3,8,4.33,4.33,461,71,231,354
54,1999,1999-06-05,7,1,4,5,4.33,4.33,468,72,235,359
55,1999,1999-06-06,11,2,7,4,4.38,4.38,479,74,242,363
56,1999,1999-06-07,10,0,3,8,4.35,4.35,489,74,245,371
57,1999,1999-06-08,16,1,7,15,4.36,4.36,505,75,252,386
58,1999,1999-06-09,5,0,2,6,4.32,4.32,510,75,254,392
59,1999,1999-06-11,16,5,12,8,4.46,4.46,526,80,266,400
60,1999,1999-06-12,8,2,3,6,4.44,4.44,534,82,269,406
61,1999,1999-06-13,8,0,8,8,4.51,4.51,542,82,277,414
62,1999,1999-06-15,14,5,6,4,4.53,4.53,556,87,283,418
63,1999,1999-06-16,11,0,4,3,4.53,4.53,567,87,287,421
64,1999,1999-06-17,14,2,8,7,4.58,4.58,581,89,295,428
65,1999,1999-06-18,6,2,2,7,4.54,4.54,587,91,297,435
66,1999,1999-06-19,7,0,1,5,4.49,4.49,594,91,298,440
67,1999,1999-06-20,5,0,2,5,4.45,4.45,599,91,300,445
68,1999,1999-06-22,7,1,4,7,4.44,4.44,606,92,304,452
69,1999,1999-06-23,7,2,4,7,4.44,4.44,613,94,308,459
70,1999,1999-06-24,6,0,2,7,4.4,4.4,619,94,310,466
71,1999,1999-06-25,6,0,2,6,4.37,4.37,625,94,312,472
72,1999,1999-06-26,11,2,6,5,4.39,4.39,636,96,318,477
73,1999,1999-06-27,14,2,8,6,4.45,4.45,650,98,326,483
74,1999,1999-06-29,13,0,3,7,4.42,4.42,663,98,329,490
75,1999,1999-06-30,14,2,11,7,4.51,4.51,677,100,340,497
76,1999,1999-07-01,10,3,6,7,4.53,4.53,687,103,346,504
77,1999,1999-07-02,8,5,6,5,4.55,4.55,695,108,352,509
78,1999,1999-07-03,12,1,9,8,4.61,4.61,707,109,361,517
79,1999,1999-07-04,5,0,1,5,4.57,4.57,712,109,362,522
80,1999,1999-07-05,14,0,8,7,4.61,4.61,726,109,370,529
81,1999,1999-07-06,10,0,5,7,4.63,4.63,736,109,375,536
82,1999,1999-07-07,14,2,7,3,4.66,4.66,750,111,382,539
83,1999,1999-07-08,12,3,8,3,4.7,4.7,762,114,390,542
84,1999,1999-07-09,7,0,0,5,4.64,4.64,769,114,390,547
85,1999,1999-07-10,3,1,1,8,4.6,4.6,772,115,391,555
86,1999,1999-07-11,6,1,3,8,4.58,4.58,778,116,394,563
87,1999,1999-07-15,10,1,7,8,4.61,4.61,788,117,401,571
88,1999,1999-07-16,5,0,1,5,4.57,4.57,793,117,402,576
89,1999,1999-07-17,7,0,3,6,4.55,4.55,800,117,405,582
90,1999,1999-07-18,11,2,6,5,4.56,4.56,811,119,411,587
91,1999,1999-07-19,6,3,7,11,4.59,4.59,817,122,418,598
92,1999,1999-07-20,7,1,4,8,4.59,4.59,824,123,422,606
93,1999,1999-07-21,13,1,5,6,4.59,4.59,837,124,427,612
94,1999,,8,1,4,9,4.58,4.58,845,125,431,621
95,1999,,13,5,12,6,4.66,4.66,858,130,443,627
96,1999,1999-07-23,11,1,10,4,4.72,4.72,869,131,453,631
97,1999,1999-07-24,7,2,3,7,4.71,4.71,876,133,456,638
98,1999,1999-07-25,3,0,0,8,4.66,4.66,879,133,456,646
99,1999,1999-07-26,13,1,5,5,4.66,4.66,892,134,461,651
100,1999,1999-07-27,15,0,5,8,4.66,4.66,907,134,466,659
101,1999,1999-07-28,7,0,1,6,4.62,4.62,914,134,467,665
102,1999,1999-07-29,14,2,7,10,4.65,4.65,928,136,474,675
103,1999,1999-07-30,9,0,6,7,4.66,4.66,937,136,480,682
104,1999,1999-07-31,9,1,4,11,4.65,4.65,946,137,484,693
105,1999,1999-08-01,9,1,2,10,4.63,4.63,955,138,486,703
106,1999,1999-08-03,10,0,2,6,4.61,4.61,965,138,488,709
107,1999,1999-08-04,4,0,1,7,4.57,4.57,969,138,489,716
108,1999,1999-08-05,11,1,7,5,4.6,4.6,980,139,496,721
109,1999,1999-08-06,4,0,2,4,4.58,4.58,984,139,498,725
110,1999,1999-08-07,11,0,6,6,4.59,4.59,995,139,504,731
111,1999,1999-08-08,7,1,2,8,4.57,4.57,1002,140,506,739
112,1999,1999-08-09,6,0,1,4,4.54,4.54,1008,140,507,743
113,1999,1999-08-10,8,3,6,3,4.56,4.56,1016,143,513,746
114,1999,1999-08-11,15,0,7,8,4.58,4.58,1031,143,520,754
115,1999,1999-08-12,10,2,5,4,4.58,4.58,1041,145,525,758
116,1999,1999-08-13,12,2,7,7,4.6,4.6,1053,147,532,765
117,1999,1999-08-14,5,1,1,7,4.57,4.57,1058,148,533,772
118,1999,1999-08-15,10,2,5,3,4.57,4.57,1068,150,538,775
119,1999,1999-08-16,8,2,6,7,4.58,4.58,1076,152,544,782
120,1999,1999-08-17,11,1,5,4,4.58,4.58,1087,153,549,786
121,1999,1999-08-18,7,0,0,4,4.54,4.54,1094,153,549,790
122,1999,1999-08-20,12,0,4,8,4.54,4.54,1106,153,553,798
123,1999,1999-08-21,10,1,6,6,4.54,4.54,1116,154,559,804
124,1999,1999-08-22,9,1,7,7,4.56,4.56,1125,155,566,811
125,1999,1999-08-23,9,1,4,6,4.56,4.56,1134,156,570,817
126,1999,1999-08-24,4,0,2,4,4.54,4.54,1138,156,572,821
127,1999,1999-08-25,9,1,9,9,4.58,4.58,1147,157,581,830
128,1999,1999-08-27,7,0,0,4,4.54,4.54,1154,157,581,834
129,1999,1999-08-28,8,0,2,6,4.52,4.52,1162,157,583,840
130,1999,1999-08-29,9,1,5,5,4.52,4.52,1171,158,588,845
131,1999,1999-08-30,9,0,1,5,4.5,4.5,1180,158,589,850
132,1999,1999-08-31,8,1,3,10,4.49,4.49,1188,159,592,860
133,1999,1999-09-01,8,0,2,7,4.47,4.47,1196,159,594,867
134,1999,1999-09-03,12,1,6,7,4.48,4.48,1208,160,600,874
135,1999,1999-09-04,2,0,0,8,4.45,4.45,1210,160,600,882
136,1999,1999-09-05,7,0,1,6,4.42,4.42,1217,160,601,888
137,1999,1999-09-06,15,2,8,7,4.45,4.45,1232,162,609,895
138,1999,1999-09-07,6,0,1,10,4.43,4.43,1238,162,610,905
139,1999,1999-09-08,12,1,4,10,4.41,4.41,1250,163,614,915
140,1999,1999-09-09,7,1,2,8,4.4,4.4,1257,164,616,923
141,1999,1999-09-10,6,0,1,7,4.37,4.37,1263,164,617,930
142,1999,1999-09-11,11,1,6,2,4.38,4.38,1274,165,623,932
143,1999,1999-09-12,12,1,10,6,4.42,4.42,1286,166,633,938
144,1999,1999-09-13,10,2,4,4,4.42,4.42,1296,168,637,942
145,1999,1999-09-14,9,0,2,6,4.4,4.4,1305,168,639,948
146,1999,1999-09-15,12,1,9,5,4.43,4.43,1317,169,648,953
147,1999,1999-09-17,20,6,17,5,4.52,4.52,1337,175,665,958
148,1999,1999-09-18,10,1,4,8,4.52,4.52,1347,176,669,966
149,1999,1999-09-19,7,1,2,7,4.51,4.51,1354,177,671,973
150,1999,1999-09-20,7,2,4,10,4.51,4.51,1361,179,675,983
151,1999,1999-09-21,6,1,3,1,4.5,4.5,1367,180,678,984
152,1999,1999-09-22,8,0,5,8,4.5,4.5,1375,180,683,992
153,1999,1999-09-23,5,0,3,10,4.49,4.49,1380,180,686,1002
154,1999,1999-09-24,6,0,1,10,4.47,4.47,1386,180,687,1012
155,1999,1999-09-25,5,3,3,8,4.46,4.46,1391,183,690,1020
156,1999,1999-09-26,6,2,6,6,4.47,4.47,1397,185,696,1026
157,1999,1999-09-28,5,2,1,9,4.45,4.45,1402,187,697,1035
158,1999,1999-09-29,7,2,5,10,4.45,4.45,1409,189,702,1045
159,1999,1999-09-30,8,1,4,8,4.45,4.45,1417,190,706,1053
160,1999,1999-10-01,7,0,1,7,4.43,4.43,1424,190,707,1060
161,1999,1999-10-02,6,1,3,5,4.42,4.42,1430,191,710,1065
162,1999,1999-10-03,8,1,8,12,4.45,4.45,1438,192,718,1077
1,2000,2000-04-03,9,2,4,8,4.0,4.0,9,2,4,8
2,2000,2000-04-04,6,0,3,5,3.5,3.5,15,2,7,13
3,2000,2000-04-05,10,0,5,5,4.15,4.15,25,2,12,18
4,2000,2000-04-06,14,3,8,5,5.29,5.29,39,5,20,23
5,2000,2000-04-07,2,0,2,6,4.71,4.71,41,5,22,29
6,2000,2000-04-08,11,2,5,10,4.67,4.67,52,7,27,39
7,2000,2000-04-11,8,3,5,4,4.72,4.72,60,10,32,43
8,2000,,7,1,4,3,4.63,4.63,67,11,36,46
9,2000,2000-04-13,11,4,7,4,4.9,4.9,78,15,43,50
10,2000,2000-04-14,9,1,1,6,4.5,4.5,87,16,44,56
11,2000,2000-04-15,8,1,5,8,4.55,4.55,95,17,49,64
12,2000,2000-04-16,7,2,4,6,4.5,4.5,102,19,53,70
13,2000,2000-04-18,5,1,3,9,4.38,4.38,107,20,56,79
14,2000,2000-04-19,14,0,9,3,4.72,4.72,121,20,65,82
15,2000,2000-04-21,10,0,2,10,4.53,4.53,131,20,67,92
16,2000,2000-04-22,5,1,2,6,4.37,4.37,136,21,69,98
17,2000,2000-04-23,13,1,3,3,4.29,4.29,149,22,72,101
18,2000,2000-04-24,8,0,1,2,4.12,4.12,157,22,73,103
19,2000,2000-04-25,6,0,1,5,3.98,3.98,163,22,74,108
20,2000,2000-04-26,9,3,5,5,4.06,4.06,172,25,79,113
21,2000,2000-04-27,9,1,6,2,4.17,4.17,181,26,85,115
22,2000,2000-04-28,7,0,2,8,4.07,4.07,188,26,87,123
23,2000,2000-04-29,12,3,5,7,4.11,4.11,200,29,92,130
24,2000,2000-04-30,3,1,1,7,3.98,3.98,203,30,93,137
25,2000,2000-05-01,6,1,1,8,3.86,3.86,209,31,94,145
26,2000,2000-05-02,6,1,4,5,3.86,3.86,215,32,98,150
27,2000,2000-05-03,6,0,4,1,3.87,3.87,221,32,102,151
28,2000,2000-05-05,4,2,2,5,3.8,3.8,225,34,104,156
29,2000,2000-05-06,12,1,4,4,3.81,3.81,237,35,108,160
30,2000,2000-05-07,17,3,14,9,4.14,4.14,254,38,122,169
31,2000,2000-05-08,20,3,15,3,4.51,4.51,274,41,137,172
32,2000,2000-05-09,15,3,11,6,4.68,4.68,289,44,148,178
33,2000,2000-05-10,9,0,2,6,4.61,4.61,298,44,150,184
34,2000,2000-05-12,2,0,0,6,4.48,4.48,300,44,150,190
35,2000,2000-05-13,3,1,1,13,4.37,4.37,303,45,151,203
36,2000,2000-05-14,17,4,11,6,4.58,4.58,320,49,162,209
37,2000,2000-05-16,7,2,4,8,4.56,4.56,327,51,166,217
38,2000,2000-05-17,7,1,6,6,4.6,4.6,334,52,172,223
39,2000,2000-05-19,7,1,3,8,4.56,4.56,341,53,175,231
40,2000,2000-05-20,14,2,6,8,4.59,4.59,355,55,181,239
41,2000,2000-05-21,7,1,2,6,4.53,4.53,362,56,183,245
42,2000,2000-05-22,10,1,3,8,4.43,4.43,372,57,186,253
43,2000,2000-05-23,7,2,3,8,4.4,4.4,379,59,189,261
44,2000,2000-05-24,11,1,9,8,4.5,4.5,390,60,198,269
45,2000,2000-05-26,8,1,3,9,4.47,4.47,398,61,201,278
46,2000,2000-05-27,9,3,7,10,4.53,4.53,407,64,208,288
47,2000,2000-05-28,12,0,4,6,4.51,4.51,419,64,212,294
48,2000,2000-05-29,4,0,1,6,4.44,4.44,423,64,213,300
49,2000,2000-05-30,13,1,9,10,4.53,4.53,436,65,222,310
50,2000,2000-05-31,8,2,3,6,4.5,4.5,444,67,225,316
51,2000,2000-06-02,18,2,12,6,4.66,4.66,462,69,237,322
52,2000,2000-06-03,12,0,3,9,4.63,4.63,474,69,240,331
53,2000,2000-06-04,9,1,8,6,4.7,4.7,483,70,248,337
54,2000,2000-06-05,5,0,2,9,4.66,4.66,488,70,250,346
55,2000,2000-06-06,6,1,1,12,4.59,4.59,494,71,251,358
56,2000,2000-06-07,12,0,6,7,4.61,4.61,506,71,257,365
57,2000,2000-06-08,6,2,2,9,4.57,4.57,512,73,259,374
58,2000,2000-06-09,4,1,3,4,4.54,4.54,516,74,262,378
59,2000,2000-06-10,7,1,2,4,4.5,4.5,523,75,264,382
60,2000,2000-06-11,7,0,6,12,4.52,4.52,530,75,270,394
61,2000,2000-06-12,5,1,3,7,4.5,4.5,535,76,273,401
62,2000,2000-06-13,5,1,1,4,4.44,4.44,540,77,274,405
63,2000,2000-06-14,11,2,5,7,4.45,4.45,551,79,279,412
64,2000,2000-06-15,4,0,0,10,4.38,4.38,555,79,279,422
65,2000,2000-06-16,9,2,6,7,4.4,4.4,564,81,285,429
66,2000,2000-06-17,13,2,4,12,4.4,4.4,577,83,289,441
67,2000,2000-06-18,7,1,3,13,4.38,4.38,584,84,292,454
68,2000,2000-06-20,13,2,6,9,4.39,4.39,597,86,298,463
69,2000,2000-06-21,7,2,6,7,4.42,4.42,604,88,304,470
70,2000,2000-06-22,7,1,4,4,4.42,4.42,611,89,308,474
71,2000,2000-06-23,9,3,9,12,4.47,4.47,620,92,317,486
72,2000,2000-06-24,9,1,6,5,4.5,4.5,629,93,323,491
73,2000,2000-06-25,6,0,2,9,4.46,4.46,635,93,325,500
74,2000,2000-06-26,9,1,9,1,4.52,4.52,644,94,334,501
75,2000,2000-06-27,7,1,4,6,4.51,4.51,651,95,338,507
76,2000,2000-06-28,6,0,4,9,4.5,4.5,657,95,342,516
77,2000,2000-06-29,7,3,5,9,4.51,4.51,664,98,347,525
78,2000,2000-06-30,6,0,2,6,4.48,4.48,670,98,349,531
79,2000,2000-07-01,10,2,4,7,4.48,4.48,680,100,353,538
80,2000,2000-07-02,10,3,5,5,4.49,4.49,690,103,358,543
81,2000,2000-07-04,9,1,6,10,4.52,4.52,699,104,364,553
82,2000,2000-07-05,11,1,5,14,4.52,4.52,710,105,369,567
83,2000,2000-07-06,5,2,3,13,4.5,4.5,715,107,372,580
84,2000,2000-07-07,12,0,1,9,4.45,4.45,727,107,373,589
85,2000,2000-07-08,10,1,11,3,4.53,4.53,737,108,384,592
86,2000,2000-07-09,4,1,1,8,4.5,4.5,741,109,385,600
87,2000,2000-07-13,9,1,3,6,4.48,4.48,750,110,388,606
88,2000,2000-07-14,11,2,5,7,4.48,4.48,761,112,393,613
89,2000,2000-07-15,10,1,6,6,4.5,4.5,771,113,399,619
90,2000,2000-07-16,7,2,3,6,4.48,4.48,778,115,402,625
91,2000,2000-07-17,10,2,6,9,4.5,4.5,788,117,408,634
92,2000,2000-07-18,8,2,7,11,4.53,4.53,796,119,415,645
93,2000,2000-07-19,1,0,0,10,4.48,4.48,797,119,415,655
94,2000,2000-07-20,5,1,3,6,4.46,4.46,802,120,418,661
95,2000,2000-07-21,11,1,5,5,4.47,4.47,813,121,423,666
96,2000,2000-07-22,6,3,5,9,4.47,4.47,819,124,428,675
97,2000,2000-07-23,2,0,0,9,4.43,4.43,821,124,428,684
98,2000,2000-07-24,5,1,1,5,4.39,4.39,826,125,429,689
99,2000,2000-07-25,11,0,2,3,4.37,4.37,837,125,431,692
100,2000,2000-07-26,14,1,10,5,4.43,4.43,851,126,441,697
101,2000,2000-07-27,15,2,8,5,4.46,4.46,866,128,449,702
102,2000,2000-07-28,2,0,0,7,4.42,4.42,868,128,449,709
103,2000,2000-07-29,7,0,3,6,4.41,4.41,875,128,452,715
104,2000,2000-07-30,9,0,2,3,4.39,4.39,884,128,454,718
105,2000,,12,1,6,3,4.41,4.41,896,129,460,721
106,2000,,8,2,3,12,4.4,4.4,904,131,463,733
107,2000,2000-08-02,10,2,5,4,4.4,4.4,914,133,468,737
108,2000,2000-08-04,6,0,1,14,4.37,4.37,920,133,469,751
109,2000,2000-08-05,10,3,4,10,4.36,4.36,930,136,473,761
110,2000,2000-08-06,15,1,9,8,4.41,4.41,945,137,482,769
111,2000,2000-08-07,10,2,7,3,4.43,4.43,955,139,489,772
112,2000,2000-08-08,8,1,3,8,4.42,4.42,963,140,492,780
113,2000,2000-08-09,10,0,5,6,4.42,4.42,973,140,497,786
114,2000,2000-08-11,12,1,7,6,4.45,4.45,985,141,504,792
115,2000,2000-08-12,6,1,3,6,4.44,4.44,991,142,507,798
116,2000,2000-08-13,14,0,1,6,4.41,4.41,1005,142,508,804
117,2000,2000-08-14,12,2,7,6,4.43,4.43,1017,144,515,810
118,2000,2000-08-15,12,0,6,6,4.45,4.45,1029,144,521,816
119,2000,2000-08-16,13,1,3,8,4.44,4.44,1042,145,524,824
120,2000,2000-08-18,10,1,4,7,4.44,4.44,1052,146,528,831
121,2000,2000-08-19,4,1,1,10,4.41,4.41,1056,147,529,841
122,2000,2000-08-20,10,3,5,6,4.41,4.41,1066,150,534,847
123,2000,2000-08-21,9,1,4,7,4.41,4.41,1075,151,538,854
124,2000,2000-08-22,13,1,6,5,4.42,4.42,1088,152,544,859
125,2000,2000-08-23,4,0,1,4,4.39,4.39,1092,152,545,863
126,2000,2000-08-24,5,0,0,11,4.36,4.36,1097,152,545,874
127,2000,,10,0,3,10,4.35,4.35,1107,152,548,884
128,2000,,9,1,1,4,4.32,4.32,1116,153,549,888
129,2000,2000-08-26,8,1,5,5,4.33,4.33,1124,154,554,893
130,2000,2000-08-27,13,2,6,6,4.34,4.34,1137,156,560,899
131,2000,2000-08-28,7,0,3,11,4.33,4.33,1144,156,563,910
132,2000,2000-08-29,1,1,2,15,4.31,4.31,1145,157,565,925
133,2000,2000-08-30,6,2,2,11,4.3,4.3,1151,159,567,936
134,2000,2000-08-31,14,2,7,4,4.32,4.32,1165,161,574,940
135,2000,2000-09-01,4,0,0,7,4.29,4.29,1169,161,574,947
136,2000,2000-09-02,6,0,0,13,4.25,4.25,1175,161,574,960
137,2000,2000-09-03,4,0,1,7,4.23,4.23,1179,161,575,967
138,2000,2000-09-04,13,2,12,6,4.29,4.29,1192,163,587,973
139,2000,2000-09-05,15,1,6,5,4.3,4.3,1207,164,593,978
140,2000,2000-09-06,12,0,8,3,4.33,4.33,1219,164,601,981
141,2000,2000-09-08,14,1,7,4,4.35,4.35,1233,165,608,985
142,2000,2000-09-09,13,0,5,8,4.36,4.36,1246,165,613,993
143,2000,2000-09-10,5,0,1,6,4.33,4.33,1251,165,614,999
144,2000,2000-09-11,6,1,3,11,4.32,4.32,1257,166,617,1010
145,2000,2000-09-12,8,0,2,5,4.31,4.31,1265,166,619,1015
146,2000,2000-09-13,9,2,3,6,4.3,4.3,1274,168,622,1021
147,2000,2000-09-14,9,0,4,8,4.3,4.3,1283,168,626,1029
148,2000,2000-09-15,5,2,3,8,4.29,4.29,1288,170,629,1037
149,2000,2000-09-16,13,0,4,4,4.29,4.29,1301,170,633,1041
150,2000,2000-09-17,11,1,6,3,4.3,4.3,1312,171,639,1044
151,2000,2000-09-18,9,0,1,8,4.28,4.28,1321,171,640,1052
152,2000,2000-09-19,6,0,0,8,4.25,4.25,1327,171,640,1060
153,2000,2000-09-20,9,0,0,9,4.22,4.22,1336,171,640,1069
154,2000,2000-09-22,7,1,3,9,4.21,4.21,1343,172,643,1078
155,2000,2000-09-23,2,0,1,13,4.19,4.19,1345,172,644,1091
156,2000,2000-09-24,2,0,0,14,4.16,4.16,1347,172,644,1105
157,2000,2000-09-26,2,0,0,7,4.14,4.14,1349,172,644,1112
158,2000,2000-09-27,5,1,4,2,4.14,4.14,1354,173,648,1114
159,2000,2000-09-28,10,2,5,12,4.14,4.14,1364,175,653,1126
160,2000,2000-09-29,2,0,0,13,4.12,4.12,1366,175,653,1139
161,2000,2000-09-30,6,0,2,10,4.1,4.1,1372,175,655,1149
162,2000,2000-10-01,7,1,4,5,4.1,4.1,1379,176,659,1154
1,2001,2001-04-02,6,0,0,11,0.0,0.0,6,0,0,11
2,2001,2001-04-03,12,1,3,12,1.5,1.5,18,1,3,23
3,2001,2001-04-04,14,2,7,6,3.33,3.33,32,3,10,29
4,2001,2001-04-05,9,1,5,7,3.75,3.75,41,4,15,36
5,2001,2001-04-06,4,0,1,8,3.2,3.2,45,4,16,44
6,2001,2001-04-07,6,1,4,7,3.33,3.33,51,5,20,51
7,2001,2001-04-08,11,3,8,8,4.0,4.0,62,8,28,59
8,2001,2001-04-10,3,1,1,8,3.68,3.68,65,9,29,67
9,2001,2001-04-11,5,2,3,3,3.6,3.6,70,11,32,70
10,2001,2001-04-12,11,3,4,9,3.64,3.64,81,14,36,79
11,2001,2001-04-13,7,0,5,10,3.75,3.75,88,14,41,89
12,2001,2001-04-14,4,0,4,8,3.79,3.79,92,14,45,97
13,2001,2001-04-15,5,0,0,7,3.49,3.49,97,14,45,104
14,2001,2001-04-17,7,1,3,8,3.48,3.48,104,15,48,112
15,2001,2001-04-18,7,2,5,9,3.61,3.61,111,17,53,121
16,2001,2001-04-19,7,0,1,8,3.45,3.45,118,17,54,129
17,2001,2001-04-20,6,0,1,11,3.3,3.3,124,17,55,140
18,2001,2001-04-21,7,1,2,7,3.23,3.23,131,18,57,147
19,2001,2001-04-22,8,2,7,13,3.39,3.39,139,20,64,160
20,2001,2001-04-24,7,1,5,3,3.47,3.47,146,21,69,163
21,2001,2001-04-25,10,1,5,12,3.54,3.54,156,22,74,175
22,2001,2001-04-26,6,1,2,7,3.47,3.47,162,23,76,182
23,2001,2001-04-27,6,2,3,8,3.45,3.45,168,25,79,190
24,2001,2001-04-28,8,1,6,11,3.56,3.56,176,26,85,201
25,2001,2001-04-29,3,1,1,14,3.46,3.46,179,27,86,215
26,2001,2001-05-01,9,2,7,4,3.61,3.61,188,29,93,219
27,2001,2001-05-02,5,1,3,6,3.59,3.59,193,30,96,225
28,2001,2001-05-03,7,0,6,9,3.67,3.67,200,30,102,234
29,2001,2001-05-04,8,0,3,9,3.66,3.66,208,30,105,243
30,2001,2001-05-05,18,3,16,13,4.09,4.09,226,33,121,256
31,2001,2001-05-06,4,0,1,7,4.01,4.01,230,33,122,263
32,2001,2001-05-07,2,0,0,11,3.88,3.88,232,33,122,274
33,2001,2001-05-08,11,1,7,6,3.98,3.98,243,34,129,280
34,2001,2001-05-09,5,1,2,9,3.92,3.92,248,35,131,289
35,2001,2001-05-10,9,0,2,6,3.86,3.86,257,35,133,295
36,2001,2001-05-11,12,0,5,7,3.89,3.89,269,35,138,302
37,2001,2001-05-12,3,0,0,9,3.79,3.79,272,35,138,311
38,2001,2001-05-13,3,1,1,4,3.71,3.71,275,36,139,315
39,2001,2001-05-15,6,0,2,9,3.68,3.68,281,36,141,324
40,2001,2001-05-16,6,0,2,10,3.64,3.64,287,36,143,334
41,2001,2001-05-17,5,3,3,9,3.63,3.63,292,39,146,343
42,2001,2001-05-18,11,1,8,7,3.75,3.75,303,40,154,350
43,2001,2001-05-19,6,2,2,11,3.7,3.7,309,42,156,361
44,2001,2001-05-20,11,0,6,9,3.76,3.76,320,42,162,370
45,2001,2001-05-21,8,0,4,3,3.78,3.78,328,42,166,373
46,2001,2001-05-22,14,1,10,6,3.92,3.92,342,43,176,379
47,2001,2001-05-23,10,0,3,7,3.9,3.9,352,43,179,386
48,2001,2001-05-25,7,0,1,11,3.84,3.84,359,43,180,397
49,2001,2001-05-26,6,1,2,3,3.8,3.8,365,44,182,400
50,2001,2001-05-27,6,2,4,14,3.78,3.78,371,46,186,414
51,2001,2001-05-28,11,1,5,6,3.79,3.79,382,47,191,420
52,2001,2001-05-29,10,3,7,10,3.85,3.85,392,50,198,430
53,2001,2001-05-30,4,1,1,10,3.8,3.8,396,51,199,440
54,2001,2001-06-01,16,2,6,7,3.85,3.85,412,53,205,447
55,2001,2001-06-02,7,0,1,8,3.8,3.8,419,53,206,455
56,2001,2001-06-03,11,2,8,4,3.87,3.87,430,55,214,459
57,2001,2001-06-04,6,3,4,8,3.87,3.87,436,58,218,467
58,2001,2001-06-05,8,1,4,9,3.87,3.87,444,59,222,476
59,2001,2001-06-06,10,2,4,2,3.88,3.88,454,61,226,478
60,2001,2001-06-07,12,3,13,4,4.05,4.05,466,64,239,482
61,2001,2001-06-08,6,1,1,8,4.0,4.0,472,65,240,490
62,2001,2001-06-09,7,0,1,6,3.95,3.95,479,65,241,496
63,2001,2001-06-10,10,2,4,10,3.94,3.94,489,67,245,506
64,2001,2001-06-11,16,4,12,7,4.07,4.07,505,71,257,513
65,2001,2001-06-12,6,0,2,8,4.04,4.04,511,71,259,521
66,2001,2001-06-13,5,2,3,9,4.02,4.02,516,73,262,530
67,2001,2001-06-15,6,1,2,11,3.99,3.99,522,74,264,541
68,2001,2001-06-16,12,0,6,7,4.02,4.02,534,74,270,548
69,2001,2001-06-17,12,1,6,5,4.05,4.05,546,75,276,553
70,2001,2001-06-19,13,3,9,9,4.13,4.13,559,78,285,562
71,2001,2001-06-20,4,0,3,7,4.11,4.11,563,78,288,569
72,2001,2001-06-22,12,0,9,10,4.18,4.18,575,78,297,579
73,2001,2001-06-23,8,1,3,6,4.16,4.16,583,79,300,585
74,2001,2001-06-24,10,1,6,9,4.19,4.19,593,80,306,594
75,2001,2001-06-25,6,1,5,11,4.2,4.2,599,81,311,605
76,2001,2001-06-26,14,1,8,11,4.26,4.26,613,82,319,616
77,2001,2001-06-27,8,0,3,6,4.24,4.24,621,82,322,622
78,2001,2001-06-28,8,3,4,5,4.24,4.24,629,85,326,627
79,2001,2001-06-29,8,1,5,7,4.25,4.25,637,86,331,634
80,2001,2001-06-30,5,1,3,8,4.23,4.23,642,87,334,642
81,2001,2001-07-01,4,0,0,9,4.18,4.18,646,87,334,651
82,2001,2001-07-02,8,2,6,5,4.2,4.2,654,89,340,656
83,2001,2001-07-03,10,2,3,3,4.18,4.18,664,91,343,659
84,2001,2001-07-04,12,1,3,6,4.17,4.17,676,92,346,665
85,2001,2001-07-05,7,0,1,11,4.13,4.13,683,92,347,676
86,2001,2001-07-06,17,3,11,7,4.21,4.21,700,95,358,683
87,2001,2001-07-07,3,1,1,5,4.18,4.18,703,96,359,688
88,2001,2001-07-08,13,1,9,2,4.23,4.23,716,97,368,690
89,2001,2001-07-12,15,1,6,5,4.26,4.26,731,98,374,695
90,2001,2001-07-13,14,2,11,10,4.34,4.34,745,100,385,705
91,2001,2001-07-14,10,1,3,10,4.29,4.29,755,101,388,715
92,2001,2001-07-15,7,0,2,6,4.27,4.27,762,101,390,721
93,2001,2001-07-16,7,3,4,5,4.26,4.26,769,104,394,726
94,2001,2001-07-17,5,0,1,7,4.23,4.23,774,104,395,733
95,2001,2001-07-18,2,0,0,9,4.18,4.18,776,104,395,742
96,2001,2001-07-19,12,1,6,6,4.2,4.2,788,105,401,748
97,2001,2001-07-20,14,2,11,5,4.28,4.28,802,107,412,753
98,2001,2001-07-21,12,2,7,3,4.31,4.31,814,109,419,756
99,2001,2001-07-22,16,1,7,3,4.33,4.33,830,110,426,759
100,2001,2001-07-23,5,0,1,6,4.3,4.3,835,110,427,765
101,2001,2001-07-24,6,2,2,6,4.28,4.28,841,112,429,771
102,2001,2001-07-25,9,2,4,12,4.28,4.28,850,114,433,783
103,2001,2001-07-26,5,0,1,6,4.24,4.24,855,114,434,789
104,2001,2001-07-27,7,1,2,7,4.22,4.22,862,115,436,796
105,2001,2001-07-28,12,2,2,8,4.2,4.2,874,117,438,804
106,2001,2001-07-29,9,1,3,4,4.19,4.19,883,118,441,808
107,2001,2001-07-31,8,1,3,8,4.17,4.17,891,119,444,816
108,2001,2001-08-01,20,1,10,10,4.22,4.22,911,120,454,826
109,2001,2001-08-02,9,6,7,6,4.25,4.25,920,126,461,832
110,2001,2001-08-03,5,0,2,5,4.23,4.23,925,126,463,837
111,2001,2001-08-04,4,1,1,8,4.2,4.2,929,127,464,845
112,2001,2001-08-05,9,1,2,7,4.18,4.18,938,128,466,852
113,2001,2001-08-07,7,0,1,5,4.15,4.15,945,128,467,857
114,2001,2001-08-08,11,0,4,5,4.15,4.15,956,128,471,862
115,2001,2001-08-09,11,2,8,7,4.18,4.18,967,130,479,869
116,2001,2001-08-10,10,2,10,7,4.24,4.24,977,132,489,876
117,2001,2001-08-11,8,3,6,10,4.26,4.26,985,135,495,886
118,2001,2001-08-12,8,1,3,9,4.25,4.25,993,136,498,895
119,2001,2001-08-14,7,0,4,4,4.25,4.25,1000,136,502,899
120,2001,2001-08-15,7,1,1,1,4.22,4.22,1007,137,503,900
121,2001,2001-08-16,10,0,5,7,4.23,4.23,1017,137,508,907
122,2001,2001-08-17,6,2,3,7,4.22,4.22,1023,139,511,914
123,2001,2001-08-18,7,1,5,12,4.22,4.22,1030,140,516,926
124,2001,2001-08-19,11,2,5,7,4.23,4.23,1041,142,521,933
125,2001,2001-08-21,9,1,4,12,4.23,4.23,1050,143,525,945
126,2001,2001-08-22,14,2,8,11,4.26,4.26,1064,145,533,956
127,2001,2001-08-23,5,1,2,5,4.24,4.24,1069,146,535,961
128,2001,2001-08-24,5,0,1,7,4.22,4.22,1074,146,536,968
129,2001,2001-08-25,12,1,7,7,4.24,4.24,1086,147,543,975
130,2001,2001-08-26,15,4,9,10,4.28,4.28,1101,151,552,985
131,2001,2001-08-27,9,0,2,10,4.26,4.26,1110,151,554,995
132,2001,2001-08-28,11,1,4,4,4.26,4.26,1121,152,558,999
133,2001,2001-08-29,13,0,5,9,4.27,4.27,1134,152,563,1008
134,2001,2001-08-30,9,2,4,9,4.27,4.27,1143,154,567,1017
135,2001,2001-08-31,8,1,5,7,4.27,4.27,1151,155,572,1024
136,2001,2001-09-01,4,0,0,8,4.24,4.24,1155,155,572,1032
137,2001,2001-09-02,7,0,3,6,4.23,4.23,1162,155,575,1038
138,2001,2001-09-04,8,1,5,6,4.24,4.24,1170,156,580,1044
139,2001,2001-09-05,7,1,2,6,4.22,4.22,1177,157,582,1050
140,2001,2001-09-06,13,2,5,7,4.23,4.23,1190,159,587,1057
141,2001,2001-09-07,4,0,0,3,4.2,4.2,1194,159,587,1060
142,2001,2001-09-08,13,1,6,8,4.21,4.21,1207,160,593,1068
143,2001,2001-09-09,11,3,8,12,4.24,4.24,1218,163,601,1080
144,2001,2001-09-17,9,2,6,13,4.26,4.26,1227,165,607,1093
145,2001,2001-09-18,4,1,3,6,4.25,4.25,1231,166,610,1099
146,2001,2001-09-19,9,1,4,10,4.24,4.24,1240,167,614,1109
147,2001,2001-09-20,9,1,2,14,4.21,4.21,1249,168,616,1123
148,2001,2001-09-21,10,1,8,7,4.24,4.24,1259,169,624,1130
149,2001,2001-09-22,11,2,5,7,4.24,4.24,1270,171,629,1137
150,2001,2001-09-23,9,0,6,9,4.25,4.25,1279,171,635,1146
151,2001,2001-09-24,11,1,2,5,4.24,4.24,1290,172,637,1151
152,2001,2001-09-25,9,1,5,4,4.24,4.24,1299,173,642,1155
153,2001,2001-09-26,13,1,6,5,4.25,4.25,1312,174,648,1160
154,2001,2001-09-28,14,1,4,9,4.25,4.25,1326,175,652,1169
155,2001,2001-09-29,9,2,6,6,4.26,4.26,1335,177,658,1175
156,2001,2001-09-30,6,0,1,2,4.24,4.24,1341,177,659,1177
157,2001,2001-10-02,5,2,2,7,4.23,4.23,1346,179,661,1184
158,2001,2001-10-03,6,0,5,8,4.23,4.23,1352,179,666,1192
159,2001,2001-10-04,11,1,6,5,4.25,4.25,1363,180,672,1197
160,2001,2001-10-05,10,3,9,6,4.28,4.28,1373,183,681,1203
161,2001,2001-10-06,5,0,2,6,4.26,4.26,1378,183,683,1209
162,2001,2001-10-07,9,1,2,3,4.25,4.25,1387,184,685,1212
1,2002,2002-04-02,12,3,9,7,9.0,9.0,12,3,9,7
2,2002,2002-04-03,15,4,11,5,10.0,10.0,27,7,20,12
3,2002,2002-04-04,5,0,3,11,7.67,7.67,32,7,23,23
4,2002,2002-04-05,1,0,0,6,5.75,5.75,33,7,23,29
5,2002,2002-04-06,7,0,2,14,5.0,5.0,40,7,25,43
6,2002,2002-04-07,10,0,4,7,4.83,4.83,50,7,29,50
7,2002,2002-04-09,5,0,0,4,4.14,4.14,55,7,29,54
8,2002,2002-04-10,7,1,2,4,3.93,3.93,62,8,31,58
9,2002,2002-04-11,8,0,3,6,3.83,3.83,70,8,34,64
10,2002,2002-04-12,2,0,0,7,3.44,3.44,72,8,34,71
11,2002,2002-04-13,9,2,6,1,3.71,3.71,81,10,40,72
12,2002,2002-04-14,5,0,1,6,3.51,3.51,86,10,41,78
13,2002,2002-04-15,5,1,2,5,3.39,3.39,91,11,43,83
14,2002,2002-04-16,10,0,6,4,3.61,3.61,101,11,49,87
15,2002,2002-04-17,9,0,3,8,3.57,3.57,110,11,52,95
16,2002,2002-04-18,5,0,0,11,3.34,3.34,115,11,52,106
17,2002,2002-04-19,5,1,2,7,3.26,3.26,120,12,54,113
18,2002,2002-04-20,6,0,1,5,3.13,3.13,126,12,55,118
19,2002,2002-04-21,9,2,4,9,3.18,3.18,135,14,59,127
20,2002,2002-04-23,9,0,6,8,3.32,3.32,144,14,65,135
21,2002,2002-04-24,8,0,1,11,3.21,3.21,152,14,66,146
22,2002,2002-04-25,5,0,1,5,3.12,3.12,157,14,67,151
23,2002,2002-04-26,1,0,0,6,2.99,2.99,158,14,67,157
24,2002,,6,2,4,12,3.03,3.03,164,16,71,169
25,2002,,3,0,1,9,2.95,2.95,167,16,72,178
26,2002,2002-04-30,7,1,3,7,2.95,2.95,174,17,75,185
27,2002,2002-05-01,5,2,3,11,2.95,2.95,179,19,78,196
28,2002,2002-05-02,5,1,2,11,2.86,2.86,184,20,80,207
29,2002,2002-05-03,10,3,8,6,3.03,3.03,194,23,88,213
30,2002,2002-05-04,4,1,2,10,3.0,3.0,198,24,90,223
31,2002,2002-05-05,7,1,3,6,3.0,3.0,205,25,93,229
32,2002,2002-05-07,12,2,5,10,2.99,2.99,217,27,98,239
33,2002,2002-05-08,5,0,1,8,2.93,2.93,222,27,99,247
34,2002,2002-05-09,7,3,6,9,3.03,3.03,229,30,105,256
35,2002,2002-05-10,9,0,3,9,3.04,3.04,238,30,108,265
36,2002,2002-05-11,6,0,0,12,2.95,2.95,244,30,108,277
37,2002,2002-05-12,13,2,10,11,3.15,3.15,257,32,118,288
38,2002,2002-05-13,10,0,2,12,3.09,3.09,267,32,120,300
39,2002,2002-05-14,9,1,2,4,3.06,3.06,276,33,122,304
40,2002,2002-05-15,6,1,2,6,3.03,3.03,282,34,124,310
41,2002,2002-05-16,7,1,1,10,2.98,2.98,289,35,125,320
42,2002,2002-05-17,11,0,5,3,3.03,3.03,300,35,130,323
43,2002,2002-05-18,10,2,3,3,3.03,3.03,310,37,133,326
44,2002,2002-05-19,4,0,1,8,2.99,2.99,314,37,134,334
45,2002,2002-05-21,10,2,8,3,3.1,3.1,324,39,142,337
46,2002,2002-05-22,6,0,0,10,3.04,3.04,330,39,142,347
47,2002,2002-05-23,10,1,3,8,3.03,3.03,340,40,145,355
48,2002,2002-05-24,15,1,14,4,3.27,3.27,355,41,159,359
49,2002,2002-05-25,11,0,5,7,3.3,3.3,366,41,164,366
50,2002,2002-05-26,16,0,10,7,3.43,3.43,382,41,174,373
51,2002,2002-05-27,11,0,3,11,3.42,3.42,393,41,177,384
52,2002,2002-05-28,6,0,3,6,3.42,3.42,399,41,180,390
53,2002,2002-05-29,13,1,3,8,3.41,3.41,412,42,183,398
54,2002,2002-05-31,10,0,6,10,3.45,3.45,422,42,189,408
55,2002,2002-06-01,5,0,0,4,3.39,3.39,427,42,189,412
56,2002,2002-06-02,8,2,3,9,3.39,3.39,435,44,192,421
57,2002,2002-06-03,10,2,5,8,3.41,3.41,445,46,197,429
58,2002,2002-06-04,13,1,4,2,3.42,3.42,458,47,201,431
59,2002,2002-06-05,9,2,7,3,3.49,3.49,467,49,208,434
60,2002,2002-06-07,8,3,4,4,3.51,3.51,475,52,212,438
61,2002,2002-06-08,7,1,4,6,3.51,3.51,482,53,216,444
62,2002,2002-06-09,5,0,1,12,3.47,3.47,487,53,217,456
63,2002,2002-06-10,9,1,5,6,3.5,3.5,496,54,222,462
64,2002,2002-06-11,14,3,11,7,3.62,3.62,510,57,233,469
65,2002,2002-06-12,8,1,2,3,3.59,3.59,518,58,235,472
66,2002,2002-06-14,11,1,7,4,3.65,3.65,529,59,242,476
67,2002,2002-06-15,10,2,4,9,3.65,3.65,539,61,246,485
68,2002,2002-06-16,6,1,4,8,3.66,3.66,545,62,250,493
69,2002,2002-06-18,8,0,2,6,3.63,3.63,553,62,252,499
70,2002,2002-06-19,5,1,2,11,3.61,3.61,558,63,254,510
71,2002,2002-06-20,6,0,1,4,3.57,3.57,564,63,255,514
72,2002,2002-06-21,6,2,2,9,3.55,3.55,570,65,257,523
73,2002,2002-06-22,7,2,2,7,3.53,3.53,577,67,259,530
74,2002,2002-06-23,9,2,6,5,3.56,3.56,586,69,265,535
75,2002,2002-06-24,9,1,2,8,3.54,3.54,595,70,267,543
76,2002,2002-06-25,1,0,0,6,3.5,3.5,596,70,267,549
77,2002,2002-06-26,4,2,3,9,3.49,3.49,600,72,270,558
78,2002,2002-06-27,6,1,1,6,3.46,3.46,606,73,271,564
79,2002,2002-06-28,9,2,5,5,3.48,3.48,615,75,276,569
80,2002,2002-06-29,14,1,5,3,3.5,3.5,629,76,281,572
81,2002,2002-06-30,7,1,5,5,3.52,3.52,636,77,286,577
82,2002,2002-07-01,6,0,0,8,3.48,3.48,642,77,286,585
83,2002,2002-07-02,4,0,0,4,3.44,3.44,646,77,286,589
84,2002,2002-07-03,7,0,5,4,3.46,3.46,653,77,291,593
85,2002,2002-07-04,5,2,3,8,3.46,3.46,658,79,294,601
86,2002,2002-07-05,11,1,5,5,3.48,3.48,669,80,299,606
87,2002,2002-07-06,4,1,2,9,3.45,3.45,673,81,301,615
88,2002,2002-07-07,17,3,12,8,3.56,3.56,690,84,313,623
89,2002,2002-07-11,8,0,3,7,3.55,3.55,698,84,316,630
90,2002,2002-07-12,9,2,3,9,3.54,3.54,707,86,319,639
91,2002,2002-07-13,11,2,7,1,3.58,3.58,718,88,326,640
92,2002,2002-07-14,3,1,1,6,3.55,3.55,721,89,327,646
93,2002,2002-07-15,6,2,4,3,3.56,3.56,727,91,331,649
94,2002,2002-07-16,11,0,6,11,3.58,3.58,738,91,337,660
95,2002,2002-07-17,11,1,7,10,3.62,3.62,749,92,344,670
96,2002,2002-07-18,12,2,4,6,3.62,3.62,761,94,348,676
97,2002,2002-07-19,5,1,3,9,3.6,3.6,766,95,351,685
98,2002,2002-07-20,7,1,2,3,3.59,3.59,773,96,353,688
99,2002,2002-07-21,10,3,6,5,3.61,3.61,783,99,359,693
100,2002,2002-07-22,10,1,4,4,3.62,3.62,793,100,363,697
101,2002,2002-07-23,14,1,6,5,3.64,3.64,807,101,369,702
102,2002,2002-07-24,11,3,8,5,3.69,3.69,818,104,377,707
103,2002,2002-07-26,11,2,6,6,3.71,3.71,829,106,383,713
104,2002,2002-07-27,4,0,1,5,3.69,3.69,833,106,384,718
105,2002,2002-07-28,9,1,3,3,3.68,3.68,842,107,387,721
106,2002,2002-07-30,10,4,12,9,3.77,3.77,852,111,399,730
107,2002,2002-07-31,12,0,5,7,3.78,3.78,864,111,404,737
108,2002,2002-08-01,7,2,6,7,3.79,3.79,871,113,410,744
109,2002,2002-08-02,6,0,1,6,3.76,3.76,877,113,411,750
110,2002,2002-08-03,9,3,6,13,3.77,3.77,886,116,417,763
111,2002,2002-08-04,9,0,3,8,3.77,3.77,895,116,420,771
112,2002,2002-08-05,7,2,7,11,3.8,3.8,902,118,427,782
113,2002,2002-08-06,8,3,3,5,3.79,3.79,910,121,430,787
114,2002,2002-08-07,6,0,0,8,3.76,3.76,916,121,430,795
115,2002,2002-08-08,9,2,5,7,3.77,3.77,925,123,435,802
116,2002,2002-08-09,9,2,2,5,3.75,3.75,934,125,437,807
117,2002,2002-08-10,14,3,8,7,3.79,3.79,948,128,445,814
118,2002,2002-08-11,13,0,5,5,3.8,3.8,961,128,450,819
119,2002,2002-08-13,9,1,4,5,3.81,3.81,970,129,454,824
120,2002,2002-08-14,4,0,0,7,3.77,3.77,974,129,454,831
121,2002,2002-08-15,7,0,0,4,3.74,3.74,981,129,454,835
122,2002,2002-08-16,5,1,2,7,3.73,3.73,986,130,456,842
123,2002,2002-08-17,4,1,4,7,3.73,3.73,990,131,460,849
124,2002,2002-08-18,4,0,1,4,3.71,3.71,994,131,461,853
125,2002,2002-08-20,11,1,6,7,3.73,3.73,1005,132,467,860
126,2002,2002-08-21,12,0,3,5,3.72,3.72,1017,132,470,865
127,2002,2002-08-22,5,1,2,6,3.7,3.7,1022,133,472,871
128,2002,2002-08-23,5,0,3,4,3.7,3.7,1027,133,475,875
129,2002,2002-08-24,9,1,3,3,3.69,3.69,1036,134,478,878
130,2002,2002-08-25,10,2,7,11,3.72,3.72,1046,136,485,889
131,2002,2002-08-26,11,1,5,11,3.72,3.72,1057,137,490,900
132,2002,2002-08-27,7,0,1,11,3.7,3.7,1064,137,491,911
133,2002,2002-08-28,6,0,0,7,3.67,3.67,1070,137,491,918
134,2002,2002-08-30,9,2,8,5,3.71,3.71,1079,139,499,923
135,2002,2002-08-31,3,0,0,4,3.68,3.68,1082,139,499,927
136,2002,2002-09-01,7,1,1,12,3.66,3.66,1089,140,500,939
137,2002,2002-09-02,5,0,1,7,3.64,3.64,1094,140,501,946
138,2002,2002-09-03,8,0,2,7,3.63,3.63,1102,140,503,953
139,2002,2002-09-04,10,2,2,7,3.62,3.62,1112,142,505,960
140,2002,2002-09-06,6,1,2,9,3.61,3.61,1118,143,507,969
141,2002,2002-09-07,14,1,6,3,3.62,3.62,1132,144,513,972
142,2002,2002-09-08,10,3,6,3,3.64,3.64,1142,147,519,975
143,2002,2002-09-09,9,2,6,5,3.66,3.66,1151,149,525,980
144,2002,2002-09-10,7,1,5,7,3.67,3.67,1158,150,530,987
145,2002,2002-09-11,8,0,3,11,3.67,3.67,1166,150,533,998
146,2002,2002-09-12,11,1,7,8,3.69,3.69,1177,151,540,1006
147,2002,2002-09-13,11,0,5,5,3.71,3.71,1188,151,545,1011
148,2002,2002-09-14,13,1,3,5,3.7,3.7,1201,152,548,1016
149,2002,2002-09-15,7,2,5,4,3.71,3.71,1208,154,553,1020
150,2002,2002-09-16,8,3,5,10,3.72,3.72,1216,157,558,1030
151,2002,2002-09-17,11,0,6,10,3.74,3.74,1227,157,564,1040
152,2002,2002-09-18,13,2,7,12,3.76,3.76,1240,159,571,1052
153,2002,2002-09-19,7,1,3,7,3.75,3.75,1247,160,574,1059
154,2002,2002-09-20,14,0,7,10,3.78,3.78,1261,160,581,1069
155,2002,2002-09-21,6,1,2,8,3.76,3.76,1267,161,583,1077
156,2002,2002-09-22,10,2,3,7,3.76,3.76,1277,163,586,1084
157,2002,2002-09-24,5,0,1,8,3.74,3.74,1282,163,587,1092
158,2002,2002-09-25,6,0,2,9,3.73,3.73,1288,163,589,1101
159,2002,2002-09-26,8,1,5,12,3.74,3.74,1296,164,594,1113
160,2002,2002-09-27,3,0,0,7,3.71,3.71,1299,164,594,1120
161,2002,2002-09-28,8,1,2,5,3.7,3.7,1307,165,596,1125
162,2002,2002-09-29,4,0,2,7,3.69,3.69,1311,165,598,1132
1,2003,2003-03-31,4,0,0,7,0.0,0.0,4,0,0,7
2,2003,2003-04-01,9,0,5,9,2.45,2.45,13,0,5,16
3,2003,2003-04-02,3,0,0,7,1.65,1.65,16,0,5,23
4,2003,2003-04-03,12,0,6,3,2.8,2.8,28,0,11,26
5,2003,2003-04-04,8,1,4,9,3.12,3.12,36,1,15,35
6,2003,2003-04-05,7,0,3,8,3.16,3.16,43,1,18,43
7,2003,2003-04-06,9,0,2,12,2.8,2.8,52,1,20,55
8,2003,2003-04-07,12,3,6,9,3.07,3.07,64,4,26,64
9,2003,2003-04-08,5,2,3,9,3.06,3.06,69,6,29,73
10,2003,2003-04-09,8,1,2,6,2.96,2.96,77,7,31,79
11,2003,2003-04-10,8,1,2,4,2.9,2.9,85,8,33,83
12,2003,2003-04-11,7,1,3,9,2.94,2.94,92,9,36,92
13,2003,2003-04-13,11,0,5,11,3.02,3.02,103,9,41,103
14,2003,2003-04-15,9,1,3,9,3.02,3.02,112,10,44,112
15,2003,2003-04-16,5,0,0,9,2.83,2.83,117,10,44,121
16,2003,2003-04-17,5,1,3,9,2.84,2.84,122,11,47,130
17,2003,2003-04-18,11,1,5,4,2.96,2.96,133,12,52,134
18,2003,2003-04-19,11,1,9,10,3.29,3.29,144,13,61,144
19,2003,2003-04-20,7,2,4,10,3.32,3.32,151,15,65,154
20,2003,2003-04-22,6,0,1,13,3.21,3.21,157,15,66,167
21,2003,2003-04-23,8,1,3,9,3.22,3.22,165,16,69,176
22,2003,2003-04-24,8,0,3,12,3.19,3.19,173,16,72,188
23,2003,2003-04-25,5,1,2,6,3.14,3.14,178,17,74,194
24,2003,2003-04-26,7,0,3,6,3.13,3.13,185,17,77,200
25,2003,2003-04-27,9,0,2,2,3.09,3.09,194,17,79,202
26,2003,2003-04-28,8,1,3,15,3.08,3.08,202,18,82,217
27,2003,2003-04-29,8,1,1,8,3.01,3.01,210,19,83,225
28,2003,2003-04-30,7,0,0,11,2.9,2.9,217,19,83,236
29,2003,2003-05-01,5,2,4,8,2.94,2.94,222,21,87,244
30,2003,2003-05-02,7,0,1,12,2.88,2.88,229,21,88,256
31,2003,2003-05-03,6,0,1,7,2.82,2.82,235,21,89,263
32,2003,2003-05-04,5,0,2,4,2.79,2.79,240,21,91,267
33,2003,2003-05-06,11,2,3,7,2.81,2.81,251,23,94,274
34,2003,2003-05-07,3,0,1,6,2.76,2.76,254,23,95,280
35,2003,2003-05-08,6,0,1,3,2.71,2.71,260,23,96,283
36,2003,2003-05-09,10,1,5,5,2.77,2.77,270,24,101,288
37,2003,2003-05-10,10,0,5,10,2.84,2.84,280,24,106,298
38,2003,2003-05-11,5,0,3,9,2.84,2.84,285,24,109,307
39,2003,2003-05-12,10,2,10,6,3.02,3.02,295,26,119,313
40,2003,2003-05-13,7,1,3,7,3.02,3.02,302,27,122,320
41,2003,2003-05-14,5,0,1,10,2.97,2.97,307,27,123,330
42,2003,2003-05-16,8,0,1,9,2.93,2.93,315,27,124,339
43,2003,2003-05-17,3,1,1,10,2.88,2.88,318,28,125,349
44,2003,2003-05-18,7,0,1,8,2.84,2.84,325,28,126,357
45,2003,2003-05-20,4,1,1,13,2.8,2.8,329,29,127,370
46,2003,2003-05-21,4,1,2,13,2.78,2.78,333,30,129,383
47,2003,2003-05-22,2,0,1,16,2.74,2.74,335,30,130,399
48,2003,2003-05-23,10,1,4,4,2.77,2.77,345,31,134,403
49,2003,2003-05-24,2,0,0,8,2.71,2.71,347,31,134,411
50,2003,2003-05-25,4,0,1,8,2.68,2.68,351,31,135,419
51,2003,2003-05-27,6,0,5,8,2.73,2.73,357,31,140,427
52,2003,2003-05-28,11,1,6,7,2.8,2.8,368,32,146,434
53,2003,2003-05-29,16,4,12,10,2.98,2.98,384,36,158,444
54,2003,2003-05-30,7,2,5,9,3.02,3.02,391,38,163,453
55,2003,2003-05-31,6,0,0,8,2.96,2.96,397,38,163,461
56,2003,2003-06-01,8,2,4,13,2.98,2.98,405,40,167,474
57,2003,2003-06-03,8,1,3,10,2.98,2.98,413,41,170,484
58,2003,2003-06-04,7,2,2,10,2.96,2.96,420,43,172,494
59,2003,2003-06-05,5,0,2,8,2.95,2.95,425,43,174,502
60,2003,2003-06-06,4,0,1,13,2.91,2.91,429,43,175,515
61,2003,2003-06-07,10,2,4,7,2.93,2.93,439,45,179,522
62,2003,2003-06-08,11,2,9,6,3.03,3.03,450,47,188,528
63,2003,2003-06-10,5,0,1,13,2.98,2.98,455,47,189,541
64,2003,2003-06-11,6,0,1,9,2.95,2.95,461,47,190,550
65,2003,2003-06-12,6,1,2,9,2.94,2.94,467,48,192,559
66,2003,2003-06-13,9,0,3,10,2.93,2.93,476,48,195,569
67,2003,2003-06-14,6,1,2,8,2.92,2.92,482,49,197,577
68,2003,2003-06-15,7,0,3,10,2.92,2.92,489,49,200,587
69,2003,2003-06-17,8,0,1,8,2.89,2.89,497,49,201,595
70,2003,2003-06-18,6,1,1,4,2.87,2.87,503,50,202,599
71,2003,2003-06-19,6,2,2,5,2.85,2.85,509,52,204,604
72,2003,2003-06-20,7,1,1,7,2.83,2.83,516,53,205,611
73,2003,2003-06-21,8,1,2,4,2.82,2.82,524,54,207,615
74,2003,2003-06-22,12,1,6,10,2.86,2.86,536,55,213,625
75,2003,2003-06-23,9,1,3,12,2.86,2.86,545,56,216,637
76,2003,2003-06-24,4,1,2,2,2.85,2.85,549,57,218,639
77,2003,2003-06-25,3,0,0,8,2.81,2.81,552,57,218,647
78,2003,2003-06-27,10,0,3,4,2.82,2.82,562,57,221,651
79,2003,2003-06-28,9,2,3,5,2.82,2.82,571,59,224,656
80,2003,2003-06-29,11,0,3,5,2.83,2.83,582,59,227,661
81,2003,2003-07-01,13,1,7,10,2.88,2.88,595,60,234,671
82,2003,2003-07-02,8,0,3,7,2.88,2.88,603,60,237,678
83,2003,2003-07-03,9,1,4,6,2.89,2.89,612,61,241,684
84,2003,2003-07-04,11,1,3,10,2.89,2.89,623,62,244,694
85,2003,2003-07-05,4,0,0,7,2.86,2.86,627,62,244,701
86,2003,2003-07-06,6,0,2,7,2.85,2.85,633,62,246,708
87,2003,2003-07-07,12,1,7,6,2.9,2.9,645,63,253,714
88,2003,2003-07-08,12,0,8,8,2.96,2.96,657,63,261,722
89,2003,2003-07-09,6,1,5,10,2.98,2.98,663,64,266,732
90,2003,2003-07-10,14,1,4,2,2.99,2.99,677,65,270,734
91,2003,2003-07-11,7,2,7,6,3.04,3.04,684,67,277,740
92,2003,2003-07-12,10,2,5,13,3.07,3.07,694,69,282,753
93,2003,2003-07-13,7,1,3,5,3.07,3.07,701,70,285,758
94,2003,2003-07-17,5,0,2,7,3.05,3.05,706,70,287,765
95,2003,2003-07-18,9,3,4,8,3.06,3.06,715,73,291,773
96,2003,2003-07-19,7,1,2,10,3.05,3.05,722,74,293,783
97,2003,2003-07-20,10,4,9,5,3.11,3.11,732,78,302,788
98,2003,2003-07-21,9,1,4,3,3.12,3.12,741,79,306,791
99,2003,2003-07-22,7,0,1,4,3.1,3.1,748,79,307,795
100,2003,2003-07-23,11,0,7,10,3.14,3.14,759,79,314,805
101,2003,2003-07-24,4,0,0,12,3.1,3.1,763,79,314,817
102,2003,2003-07-25,12,1,2,10,3.07,3.07,775,80,316,827
103,2003,2003-07-26,5,0,1,4,3.06,3.06,780,80,317,831
104,2003,2003-07-27,4,0,0,5,3.03,3.03,784,80,317,836
105,2003,2003-07-29,5,1,2,8,3.02,3.02,789,81,319,844
106,2003,2003-07-30,13,0,3,6,3.02,3.02,802,81,322,850
107,2003,2003-07-31,8,2,7,12,3.06,3.06,810,83,329,862
108,2003,2003-08-01,7,1,2,6,3.06,3.06,817,84,331,868
109,2003,2003-08-02,10,0,6,4,3.09,3.09,827,84,337,872
110,2003,2003-08-03,8,1,4,9,3.1,3.1,835,85,341,881
111,2003,2003-08-05,9,0,2,13,3.09,3.09,844,85,343,894
112,2003,2003-08-06,4,0,1,10,3.07,3.07,848,85,344,904
113,2003,2003-08-07,6,2,3,9,3.07,3.07,854,87,347,913
114,2003,2003-08-08,3,1,1,8,3.05,3.05,857,88,348,921
115,2003,2003-08-09,5,1,1,9,3.03,3.03,862,89,349,930
116,2003,2003-08-10,5,2,3,9,3.03,3.03,867,91,352,939
117,2003,2003-08-11,9,0,3,5,3.03,3.03,876,91,355,944
118,2003,2003-08-12,11,1,5,12,3.04,3.04,887,92,360,956
119,2003,2003-08-13,6,1,2,13,3.02,3.02,893,93,362,969
120,2003,2003-08-14,7,1,4,10,3.03,3.03,900,94,366,979
121,2003,2003-08-15,6,0,2,6,3.03,3.03,906,94,368,985
122,2003,2003-08-16,11,2,5,6,3.04,3.04,917,96,373,991
123,2003,2003-08-17,6,0,0,5,3.02,3.02,923,96,373,996
124,2003,2003-08-19,13,1,5,8,3.03,3.03,936,97,378,1004
125,2003,2003-08-20,6,1,1,12,3.01,3.01,942,98,379,1016
126,2003,2003-08-21,9,1,1,8,3.0,3.0,951,99,380,1024
127,2003,2003-08-22,7,1,1,9,2.98,2.98,958,100,381,1033
128,2003,2003-08-23,11,1,4,5,2.99,2.99,969,101,385,1038
129,2003,2003-08-24,8,0,0,3,2.97,2.97,977,101,385,1041
130,2003,2003-08-26,17,2,18,8,3.09,3.09,994,103,403,1049
131,2003,2003-08-27,7,1,5,7,3.1,3.1,1001,104,408,1056
132,2003,2003-08-28,8,1,3,11,3.1,3.1,1009,105,411,1067
133,2003,2003-08-29,5,2,4,14,3.11,3.11,1014,107,415,1081
134,2003,2003-08-30,4,0,0,11,3.09,3.09,1018,107,415,1092
135,2003,2003-08-31,6,0,0,7,3.06,3.06,1024,107,415,1099
136,2003,2003-09-01,18,2,8,4,3.1,3.1,1042,109,423,1103
137,2003,2003-09-02,8,0,1,7,3.08,3.08,1050,109,424,1110
138,2003,2003-09-03,9,0,8,8,3.12,3.12,1059,109,432,1118
139,2003,2003-09-05,14,1,4,9,3.13,3.13,1073,110,436,1127
140,2003,2003-09-06,6,0,2,4,3.12,3.12,1079,110,438,1131
141,2003,2003-09-07,10,1,2,5,3.11,3.11,1089,111,440,1136
142,2003,2003-09-08,5,1,3,5,3.11,3.11,1094,112,443,1141
143,2003,2003-09-09,4,0,1,8,3.09,3.09,1098,112,444,1149
144,2003,2003-09-10,5,2,5,7,3.11,3.11,1103,114,449,1156
145,2003,2003-09-11,6,0,0,7,3.09,3.09,1109,114,449,1163
146,2003,2003-09-12,4,0,0,7,3.07,3.07,1113,114,449,1170
147,2003,2003-09-13,6,0,0,11,3.05,3.05,1119,114,449,1181
148,2003,2003-09-14,5,2,2,10,3.04,3.04,1124,116,451,1191
149,2003,2003-09-16,7,0,3,9,3.04,3.04,1131,116,454,1200
150,2003,2003-09-17,5,2,2,6,3.03,3.03,1136,118,456,1206
151,2003,2003-09-18,7,0,0,6,3.01,3.01,1143,118,456,1212
152,2003,2003-09-19,11,1,4,7,3.02,3.02,1154,119,460,1219
153,2003,2003-09-20,13,0,6,5,3.04,3.04,1167,119,466,1224
154,2003,2003-09-21,9,1,5,7,3.05,3.05,1176,120,471,1231
155,2003,2003-09-22,16,1,9,9,3.09,3.09,1192,121,480,1240
156,2003,2003-09-23,5,0,1,6,3.08,3.08,1197,121,481,1246
157,2003,2003-09-24,7,0,1,8,3.06,3.06,1204,121,482,1254
158,2003,2003-09-25,8,1,6,8,3.08,3.08,1212,122,488,1262
159,2003,2003-09-26,13,2,9,4,3.12,3.12,1225,124,497,1266
160,2003,,2,0,0,10,3.1,3.1,1227,124,497,1276
161,2003,,13,1,5,3,3.12,3.12,1240,125,502,1279
162,2003,2003-09-28,14,2,9,10,3.16,3.16,1254,127,511,1289
1,2004,2004-04-05,12,2,8,2,8.0,8.0,12,2,8,2
2,2004,2004-04-06,13,1,4,6,6.0,6.0,25,3,12,8
3,2004,2004-04-07,10,0,1,8,4.03,4.03,35,3,13,16
4,2004,2004-04-09,5,1,1,10,3.32,3.32,40,4,14,26
5,2004,2004-04-10,9,1,4,13,3.45,3.45,49,5,18,39
6,2004,2004-04-11,9,2,4,13,3.54,3.54,58,7,22,52
7,2004,2004-04-13,10,0,8,5,4.22,4.22,68,7,30,57
8,2004,2004-04-14,7,0,4,4,4.19,4.19,75,7,34,61
9,2004,2004-04-15,10,2,5,0,4.28,4.28,85,9,39,61
10,2004,2004-04-16,3,1,2,10,4.05,4.05,88,10,41,71
11,2004,2004-04-17,8,2,4,5,4.05,4.05,96,12,45,76
12,2004,2004-04-18,12,2,6,5,4.21,4.21,108,14,51,81
13,2004,2004-04-20,8,3,7,4,4.46,4.46,116,17,58,85
14,2004,2004-04-21,10,1,4,6,4.43,4.43,126,18,62,91
15,2004,2004-04-22,9,2,5,5,4.57,4.57,135,20,67,96
16,2004,2004-04-23,8,0,4,9,4.44,4.44,143,20,71,105
17,2004,2004-04-24,8,1,5,8,4.47,4.47,151,21,76,113
18,2004,2004-04-25,4,0,0,4,4.22,4.22,155,21,76,117
19,2004,2004-04-27,13,3,9,7,4.47,4.47,168,24,85,124
20,2004,2004-04-28,9,1,2,6,4.35,4.35,177,25,87,130
21,2004,2004-04-29,10,2,6,9,4.43,4.43,187,27,93,139
22,2004,2004-04-30,9,0,4,2,4.41,4.41,196,27,97,141
23,2004,2004-05-01,7,1,4,7,4.39,4.39,203,28,101,148
24,2004,2004-05-02,12,3,6,7,4.46,4.46,215,31,107,155
25,2004,2004-05-04,12,0,3,9,4.36,4.36,227,31,110,164
26,2004,2004-05-05,6,0,2,4,4.29,4.29,233,31,112,168
27,2004,2004-05-06,7,0,2,3,4.2,4.2,240,31,114,171
28,2004,2004-05-07,1,0,0,6,4.06,4.06,241,31,114,177
29,2004,2004-05-08,9,2,3,8,4.02,4.02,250,33,117,185
30,2004,2004-05-09,10,0,7,6,4.04,4.04,260,33,124,191
31,2004,2004-05-11,8,0,3,9,4.01,4.01,268,33,127,200
32,2004,2004-05-12,5,0,0,9,3.89,3.89,273,33,127,209
33,2004,2004-05-13,14,0,7,7,3.98,3.98,287,33,134,216
34,2004,2004-05-14,3,0,2,8,3.92,3.92,290,33,136,224
35,2004,2004-05-15,6,1,3,5,3.9,3.9,296,34,139,229
36,2004,2004-05-16,12,0,6,9,3.95,3.95,308,34,145,238
37,2004,2004-05-18,11,5,8,6,4.07,4.07,319,39,153,244
38,2004,2004-05-19,11,1,9,5,4.21,4.21,330,40,162,249
39,2004,2004-05-20,8,1,3,7,4.19,4.19,338,41,165,256
40,2004,2004-05-21,6,1,2,6,4.15,4.15,344,42,167,262
41,2004,2004-05-22,8,2,4,11,4.15,4.15,352,44,171,273
42,2004,2004-05-23,10,2,5,9,4.18,4.18,362,46,176,282
43,2004,2004-05-25,9,0,2,11,4.13,4.13,371,46,178,293
44,2004,2004-05-26,7,1,1,8,4.04,4.04,378,47,179,301
45,2004,2004-05-27,5,1,1,10,3.98,3.98,383,48,180,311
46,2004,2004-05-28,8,2,6,8,4.02,4.02,391,50,186,319
47,2004,2004-05-29,3,0,0,10,3.94,3.94,394,50,186,329
48,2004,2004-05-30,4,0,0,6,3.86,3.86,398,50,186,335
49,2004,2004-05-31,8,1,2,11,3.81,3.81,406,51,188,346
50,2004,2004-06-01,9,1,3,7,3.79,3.79,415,52,191,353
51,2004,2004-06-02,6,1,2,7,3.76,3.76,421,53,193,360
52,2004,2004-06-04,7,0,3,5,3.75,3.75,428,53,196,365
53,2004,2004-06-05,10,0,3,2,3.73,3.73,438,53,199,367
54,2004,2004-06-06,13,0,6,4,3.78,3.78,451,53,205,371
55,2004,2004-06-08,10,1,7,6,3.85,3.85,461,54,212,377
56,2004,2004-06-09,7,1,4,2,3.86,3.86,468,55,216,379
57,2004,2004-06-10,6,1,1,5,3.81,3.81,474,56,217,384
58,2004,2004-06-11,7,1,2,7,3.78,3.78,481,57,219,391
59,2004,2004-06-12,5,1,5,12,3.8,3.8,486,58,224,403
60,2004,2004-06-13,6,0,4,5,3.81,3.81,492,58,228,408
61,2004,2004-06-15,5,1,1,7,3.77,3.77,497,59,229,415
62,2004,2004-06-16,8,1,3,10,3.76,3.76,505,60,232,425
63,2004,2004-06-17,10,0,3,7,3.74,3.74,515,60,235,432
64,2004,2004-06-18,8,0,3,10,3.73,3.73,523,60,238,442
65,2004,2004-06-19,7,1,5,3,3.75,3.75,530,61,243,445
66,2004,2004-06-20,9,3,4,4,3.76,3.76,539,64,247,449
67,2004,2004-06-21,9,0,3,4,3.75,3.75,548,64,250,453
68,2004,2004-06-22,16,0,11,4,3.86,3.86,564,64,261,457
69,2004,2004-06-23,7,0,3,5,3.85,3.85,571,64,264,462
70,2004,2004-06-24,12,1,9,7,3.93,3.93,583,65,273,469
71,2004,2004-06-25,22,4,13,4,4.06,4.06,605,69,286,473
72,2004,2004-06-26,8,3,7,10,4.1,4.1,613,72,293,483
73,2004,2004-06-27,7,0,3,4,4.09,4.09,620,72,296,487
74,2004,2004-06-29,8,0,1,3,4.05,4.05,628,72,297,490
75,2004,2004-06-30,10,3,7,7,4.09,4.09,638,75,304,497
76,2004,2004-07-01,7,2,4,6,4.08,4.08,645,77,308,503
77,2004,2004-07-02,9,0,7,4,4.13,4.13,654,77,315,507
78,2004,2004-07-03,6,2,5,3,4.14,4.14,660,79,320,510
79,2004,2004-07-04,9,0,2,4,4.11,4.11,669,79,322,514
80,2004,2004-07-05,10,1,5,7,4.12,4.12,679,80,327,521
81,2004,2004-07-06,8,1,1,7,4.08,4.08,687,81,328,528
82,2004,2004-07-07,1,0,0,5,4.03,4.03,688,81,328,533
83,2004,2004-07-08,5,1,2,5,4.0,4.0,693,82,330,538
84,2004,2004-07-09,7,1,3,7,3.99,3.99,700,83,333,545
85,2004,2004-07-10,3,0,1,6,3.96,3.96,703,83,334,551
86,2004,2004-07-11,7,2,4,7,3.96,3.96,710,85,338,558
87,2004,2004-07-15,8,0,3,14,3.95,3.95,718,85,341,572
88,2004,2004-07-16,6,0,2,3,3.92,3.92,724,85,343,575
89,2004,2004-07-17,14,1,3,7,3.91,3.91,738,86,346,582
90,2004,2004-07-18,12,2,3,4,3.9,3.9,750,88,349,586
91,2004,2004-07-19,6,1,5,5,3.92,3.92,756,89,354,591
92,2004,2004-07-20,9,2,4,5,3.92,3.92,765,91,358,596
93,2004,2004-07-21,8,1,6,6,3.94,3.94,773,92,364,602
94,2004,2004-07-22,6,1,2,6,3.92,3.92,779,93,366,608
95,2004,2004-07-23,6,2,2,7,3.9,3.9,785,95,368,615
96,2004,2004-07-24,7,0,1,6,3.87,3.87,792,95,369,621
97,2004,2004-07-25,8,2,3,7,3.86,3.86,800,97,372,628
98,2004,2004-07-26,11,3,7,4,3.89,3.89,811,100,379,632
99,2004,2004-07-27,15,3,7,8,3.93,3.93,826,103,386,640
100,2004,2004-07-28,11,1,5,8,3.94,3.94,837,104,391,648
101,2004,2004-07-29,4,1,2,10,3.92,3.92,841,105,393,658
102,2004,2004-07-30,8,0,3,6,3.91,3.91,849,105,396,664
103,2004,2004-07-31,7,0,3,8,3.91,3.91,856,105,399,672
104,2004,2004-08-01,8,0,1,7,3.87,3.87,864,105,400,679
105,2004,2004-08-03,4,0,2,5,3.85,3.85,868,105,402,684
106,2004,2004-08-04,6,0,1,5,3.82,3.82,874,105,403,689
107,2004,2004-08-05,6,1,3,6,3.82,3.82,880,106,406,695
108,2004,2004-08-06,15,4,5,14,3.82,3.82,895,110,411,709
109,2004,2004-08-07,9,2,3,6,3.81,3.81,904,112,414,715
110,2004,2004-08-08,8,1,4,6,3.81,3.81,912,113,418,721
111,2004,2004-08-10,5,1,2,4,3.8,3.8,917,114,420,725
112,2004,2004-08-11,5,0,1,7,3.77,3.77,922,114,421,732
113,2004,2004-08-12,11,1,6,6,3.79,3.79,933,115,427,738
114,2004,2004-08-13,6,0,1,4,3.77,3.77,939,115,428,742
115,2004,2004-08-14,7,1,2,3,3.76,3.76,946,116,430,745
116,2004,2004-08-15,10,3,5,10,3.77,3.77,956,119,435,755
117,2004,2004-08-16,7,1,3,6,3.76,3.76,963,120,438,761
118,2004,2004-08-17,7,0,0,7,3.73,3.73,970,120,438,768
119,2004,2004-08-18,10,0,5,3,3.74,3.74,980,120,443,771
120,2004,2004-08-19,8,1,6,6,3.76,3.76,988,121,449,777
121,2004,2004-08-20,10,0,2,8,3.74,3.74,998,121,451,785
122,2004,2004-08-21,13,1,4,4,3.74,3.74,1011,122,455,789
123,2004,2004-08-22,19,1,10,8,3.79,3.79,1030,123,465,797
124,2004,2004-08-23,11,3,8,4,3.83,3.83,1041,126,473,801
125,2004,2004-08-24,8,0,2,7,3.81,3.81,1049,126,475,808
126,2004,2004-08-25,10,4,6,2,3.83,3.83,1059,130,481,810
127,2004,2004-08-26,8,1,3,4,3.83,3.83,1067,131,484,814
128,2004,2004-08-27,14,1,9,10,3.87,3.87,1081,132,493,824
129,2004,2004-08-28,4,1,2,8,3.86,3.86,1085,133,495,832
130,2004,2004-08-29,6,2,2,4,3.84,3.84,1091,135,497,836
131,2004,2004-08-31,8,0,1,16,3.81,3.81,1099,135,498,852
132,2004,2004-09-01,6,0,3,9,3.8,3.8,1105,135,501,861
133,2004,2004-09-02,11,2,4,12,3.81,3.81,1116,137,505,873
134,2004,2004-09-03,7,2,3,6,3.8,3.8,1123,139,508,879
135,2004,2004-09-04,2,1,3,6,3.8,3.8,1125,140,511,885
136,2004,2004-09-05,10,1,6,9,3.81,3.81,1135,141,517,894
137,2004,2004-09-07,7,0,2,10,3.8,3.8,1142,141,519,904
138,2004,2004-09-08,7,3,5,8,3.81,3.81,1149,144,524,912
139,2004,2004-09-09,6,1,3,7,3.8,3.8,1155,145,527,919
140,2004,2004-09-10,10,2,6,7,3.82,3.82,1165,147,533,926
141,2004,2004-09-11,9,1,5,7,3.83,3.83,1174,148,538,933
142,2004,2004-09-12,12,2,7,5,3.85,3.85,1186,150,545,938
143,2004,2004-09-13,13,3,9,9,3.89,3.89,1199,153,554,947
144,2004,2004-09-14,11,2,2,4,3.87,3.87,1210,155,556,951
145,2004,2004-09-15,13,2,7,6,3.89,3.89,1223,157,563,957
146,2004,2004-09-16,9,1,3,3,3.89,3.89,1232,158,566,960
147,2004,2004-09-17,12,1,6,13,3.9,3.9,1244,159,572,973
148,2004,2004-09-18,16,0,8,3,3.93,3.93,1260,159,580,976
149,2004,2004-09-19,9,1,6,7,3.94,3.94,1269,160,586,983
150,2004,2004-09-21,13,3,9,3,3.98,3.98,1282,163,595,986
151,2004,2004-09-22,6,1,3,4,3.98,3.98,1288,164,598,990
152,2004,2004-09-23,10,0,6,6,3.99,3.99,1298,164,604,996
153,2004,2004-09-24,3,2,2,5,3.98,3.98,1301,166,606,1001
154,2004,2004-09-25,11,2,9,8,4.01,4.01,1312,168,615,1009
155,2004,2004-09-26,11,1,3,8,4.01,4.01,1323,169,618,1017
156,2004,2004-09-27,11,2,7,8,4.03,4.03,1334,171,625,1025
157,2004,2004-09-28,5,0,1,11,4.01,4.01,1339,171,626,1036
158,2004,2004-09-29,7,0,4,8,4.01,4.01,1346,171,630,1044
159,2004,2004-09-30,11,0,2,6,3.99,3.99,1357,171,632,1050
160,2004,2004-10-01,8,1,4,5,3.99,3.99,1365,172,636,1055
161,2004,2004-10-02,6,1,3,5,3.98,3.98,1371,173,639,1060
162,2004,2004-10-03,15,5,8,6,4.01,4.01,1386,178,647,1066
1,2005,2005-04-05,10,1,3,7,3.38,3.38,10,1,3,7
2,2005,2005-04-06,9,1,3,4,3.18,3.18,19,2,6,11
3,2005,2005-04-07,5,0,0,3,2.08,2.08,24,2,6,14
4,2005,2005-04-08,7,3,7,2,3.34,3.34,31,5,13,16
5,2005,2005-04-09,19,4,10,4,4.5,4.5,50,9,23,20
6,2005,2005-04-10,8,2,4,5,4.5,4.5,58,11,27,25
7,2005,2005-04-12,16,1,8,7,5.0,5.0,74,12,35,32
8,2005,2005-04-13,5,0,1,6,4.5,4.5,79,12,36,38
9,2005,2005-04-15,3,0,0,5,4.0,4.0,82,12,36,43
10,2005,2005-04-16,6,0,3,3,3.9,3.9,88,12,39,46
11,2005,2005-04-17,5,0,0,7,3.55,3.55,93,12,39,53
12,2005,2005-04-18,3,0,2,5,3.42,3.42,96,12,41,58
13,2005,2005-04-19,8,1,6,5,3.58,3.58,104,13,47,63
14,2005,2005-04-20,7,0,0,6,3.3,3.3,111,13,47,69
15,2005,2005-04-21,15,0,6,7,3.51,3.51,126,13,53,76
16,2005,2005-04-22,16,1,9,2,3.88,3.88,142,14,62,78
17,2005,2005-04-23,11,1,7,2,4.09,4.09,153,15,69,80
18,2005,2005-04-24,11,1,6,5,4.19,4.19,164,16,75,85
19,2005,2005-04-25,11,0,4,8,4.18,4.18,175,16,79,93
20,2005,2005-04-26,5,2,3,4,4.12,4.12,180,18,82,97
21,2005,2005-04-27,8,0,6,10,4.21,4.21,188,18,88,107
22,2005,2005-04-29,7,0,3,9,4.16,4.16,195,18,91,116
23,2005,2005-04-30,7,1,2,6,4.06,4.06,202,19,93,122
24,2005,2005-05-01,6,0,1,7,3.93,3.93,208,19,94,129
25,2005,2005-05-02,13,1,6,6,4.02,4.02,221,20,100,135
26,2005,2005-05-03,11,0,2,10,3.94,3.94,232,20,102,145
27,2005,2005-05-04,10,1,5,7,3.98,3.98,242,21,107,152
28,2005,2005-05-06,8,1,6,5,4.05,4.05,250,22,113,157
29,2005,2005-05-07,11,1,9,4,4.24,4.24,261,23,122,161
30,2005,2005-05-08,9,2,3,10,4.2,4.2,270,25,125,171
31,2005,2005-05-09,8,2,4,6,4.21,4.21,278,27,129,177
32,2005,2005-05-10,14,3,8,3,4.33,4.33,292,30,137,180
33,2005,2005-05-11,19,0,9,6,4.48,4.48,311,30,146,186
34,2005,2005-05-12,13,0,6,9,4.54,4.54,324,30,152,195
35,2005,2005-05-13,7,1,4,10,4.53,4.53,331,31,156,205
36,2005,2005-05-14,9,4,5,10,4.54,4.54,340,35,161,215
37,2005,2005-05-15,6,3,5,7,4.55,4.55,346,38,166,222
38,2005,2005-05-16,16,2,6,7,4.59,4.59,362,40,172,229
39,2005,2005-05-17,7,1,5,9,4.6,4.6,369,41,177,238
40,2005,2005-05-18,13,3,8,1,4.69,4.69,382,44,185,239
41,2005,2005-05-20,9,1,9,4,4.8,4.8,391,45,194,243
42,2005,2005-05-21,8,1,3,3,4.75,4.75,399,46,197,246
43,2005,2005-05-22,9,1,2,9,4.69,4.69,408,47,199,255
44,2005,2005-05-24,11,2,5,5,4.71,4.71,419,49,204,260
45,2005,2005-05-25,12,4,10,4,4.84,4.84,431,53,214,264
46,2005,2005-05-26,10,1,4,6,4.82,4.82,441,54,218,270
47,2005,2005-05-27,8,2,4,7,4.8,4.8,449,56,222,277
48,2005,2005-05-28,5,1,4,8,4.8,4.8,454,57,226,285
49,2005,2005-05-29,9,1,3,6,4.76,4.76,463,58,229,291
50,2005,2005-05-30,10,3,5,5,4.76,4.76,473,61,234,296
51,2005,2005-05-31,10,0,2,6,4.7,4.7,483,61,236,302
52,2005,2005-06-01,16,2,9,6,4.78,4.78,499,63,245,308
53,2005,2005-06-02,9,0,4,10,4.77,4.77,508,63,249,318
54,2005,2005-06-03,6,2,7,8,4.81,4.81,514,65,256,326
55,2005,2005-06-04,6,0,1,8,4.74,4.74,520,65,257,334
56,2005,2005-06-05,14,1,6,9,4.76,4.76,534,66,263,343
57,2005,2005-06-06,5,0,1,6,4.7,4.7,539,66,264,349
58,2005,2005-06-07,13,3,8,4,4.75,4.75,552,69,272,353
59,2005,2005-06-08,2,1,1,10,4.69,4.69,554,70,273,363
60,2005,2005-06-10,9,1,5,6,4.69,4.69,563,71,278,369
61,2005,2005-06-11,10,2,5,5,4.7,4.7,573,73,283,374
62,2005,2005-06-12,7,0,3,11,4.67,4.67,580,73,286,385
63,2005,2005-06-14,7,2,3,7,4.65,4.65,587,75,289,392
64,2005,2005-06-15,8,0,3,8,4.63,4.63,595,75,292,400
65,2005,2005-06-16,15,0,4,2,4.63,4.63,610,75,296,402
66,2005,2005-06-17,6,2,6,8,4.66,4.66,616,77,302,410
67,2005,2005-06-18,6,1,4,7,4.65,4.65,622,78,306,417
68,2005,2005-06-19,6,0,2,5,4.62,4.62,628,78,308,422
69,2005,2005-06-20,7,0,1,5,4.58,4.58,635,78,309,427
70,2005,2005-06-21,9,0,2,6,4.55,4.55,644,78,311,433
71,2005,2005-06-22,8,1,4,8,4.54,4.54,652,79,315,441
72,2005,2005-06-23,7,1,3,6,4.51,4.51,659,80,318,447
73,2005,2005-06-24,8,2,5,2,4.52,4.52,667,82,323,449
74,2005,2005-06-25,4,0,3,2,4.51,4.51,671,82,326,451
75,2005,2005-06-26,10,0,5,5,4.52,4.52,681,82,331,456
76,2005,2005-06-27,6,2,3,6,4.5,4.5,687,84,334,462
77,2005,2005-06-28,12,0,6,5,4.52,4.52,699,84,340,467
78,2005,2005-06-29,8,0,2,5,4.49,4.49,707,84,342,472
79,2005,2005-07-01,3,0,0,7,4.43,4.43,710,84,342,479
80,2005,2005-07-02,12,4,7,5,4.46,4.46,722,88,349,484
81,2005,2005-07-03,12,2,10,7,4.53,4.53,734,90,359,491
82,2005,2005-07-04,7,0,2,7,4.49,4.49,741,90,361,498
83,2005,2005-07-05,12,2,6,6,4.51,4.51,753,92,367,504
84,2005,2005-07-06,13,0,4,5,4.51,4.51,766,92,371,509
85,2005,2005-07-07,7,3,6,3,4.53,4.53,773,95,377,512
86,2005,2005-07-08,10,0,3,3,4.52,4.52,783,95,380,515
87,2005,2005-07-09,7,1,4,5,4.52,4.52,790,96,384,520
88,2005,2005-07-10,9,1,5,6,4.53,4.53,799,97,389,526
89,2005,2005-07-14,7,1,1,1,4.49,4.49,806,98,390,527
90,2005,2005-07-15,15,2,6,7,4.51,4.51,821,100,396,534
91,2005,2005-07-16,9,0,4,6,4.5,4.5,830,100,400,540
92,2005,2005-07-17,9,2,4,5,4.49,4.49,839,102,404,545
93,2005,2005-07-19,11,2,5,10,4.5,4.5,850,104,409,555
94,2005,2005-07-20,7,1,0,6,4.45,4.45,857,105,409,561
95,2005,2005-07-21,4,0,0,9,4.4,4.4,861,105,409,570
96,2005,2005-07-22,8,2,5,2,4.41,4.41,869,107,414,572
97,2005,2005-07-23,12,0,7,4,4.44,4.44,881,107,421,576
98,2005,2005-07-24,12,1,6,5,4.46,4.46,893,108,427,581
99,2005,2005-07-25,1,0,0,5,4.42,4.42,894,108,427,586
100,2005,2005-07-26,11,2,3,4,4.4,4.4,905,110,430,590
101,2005,2005-07-27,13,2,7,11,4.43,4.43,918,112,437,601
102,2005,2005-07-28,7,2,6,8,4.44,4.44,925,114,443,609
103,2005,2005-07-29,13,1,4,7,4.44,4.44,938,115,447,616
104,2005,2005-07-30,14,3,9,8,4.49,4.49,952,118,456,624
105,2005,2005-07-31,9,2,7,7,4.5,4.5,961,120,463,631
106,2005,2005-08-02,9,0,3,9,4.49,4.49,970,120,466,640
107,2005,2005-08-03,8,2,3,4,4.48,4.48,978,122,469,644
108,2005,2005-08-04,11,1,7,8,4.5,4.5,989,123,476,652
109,2005,2005-08-05,9,1,4,8,4.5,4.5,998,124,480,660
110,2005,2005-08-06,15,1,8,7,4.54,4.54,1013,125,488,667
111,2005,2005-08-07,9,0,4,5,4.53,4.53,1022,125,492,672
112,2005,2005-08-09,12,2,8,8,4.56,4.56,1034,127,500,680
113,2005,2005-08-10,9,2,7,4,4.59,4.59,1043,129,507,684
114,2005,2005-08-11,5,0,1,10,4.55,4.55,1048,129,508,694
115,2005,2005-08-12,10,2,6,4,4.56,4.56,1058,131,514,698
116,2005,2005-08-13,8,2,3,8,4.55,4.55,1066,133,517,706
117,2005,2005-08-14,10,0,1,9,4.52,4.52,1076,133,518,715
118,2005,2005-08-16,6,3,3,7,4.5,4.5,1082,136,521,722
119,2005,2005-08-17,16,2,10,9,4.56,4.56,1098,138,531,731
120,2005,2005-08-18,10,2,3,9,4.54,4.54,1108,140,534,740
121,2005,2005-08-19,4,0,3,7,4.53,4.53,1112,140,537,747
122,2005,2005-08-20,9,2,6,4,4.55,4.55,1121,142,543,751
123,2005,2005-08-21,11,0,7,7,4.57,4.57,1132,142,550,758
124,2005,2005-08-22,9,0,5,5,4.58,4.58,1141,142,555,763
125,2005,2005-08-23,7,1,2,6,4.56,4.56,1148,143,557,769
126,2005,2005-08-24,6,0,2,9,4.54,4.54,1154,143,559,778
127,2005,2005-08-25,5,3,5,11,4.54,4.54,1159,146,564,789
128,2005,2005-08-26,8,1,2,5,4.52,4.52,1167,147,566,794
129,2005,2005-08-27,8,1,3,8,4.51,4.51,1175,148,569,802
130,2005,2005-08-28,8,0,0,10,4.47,4.47,1183,148,569,812
131,2005,2005-08-29,11,4,6,4,4.48,4.48,1194,152,575,816
132,2005,2005-08-30,11,1,6,4,4.5,4.5,1205,153,581,820
133,2005,2005-08-31,1,0,0,7,4.47,4.47,1206,153,581,827
134,2005,2005-09-02,13,3,11,6,4.52,4.52,1219,156,592,833
135,2005,2005-09-03,14,2,10,3,4.56,4.56,1233,158,602,836
136,2005,2005-09-04,11,1,7,6,4.58,4.58,1244,159,609,842
137,2005,2005-09-05,7,0,1,10,4.55,4.55,1251,159,610,852
138,2005,2005-09-06,9,0,2,7,4.53,4.53,1260,159,612,859
139,2005,2005-09-07,10,2,8,6,4.56,4.56,1270,161,620,865
140,2005,2005-09-09,7,1,3,5,4.55,4.55,1277,162,623,870
141,2005,2005-09-10,7,0,1,5,4.52,4.52,1284,162,624,875
142,2005,2005-09-11,6,0,3,9,4.51,4.51,1290,162,627,884
143,2005,2005-09-12,3,0,0,9,4.48,4.48,1293,162,627,893
144,2005,2005-09-13,6,0,5,5,4.48,4.48,1299,162,632,898
145,2005,2005-09-14,12,2,7,5,4.5,4.5,1311,164,639,903
146,2005,2005-09-15,4,1,1,5,4.47,4.47,1315,165,640,908
147,2005,2005-09-16,8,2,5,6,4.48,4.48,1323,167,645,914
148,2005,2005-09-17,5,1,2,4,4.47,4.47,1328,168,647,918
149,2005,2005-09-18,10,3,5,1,4.47,4.47,1338,171,652,919
150,2005,2005-09-20,9,0,4,10,4.47,4.47,1347,171,656,929
151,2005,2005-09-21,6,1,3,7,4.47,4.47,1353,172,659,936
152,2005,2005-09-22,13,2,7,10,4.48,4.48,1366,174,666,946
153,2005,2005-09-23,5,2,3,9,4.47,4.47,1371,176,669,955
154,2005,2005-09-24,13,1,8,9,4.49,4.49,1384,177,677,964
155,2005,2005-09-25,7,1,2,6,4.47,4.47,1391,178,679,970
156,2005,2005-09-26,7,1,2,3,4.46,4.46,1398,179,681,973
157,2005,2005-09-27,6,1,2,3,4.44,4.44,1404,180,683,976
158,2005,2005-09-28,7,2,4,11,4.44,4.44,1411,182,687,987
159,2005,2005-09-29,6,0,3,8,4.43,4.43,1417,182,690,995
160,2005,2005-09-30,5,0,2,3,4.42,4.42,1422,182,692,998
161,2005,2005-10-01,3,0,1,3,4.39,4.39,1425,182,693,1001
162,2005,2005-10-02,9,0,2,3,4.38,4.38,1434,182,695,1004
1,2006,2006-04-03,12,3,10,4,10.0,10.0,12,3,10,4
2,2006,2006-04-04,9,2,4,13,7.0,7.0,21,5,14,17
3,2006,2006-04-05,13,1,9,7,7.67,7.67,34,6,23,24
4,2006,2006-04-07,9,2,3,10,6.5,6.5,43,8,26,34
5,2006,,7,1,3,1,5.84,5.84,50,9,29,35
6,2006,,7,0,2,6,5.2,5.2,57,9,31,41
7,2006,2006-04-10,14,0,3,8,4.88,4.88,71,9,34,49
8,2006,2006-04-11,9,4,7,7,5.22,5.22,80,13,41,56
9,2006,2006-04-12,14,4,9,5,5.72,5.72,94,17,50,61
10,2006,2006-04-13,9,1,3,7,5.44,5.44,103,18,53,68
11,2006,2006-04-14,4,1,2,7,5.12,5.12,107,19,55,75
12,2006,2006-04-15,5,0,1,2,4.77,4.77,112,19,56,77
13,2006,2006-04-16,9,0,2,6,4.55,4.55,121,19,58,83
14,2006,2006-04-17,7,1,3,5,4.44,4.44,128,20,61,88
15,2006,2006-04-18,5,0,1,10,4.21,4.21,133,20,62,98
16,2006,2006-04-19,13,0,2,9,4.07,4.07,146,20,64,107
17,2006,2006-04-21,8,0,3,9,4.0,4.0,154,20,67,116
18,2006,2006-04-22,13,1,5,4,4.06,4.06,167,21,72,120
19,2006,2006-04-23,7,0,3,5,4.0,4.0,174,21,75,125
20,2006,2006-04-24,6,1,2,7,3.9,3.9,180,22,77,132
21,2006,2006-04-25,9,0,4,4,3.81,3.81,189,22,81,136
22,2006,2006-04-26,13,1,7,9,3.97,3.97,202,23,88,145
23,2006,2006-04-28,2,0,0,6,3.8,3.8,204,23,88,151
24,2006,2006-04-29,5,0,2,5,3.73,3.73,209,23,90,156
25,2006,2006-04-30,7,0,6,7,3.81,3.81,216,23,96,163
26,2006,2006-05-01,9,0,3,2,3.8,3.8,225,23,99,165
27,2006,2006-05-02,15,2,10,5,4.04,4.04,240,25,109,170
28,2006,2006-05-03,17,3,11,5,4.29,4.29,257,28,120,175
29,2006,2006-05-04,8,1,3,13,4.25,4.25,265,29,123,188
30,2006,2006-05-05,10,1,3,7,4.21,4.21,275,30,126,195
31,2006,2006-05-06,10,0,4,6,4.2,4.2,285,30,130,201
32,2006,2006-05-07,8,1,2,3,4.13,4.13,293,31,132,204
33,2006,2006-05-09,14,3,7,7,4.22,4.22,307,34,139,211
34,2006,2006-05-10,8,1,6,6,4.27,4.27,315,35,145,217
35,2006,2006-05-11,6,0,2,3,4.2,4.2,321,35,147,220
36,2006,2006-05-12,4,1,1,6,4.12,4.12,325,36,148,226
37,2006,2006-05-13,9,0,4,3,4.12,4.12,334,36,152,229
38,2006,2006-05-14,6,1,3,3,4.09,4.09,340,37,155,232
39,2006,2006-05-15,6,2,3,4,4.06,4.06,346,39,158,236
40,2006,2006-05-16,10,1,5,3,4.09,4.09,356,40,163,239
41,2006,2006-05-17,9,0,2,9,4.04,4.04,365,40,165,248
42,2006,2006-05-19,10,1,3,6,4.02,4.02,375,41,168,254
43,2006,2006-05-20,10,1,4,8,4.02,4.02,385,42,172,262
44,2006,2006-05-21,4,0,0,9,3.93,3.93,389,42,172,271
45,2006,2006-05-22,8,0,0,4,3.84,3.84,397,42,172,275
46,2006,2006-05-23,7,1,1,10,3.78,3.78,404,43,173,285
47,2006,2006-05-24,4,0,0,7,3.7,3.7,408,43,173,292
48,2006,2006-05-26,16,1,10,5,3.84,3.84,424,44,183,297
49,2006,2006-05-27,8,0,1,5,3.78,3.78,432,44,184,302
50,2006,2006-05-28,16,4,9,9,3.89,3.89,448,48,193,311
51,2006,2006-05-29,11,0,5,3,3.91,3.91,459,48,198,314
52,2006,2006-05-30,9,1,3,6,3.9,3.9,468,49,201,320
53,2006,2006-05-31,10,2,6,7,3.94,3.94,478,51,207,327
54,2006,2006-06-01,8,0,2,6,3.91,3.91,486,51,209,333
55,2006,2006-06-02,11,2,8,9,3.98,3.98,497,53,217,342
56,2006,2006-06-03,2,0,2,14,3.95,3.95,499,53,219,356
57,2006,2006-06-04,10,1,5,6,3.97,3.97,509,54,224,362
58,2006,2006-06-05,10,2,4,4,3.97,3.97,519,56,228,366
59,2006,2006-06-06,8,0,5,9,3.98,3.98,527,56,233,375
60,2006,2006-06-07,14,1,9,11,4.07,4.07,541,57,242,386
61,2006,2006-06-09,5,0,0,6,4.0,4.0,546,57,242,392
62,2006,2006-06-10,12,2,12,6,4.14,4.14,558,59,254,398
63,2006,2006-06-11,12,1,5,7,4.15,4.15,570,60,259,405
64,2006,2006-06-13,10,2,5,1,4.17,4.17,580,62,264,406
65,2006,2006-06-14,8,1,5,8,4.19,4.19,588,63,269,414
66,2006,2006-06-15,7,1,3,7,4.18,4.18,595,64,272,421
67,2006,2006-06-16,13,1,7,5,4.22,4.22,608,65,279,426
68,2006,2006-06-17,10,0,5,13,4.18,4.18,618,65,284,439
69,2006,2006-06-18,12,0,5,4,4.2,4.2,630,65,289,443
70,2006,2006-06-20,13,2,8,5,4.26,4.26,643,67,297,448
71,2006,2006-06-21,14,3,8,4,4.31,4.31,657,70,305,452
72,2006,2006-06-22,7,2,2,6,4.28,4.28,664,72,307,458
73,2006,2006-06-23,7,1,4,5,4.27,4.27,671,73,311,463
74,2006,2006-06-24,7,0,0,8,4.22,4.22,678,73,311,471
75,2006,2006-06-25,7,1,4,9,4.21,4.21,685,74,315,480
76,2006,2006-06-26,12,0,8,3,4.27,4.27,697,74,323,483
77,2006,2006-06-27,15,0,9,4,4.34,4.34,712,74,332,487
78,2006,2006-06-28,13,1,6,3,4.36,4.36,725,75,338,490
79,2006,2006-06-30,8,0,1,6,4.32,4.32,733,75,339,496
80,2006,2006-07-01,13,2,4,3,4.32,4.32,746,77,343,499
81,2006,2006-07-02,7,1,2,7,4.3,4.3,753,78,345,506
82,2006,2006-07-03,11,0,4,6,4.3,4.3,764,78,349,512
83,2006,2006-07-04,9,1,3,6,4.28,4.28,773,79,352,518
84,2006,2006-07-05,10,1,4,8,4.28,4.28,783,80,356,526
85,2006,2006-07-06,10,0,5,6,4.29,4.29,793,80,361,532
86,2006,2006-07-07,9,2,6,8,4.31,4.31,802,82,367,540
87,2006,2006-07-08,13,3,11,3,4.38,4.38,815,85,378,543
88,2006,2006-07-09,6,0,1,9,4.35,4.35,821,85,379,552
89,2006,2006-07-13,10,2,3,7,4.31,4.31,831,87,382,559
90,2006,2006-07-14,12,2,5,6,4.32,4.32,843,89,387,565
91,2006,2006-07-15,8,1,2,6,4.29,4.29,851,90,389,571
92,2006,2006-07-16,15,1,10,7,4.36,4.36,866,91,399,578
93,2006,2006-07-17,12,1,8,8,4.4,4.4,878,92,407,586
94,2006,2006-07-18,8,0,1,6,4.37,4.37,886,92,408,592
95,2006,2006-07-19,14,2,8,6,4.41,4.41,900,94,416,598
96,2006,2006-07-20,9,1,5,3,4.42,4.42,909,95,421,601
97,2006,2006-07-21,8,1,2,5,4.4,4.4,917,96,423,606
98,2006,2006-07-22,9,3,6,2,4.41,4.41,926,99,429,608
99,2006,2006-07-23,8,2,5,5,4.42,4.42,934,101,434,613
100,2006,2006-07-24,12,1,5,11,4.41,4.41,946,102,439,624
101,2006,2006-07-25,12,1,7,5,4.44,4.44,958,103,446,629
102,2006,2006-07-26,15,2,10,6,4.5,4.5,973,105,456,635
103,2006,2006-07-28,7,0,1,6,4.46,4.46,980,105,457,641
104,2006,2006-07-29,10,1,5,12,4.47,4.47,990,106,462,653
105,2006,2006-07-30,7,0,3,4,4.45,4.45,997,106,465,657
106,2006,2006-08-01,10,2,4,3,4.45,4.45,1007,108,469,660
107,2006,2006-08-02,4,3,3,13,4.43,4.43,1011,111,472,673
108,2006,2006-08-03,2,0,0,8,4.39,4.39,1013,111,472,681
109,2006,2006-08-04,6,0,2,6,4.37,4.37,1019,111,474,687
110,2006,2006-08-05,8,0,2,12,4.35,4.35,1027,111,476,699
111,2006,2006-08-06,8,0,3,7,4.34,4.34,1035,111,479,706
112,2006,2006-08-07,5,2,2,6,4.32,4.32,1040,113,481,712
113,2006,2006-08-08,8,0,2,8,4.3,4.3,1048,113,483,720
114,2006,2006-08-09,7,1,3,6,4.28,4.28,1055,114,486,726
115,2006,2006-08-10,8,1,3,10,4.27,4.27,1063,115,489,736
116,2006,2006-08-11,10,0,2,5,4.25,4.25,1073,115,491,741
117,2006,2006-08-12,10,0,4,10,4.25,4.25,1083,115,495,751
118,2006,2006-08-13,3,0,0,4,4.21,4.21,1086,115,495,755
119,2006,2006-08-14,7,1,2,5,4.19,4.19,1093,116,497,760
120,2006,2006-08-15,3,0,0,11,4.16,4.16,1096,116,497,771
121,2006,2006-08-16,16,3,14,3,4.24,4.24,1112,119,511,774
122,2006,2006-08-18,8,3,7,4,4.27,4.27,1120,122,518,778
123,2006,2006-08-19,8,2,5,8,4.27,4.27,1128,124,523,786
124,2006,2006-08-20,5,0,1,9,4.24,4.24,1133,124,524,795
125,2006,2006-08-21,9,0,3,5,4.24,4.24,1142,124,527,800
126,2006,2006-08-22,5,0,1,6,4.22,4.22,1147,124,528,806
127,2006,2006-08-23,13,1,7,7,4.24,4.24,1160,125,535,813
128,2006,2006-08-25,20,1,6,8,4.24,4.24,1180,126,541,821
129,2006,2006-08-26,10,0,3,5,4.23,4.23,1190,126,544,826
130,2006,2006-08-27,11,0,3,2,4.22,4.22,1201,126,547,828
131,2006,2006-08-28,10,1,5,7,4.22,4.22,1211,127,552,835
132,2006,2006-08-29,17,2,5,9,4.2,4.2,1228,129,557,844
133,2006,2006-08-30,10,1,3,6,4.19,4.19,1238,130,560,850
134,2006,2006-09-01,10,0,3,4,4.19,4.19,1248,130,563,854
135,2006,2006-09-02,10,0,4,7,4.18,4.18,1258,130,567,861
136,2006,2006-09-03,17,3,10,7,4.23,4.23,1275,133,577,868
137,2006,2006-09-04,13,0,6,7,4.24,4.24,1288,133,583,875
138,2006,2006-09-05,14,2,7,5,4.27,4.27,1302,135,590,880
139,2006,2006-09-06,3,0,0,3,4.24,4.24,1305,135,590,883
140,2006,2006-09-07,12,2,7,4,4.26,4.26,1317,137,597,887
141,2006,2006-09-08,4,0,0,8,4.23,4.23,1321,137,597,895
142,2006,2006-09-09,7,1,3,4,4.22,4.22,1328,138,600,899
143,2006,2006-09-10,3,1,1,6,4.2,4.2,1331,139,601,905
144,2006,2006-09-12,15,0,8,5,4.22,4.22,1346,139,609,910
145,2006,2006-09-13,7,0,0,7,4.19,4.19,1353,139,609,917
146,2006,2006-09-14,11,1,6,9,4.21,4.21,1364,140,615,926
147,2006,2006-09-15,2,0,0,5,4.18,4.18,1366,140,615,931
148,2006,2006-09-16,13,3,11,11,4.23,4.23,1379,143,626,942
149,2006,2006-09-17,10,1,2,11,4.21,4.21,1389,144,628,953
150,2006,2006-09-18,15,0,10,9,4.25,4.25,1404,144,638,962
151,2006,2006-09-19,11,2,7,15,4.26,4.26,1415,146,645,977
152,2006,2006-09-20,12,1,6,12,4.28,4.28,1427,147,651,989
153,2006,2006-09-21,9,0,2,10,4.26,4.26,1436,147,653,999
154,2006,2006-09-22,8,0,0,5,4.23,4.23,1444,147,653,1004
155,2006,2006-09-23,17,1,8,10,4.26,4.26,1461,148,661,1014
156,2006,2006-09-24,5,0,0,13,4.23,4.23,1466,148,661,1027
157,2006,2006-09-26,9,2,4,3,4.23,4.23,1475,150,665,1030
158,2006,2006-09-27,11,0,4,8,4.23,4.23,1486,150,669,1038
159,2006,2006-09-28,16,1,10,7,4.26,4.26,1502,151,679,1045
160,2006,2006-09-29,12,0,3,12,4.26,4.26,1514,151,682,1057
161,2006,2006-09-30,3,1,2,7,4.24,4.24,1517,152,684,1064
162,2006,2006-10-01,7,0,2,4,4.23,4.23,1524,152,686,1068
1,2007,2007-04-02,10,1,7,8,7.88,7.88,10,1,7,8
2,2007,2007-04-03,8,2,4,9,6.19,6.19,18,3,11,17
3,2007,2007-04-04,12,1,4,7,5.4,5.4,30,4,15,24
4,2007,2007-04-06,12,0,1,3,4.24,4.24,42,4,16,27
5,2007,2007-04-07,5,0,1,1,3.56,3.56,47,4,17,28
6,2007,2007-04-08,9,1,4,5,3.63,3.63,56,5,21,33
7,2007,2007-04-09,11,1,5,10,3.84,3.84,67,6,26,43
8,2007,2007-04-10,4,0,1,13,3.47,3.47,71,6,27,56
9,2007,2007-04-11,2,0,0,6,3.08,3.08,73,6,27,62
10,2007,2007-04-13,7,0,1,8,2.86,2.86,80,6,28,70
11,2007,2007-04-14,10,2,6,9,3.15,3.15,90,8,34,79
12,2007,2007-04-15,6,1,3,10,3.14,3.14,96,9,37,89
13,2007,2007-04-16,6,0,1,2,2.97,2.97,102,9,38,91
14,2007,2007-04-17,11,0,2,5,2.9,2.9,113,9,40,96
15,2007,2007-04-18,13,0,6,5,3.14,3.14,126,9,46,101
16,2007,2007-04-19,5,0,1,4,3.0,3.0,131,9,47,105
17,2007,2007-04-20,8,0,2,12,2.94,2.94,139,9,49,117
18,2007,2007-04-21,9,0,2,6,2.87,2.87,148,9,51,123
19,2007,2007-04-22,11,1,5,8,2.98,2.98,159,10,56,131
20,2007,2007-04-24,11,1,4,5,3.03,3.03,170,11,60,136
21,2007,2007-04-25,8,2,6,10,3.18,3.18,178,13,66,146
22,2007,2007-04-26,11,0,5,3,3.26,3.26,189,13,71,149
23,2007,2007-04-27,8,1,4,11,3.29,3.29,197,14,75,160
24,2007,2007-04-28,6,0,3,2,3.3,3.3,203,14,78,162
25,2007,2007-04-29,9,0,4,12,3.21,3.21,212,14,82,174
26,2007,2007-04-30,17,2,9,11,3.43,3.43,229,16,91,185
27,2007,2007-05-01,5,0,1,5,3.34,3.34,234,16,92,190
28,2007,2007-05-02,5,0,1,12,3.26,3.26,239,16,93,202
29,2007,2007-05-04,8,0,4,5,3.29,3.29,247,16,97,207
30,2007,2007-05-05,7,0,2,9,3.25,3.25,254,16,99,216
31,2007,2007-05-06,11,0,6,12,3.35,3.35,265,16,105,228
32,2007,2007-05-07,6,1,1,15,3.28,3.28,271,17,106,243
33,2007,2007-05-08,9,2,4,6,3.31,3.31,280,19,110,249
34,2007,2007-05-09,7,1,3,9,3.3,3.3,287,20,113,258
35,2007,2007-05-10,5,1,2,6,3.27,3.27,292,21,115,264
36,2007,2007-05-11,5,0,0,13,3.18,3.18,297,21,115,277
37,2007,2007-05-12,6,0,3,8,3.17,3.17,303,21,118,285
38,2007,2007-05-13,8,1,4,7,3.19,3.19,311,22,122,292
39,2007,2007-05-14,13,1,8,6,3.32,3.32,324,23,130,298
40,2007,2007-05-15,12,0,7,6,3.41,3.41,336,23,137,304
41,2007,2007-05-16,12,0,3,11,3.4,3.4,348,23,140,315
42,2007,2007-05-18,11,0,9,3,3.54,3.54,359,23,149,318
43,2007,2007-05-19,10,1,5,3,3.58,3.58,369,24,154,321
44,2007,2007-05-20,9,0,3,6,3.58,3.58,378,24,157,327
45,2007,2007-05-21,13,3,9,10,3.7,3.7,391,27,166,337
46,2007,2007-05-22,4,0,2,7,3.66,3.66,395,27,168,344
47,2007,2007-05-23,8,0,1,7,3.61,3.61,403,27,169,351
48,2007,2007-05-25,13,0,7,8,3.68,3.68,416,27,176,359
49,2007,2007-05-26,10,2,4,8,3.68,3.68,426,29,180,367
50,2007,2007-05-27,7,0,1,8,3.61,3.61,433,29,181,375
51,2007,2007-05-29,5,0,0,8,3.54,3.54,438,29,181,383
52,2007,2007-05-30,4,0,0,7,3.48,3.48,442,29,181,390
53,2007,2007-05-31,14,2,10,8,3.61,3.61,456,31,191,398
54,2007,2007-06-01,9,1,4,11,3.61,3.61,465,32,195,409
55,2007,2007-06-02,8,1,3,9,3.61,3.61,473,33,198,418
56,2007,2007-06-03,10,2,4,7,3.62,3.62,483,35,202,425
57,2007,2007-06-04,5,2,5,6,3.64,3.64,488,37,207,431
58,2007,2007-06-05,2,0,1,6,3.6,3.6,490,37,208,437
59,2007,2007-06-06,9,0,5,11,3.63,3.63,499,37,213,448
60,2007,2007-06-07,9,0,5,12,3.66,3.66,508,37,218,460
61,2007,2007-06-08,8,1,3,8,3.64,3.64,516,38,221,468
62,2007,2007-06-09,4,1,1,3,3.6,3.6,520,39,222,471
63,2007,2007-06-10,16,2,11,11,3.72,3.72,536,41,233,482
64,2007,2007-06-11,9,0,3,7,3.71,3.71,545,41,236,489
65,2007,2007-06-12,5,0,1,8,3.66,3.66,550,41,237,497
66,2007,2007-06-13,8,0,1,10,3.62,3.62,558,41,238,507
67,2007,2007-06-15,6,0,1,14,3.58,3.58,564,41,239,521
68,2007,2007-06-16,8,0,3,4,3.58,3.58,572,41,242,525
69,2007,2007-06-17,16,1,10,7,3.67,3.67,588,42,252,532
70,2007,2007-06-19,6,0,1,8,3.63,3.63,594,42,253,540
71,2007,2007-06-20,10,3,12,5,3.76,3.76,604,45,265,545
72,2007,2007-06-21,5,1,4,7,3.76,3.76,609,46,269,552
73,2007,2007-06-22,7,1,3,9,3.75,3.75,616,47,272,561
74,2007,2007-06-23,10,2,4,6,3.76,3.76,626,49,276,567
75,2007,2007-06-24,11,1,8,10,3.82,3.82,637,50,284,577
76,2007,2007-06-25,5,0,1,4,3.78,3.78,642,50,285,581
77,2007,2007-06-26,8,3,5,8,3.79,3.79,650,53,290,589
78,2007,2007-06-27,6,0,1,6,3.76,3.76,656,53,291,595
79,2007,2007-06-28,9,0,5,7,3.78,3.78,665,53,296,602
80,2007,2007-06-29,9,1,6,7,3.81,3.81,674,54,302,609
81,2007,2007-06-30,9,0,3,10,3.78,3.78,683,54,305,619
82,2007,2007-07-01,5,0,0,10,3.73,3.73,688,54,305,629
83,2007,2007-07-02,11,0,2,8,3.71,3.71,699,54,307,637
84,2007,2007-07-03,6,1,6,4,3.74,3.74,705,55,313,641
85,2007,2007-07-04,11,1,5,8,3.76,3.76,716,56,318,649
86,2007,2007-07-05,13,3,8,9,3.81,3.81,729,59,326,658
87,2007,2007-07-06,11,2,6,14,3.83,3.83,740,61,332,672
88,2007,2007-07-07,12,3,5,7,3.84,3.84,752,64,337,679
89,2007,2007-07-08,8,0,3,8,3.83,3.83,760,64,340,687
90,2007,2007-07-13,7,0,0,3,3.79,3.79,767,64,340,690
91,2007,2007-07-14,13,1,6,11,3.8,3.8,780,65,346,701
92,2007,2007-07-15,9,0,1,6,3.77,3.77,789,65,347,707
93,2007,2007-07-16,7,0,3,10,3.76,3.76,796,65,350,717
94,2007,2007-07-17,26,4,14,3,3.87,3.87,822,69,364,720
95,2007,2007-07-18,8,1,4,8,3.87,3.87,830,70,368,728
96,2007,2007-07-19,16,3,12,4,3.95,3.95,846,73,380,732
97,2007,2007-07-20,8,1,2,4,3.93,3.93,854,74,382,736
98,2007,2007-07-21,8,2,5,8,3.94,3.94,862,76,387,744
99,2007,2007-07-22,11,0,4,8,3.94,3.94,873,76,391,752
100,2007,2007-07-23,5,1,2,6,3.92,3.92,878,77,393,758
101,2007,2007-07-24,8,1,7,4,3.96,3.96,886,78,400,762
102,2007,2007-07-25,6,2,2,5,3.94,3.94,892,80,402,767
103,2007,2007-07-26,7,0,4,6,3.94,3.94,899,80,406,773
104,2007,2007-07-28,9,3,6,7,3.97,3.97,908,83,412,780
105,2007,2007-07-29,12,2,9,8,4.02,4.02,920,85,421,788
106,2007,2007-07-31,10,0,3,3,4.01,4.01,930,85,424,791
107,2007,2007-08-01,8,0,4,4,4.01,4.01,938,85,428,795
108,2007,2007-08-02,7,0,4,3,4.01,4.01,945,85,432,798
109,2007,2007-08-03,5,1,1,10,3.98,3.98,950,86,433,808
110,2007,2007-08-04,10,2,6,8,4.0,4.0,960,88,439,816
111,2007,2007-08-05,6,0,3,7,3.99,3.99,966,88,442,823
112,2007,2007-08-07,8,1,4,7,3.99,3.99,974,89,446,830
113,2007,2007-08-08,8,0,1,5,3.97,3.97,982,89,447,835
114,2007,2007-08-09,11,1,4,6,3.96,3.96,993,90,451,841
115,2007,2007-08-10,7,0,1,9,3.94,3.94,1000,90,452,850
116,2007,2007-08-11,9,2,4,6,3.94,3.94,1009,92,456,856
117,2007,2007-08-12,18,2,12,5,4.02,4.02,1027,94,468,861
118,2007,2007-08-13,7,1,4,13,4.02,4.02,1034,95,472,874
119,2007,2007-08-14,10,0,7,9,4.04,4.04,1044,95,479,883
120,2007,2007-08-15,11,0,3,10,4.03,4.03,1055,95,482,893
121,2007,2007-08-16,6,0,2,3,4.01,4.01,1061,95,484,896
122,2007,2007-08-17,6,1,4,13,4.01,4.01,1067,96,488,909
123,2007,2007-08-18,17,1,7,14,4.02,4.02,1084,97,495,923
124,2007,2007-08-19,4,1,3,9,4.01,4.01,1088,98,498,932
125,2007,2007-08-21,9,1,4,4,4.02,4.02,1097,99,502,936
126,2007,2007-08-22,6,1,3,4,4.01,4.01,1103,100,505,940
127,2007,2007-08-23,5,1,2,10,3.99,3.99,1108,101,507,950
128,2007,2007-08-24,10,1,5,4,4.0,4.0,1118,102,512,954
129,2007,2007-08-25,7,0,4,7,4.01,4.01,1125,102,516,961
130,2007,2007-08-26,9,0,2,7,3.99,3.99,1134,102,518,968
131,2007,2007-08-27,8,3,4,9,3.99,3.99,1142,105,522,977
132,2007,2007-08-28,8,1,3,8,3.98,3.98,1150,106,525,985
133,2007,2007-08-29,16,1,9,5,4.01,4.01,1166,107,534,990
134,2007,2007-08-31,12,0,6,6,4.03,4.03,1178,107,540,996
135,2007,2007-09-01,8,2,6,6,4.05,4.05,1186,109,546,1002
136,2007,2007-09-02,6,0,0,12,4.02,4.02,1192,109,546,1014
137,2007,2007-09-03,10,1,3,5,4.01,4.01,1202,110,549,1019
138,2007,2007-09-04,8,0,1,2,3.99,3.99,1210,110,550,1021
139,2007,2007-09-05,13,1,7,7,4.01,4.01,1223,111,557,1028
140,2007,2007-09-06,7,2,4,8,4.01,4.01,1230,113,561,1036
141,2007,2007-09-07,9,2,2,6,4.0,4.0,1239,115,563,1042
142,2007,2007-09-08,4,0,2,5,3.99,3.99,1243,115,565,1047
143,2007,2007-09-09,9,1,4,3,3.99,3.99,1252,116,569,1050
144,2007,2007-09-11,10,4,9,8,4.03,4.03,1262,120,578,1058
145,2007,2007-09-12,8,0,1,8,4.0,4.0,1270,120,579,1066
146,2007,2007-09-13,4,2,3,6,4.0,4.0,1274,122,582,1072
147,2007,2007-09-14,8,1,3,10,3.99,3.99,1282,123,585,1082
148,2007,2007-09-15,6,1,2,8,3.98,3.98,1288,124,587,1090
149,2007,2007-09-16,6,1,6,6,3.99,3.99,1294,125,593,1096
150,2007,,7,0,3,7,3.99,3.99,1301,125,596,1103
151,2007,,15,3,9,6,4.02,4.02,1316,128,605,1109
152,2007,2007-09-19,11,4,5,3,4.03,4.03,1327,132,610,1112
153,2007,2007-09-20,14,2,9,11,4.07,4.07,1341,134,619,1123
154,2007,2007-09-21,13,3,12,4,4.12,4.12,1354,137,631,1127
155,2007,2007-09-22,12,2,6,6,4.14,4.14,1366,139,637,1133
156,2007,2007-09-23,5,0,1,9,4.12,4.12,1371,139,638,1142
157,2007,2007-09-25,14,1,9,9,4.15,4.15,1385,140,647,1151
158,2007,2007-09-26,5,0,2,10,4.13,4.13,1390,140,649,1161
159,2007,2007-09-27,15,3,10,7,4.17,4.17,1405,143,659,1168
160,2007,2007-09-28,9,0,2,5,4.16,4.16,1414,143,661,1173
161,2007,2007-09-29,11,1,5,4,4.16,4.16,1425,144,666,1177
162,2007,2007-09-30,18,2,11,7,4.2,4.2,1443,146,677,1184
1,2008,2008-03-31,5,0,0,4,0.0,0.0,5,0,0,4
2,2008,2008-04-01,10,0,2,9,1.0,1.0,15,0,2,13
3,2008,2008-04-02,7,0,2,8,1.33,1.33,22,0,4,21
4,2008,2008-04-04,4,1,1,6,1.25,1.25,26,1,5,27
5,2008,2008-04-05,10,0,4,4,1.84,1.84,36,1,9,31
6,2008,2008-04-06,6,0,1,7,1.7,1.7,42,1,10,38
7,2008,2008-04-07,12,4,9,4,2.8,2.8,54,5,19,42
8,2008,2008-04-08,12,1,9,9,3.65,3.65,66,6,28,51
9,2008,2008-04-09,11,0,2,6,3.51,3.51,77,6,30,57
10,2008,2008-04-11,16,0,7,4,3.87,3.87,93,6,37,61
11,2008,2008-04-12,4,0,1,6,3.6,3.6,97,6,38,67
12,2008,2008-04-13,6,0,1,14,3.38,3.38,103,6,39,81
13,2008,2008-04-14,12,2,6,6,3.58,3.58,115,8,45,87
14,2008,2008-04-15,5,0,2,8,3.47,3.47,120,8,47,95
15,2008,2008-04-16,6,0,0,7,3.23,3.23,126,8,47,102
16,2008,2008-04-18,11,2,4,4,3.3,3.3,137,10,51,106
17,2008,2008-04-19,8,0,4,10,3.37,3.37,145,10,55,116
18,2008,2008-04-20,14,2,6,7,3.54,3.54,159,12,61,123
19,2008,2008-04-21,9,2,3,4,3.51,3.51,168,14,64,127
20,2008,2008-04-22,15,2,8,4,3.77,3.77,183,16,72,131
21,2008,2008-04-23,10,1,3,7,3.73,3.73,193,17,75,138
22,2008,2008-04-24,7,1,5,15,3.79,3.79,200,18,80,153
23,2008,2008-04-25,14,0,6,6,3.81,3.81,214,18,86,159
24,2008,2008-04-26,5,1,3,4,3.78,3.78,219,19,89,163
25,2008,2008-04-27,9,0,2,2,3.69,3.69,228,19,91,165
26,2008,2008-04-29,9,1,3,8,3.66,3.66,237,20,94,173
27,2008,2008-04-30,5,0,1,12,3.56,3.56,242,20,95,185
28,2008,2008-05-01,5,1,3,7,3.54,3.54,247,21,98,192
29,2008,2008-05-02,6,1,3,1,3.52,3.52,253,22,101,193
30,2008,2008-05-03,11,2,7,8,3.64,3.64,264,24,108,201
31,2008,2008-05-04,9,0,7,5,3.76,3.76,273,24,115,206
32,2008,2008-05-05,5,0,1,8,3.68,3.68,278,24,116,214
33,2008,2008-05-06,11,1,2,12,3.62,3.62,289,25,118,226
34,2008,2008-05-07,13,1,12,7,3.87,3.87,302,26,130,233
35,2008,2008-05-09,12,1,7,6,3.96,3.96,314,27,137,239
36,2008,2008-05-10,9,0,4,5,3.97,3.97,323,27,141,244
37,2008,2008-05-11,10,0,8,7,4.08,4.08,333,27,149,251
38,2008,2008-05-13,10,1,5,7,4.11,4.11,343,28,154,258
39,2008,2008-05-14,6,0,4,10,4.11,4.11,349,28,158,268
40,2008,2008-05-15,6,1,2,5,4.06,4.06,355,29,160,273
41,2008,2008-05-16,8,0,3,5,4.04,4.04,363,29,163,278
42,2008,2008-05-17,8,0,2,7,3.99,3.99,371,29,165,285
43,2008,2008-05-18,14,2,10,7,4.14,4.14,385,31,175,292
44,2008,2008-05-19,10,1,5,7,4.16,4.16,395,32,180,299
45,2008,2008-05-20,6,0,1,8,4.09,4.09,401,32,181,307
46,2008,2008-05-21,5,0,2,4,4.05,4.05,406,32,183,311
47,2008,2008-05-23,6,1,2,7,4.0,4.0,412,33,185,318
48,2008,2008-05-24,4,0,4,7,4.0,4.0,416,33,189,325
49,2008,2008-05-25,7,0,2,16,3.95,3.95,423,33,191,341
50,2008,2008-05-26,7,2,3,11,3.94,3.94,430,35,194,352
51,2008,2008-05-27,11,0,1,3,3.89,3.89,441,35,195,355
52,2008,2008-05-28,7,0,2,8,3.85,3.85,448,35,197,363
53,2008,2008-05-29,13,2,7,3,3.92,3.92,461,37,204,366
54,2008,2008-05-30,7,1,5,7,3.94,3.94,468,38,209,373
55,2008,2008-05-31,8,1,3,5,3.93,3.93,476,39,212,378
56,2008,2008-06-01,10,2,6,4,3.98,3.98,486,41,218,382
57,2008,2008-06-02,7,0,2,6,3.94,3.94,493,41,220,388
58,2008,2008-06-03,8,1,3,5,3.93,3.93,501,42,223,393
59,2008,2008-06-04,8,1,2,11,3.89,3.89,509,43,225,404
60,2008,2008-06-05,11,2,5,12,3.91,3.91,520,45,230,416
61,2008,2008-06-06,4,0,0,11,3.85,3.85,524,45,230,427
62,2008,2008-06-07,6,1,3,7,3.83,3.83,530,46,233,434
63,2008,2008-06-08,8,1,3,8,3.82,3.82,538,47,236,442
64,2008,2008-06-10,9,0,2,11,3.79,3.79,547,47,238,453
65,2008,2008-06-11,8,2,4,5,3.8,3.8,555,49,242,458
66,2008,2008-06-12,12,2,9,8,3.89,3.89,567,51,251,466
67,2008,2008-06-13,9,2,4,6,3.89,3.89,576,53,255,472
68,2008,2008-06-14,15,2,9,5,3.98,3.98,591,55,264,477
69,2008,2008-06-15,14,2,5,6,4.0,4.0,605,57,269,483
70,2008,2008-06-17,6,0,1,12,3.96,3.96,611,57,270,495
71,2008,2008-06-18,7,1,1,10,3.91,3.91,618,58,271,505
72,2008,2008-06-19,9,0,1,8,3.87,3.87,627,58,272,513
73,2008,2008-06-20,9,1,6,13,3.9,3.9,636,59,278,526
74,2008,2008-06-21,11,1,7,16,3.93,3.93,647,60,285,542
75,2008,2008-06-22,9,0,3,8,3.91,3.91,656,60,288,550
76,2008,2008-06-24,11,1,6,9,3.94,3.94,667,61,294,559
77,2008,2008-06-25,4,0,0,3,3.89,3.89,671,61,294,562
78,2008,2008-06-26,7,0,2,8,3.86,3.86,678,61,296,570
79,2008,2008-06-27,4,0,0,14,3.81,3.81,682,61,296,584
80,2008,2008-06-28,5,0,0,10,3.77,3.77,687,61,296,594
81,2008,2008-06-29,6,0,1,9,3.73,3.73,693,61,297,603
82,2008,2008-06-30,6,1,4,3,3.74,3.74,699,62,301,606
83,2008,2008-07-01,10,1,6,7,3.76,3.76,709,63,307,613
84,2008,2008-07-02,6,1,1,3,3.72,3.72,715,64,308,616
85,2008,2008-07-03,8,0,0,5,3.68,3.68,723,64,308,621
86,2008,2008-07-04,11,0,5,5,3.7,3.7,734,64,313,626
87,2008,2008-07-05,7,0,5,9,3.72,3.72,741,64,318,635
88,2008,2008-07-06,10,1,2,8,3.7,3.7,751,65,320,643
89,2008,2008-07-07,1,0,0,6,3.65,3.65,752,65,320,649
90,2008,2008-07-08,12,3,8,11,3.7,3.7,764,68,328,660
91,2008,2008-07-09,2,1,1,5,3.67,3.67,766,69,329,665
92,2008,2008-07-10,13,2,4,8,3.67,3.67,779,71,333,673
93,2008,2008-07-11,6,2,3,7,3.66,3.66,785,73,336,680
94,2008,2008-07-12,10,1,5,10,3.67,3.67,795,74,341,690
95,2008,2008-07-13,5,0,1,15,3.64,3.64,800,74,342,705
96,2008,2008-07-18,15,0,6,9,3.65,3.65,815,74,348,714
97,2008,2008-07-19,8,1,3,6,3.65,3.65,823,75,351,720
98,2008,2008-07-20,8,0,5,12,3.66,3.66,831,75,356,732
99,2008,2008-07-21,20,1,10,7,3.73,3.73,851,76,366,739
100,2008,2008-07-22,18,2,10,6,3.8,3.8,869,78,376,745
101,2008,2008-07-23,11,0,5,5,3.81,3.81,880,78,381,750
102,2008,2008-07-25,5,0,2,5,3.79,3.79,885,78,383,755
103,2008,2008-07-26,2,0,0,5,3.76,3.76,887,78,383,760
104,2008,2008-07-27,5,0,0,9,3.72,3.72,892,78,383,769
105,2008,2008-07-28,9,0,7,9,3.75,3.75,901,78,390,778
106,2008,2008-07-29,5,0,0,8,3.72,3.72,906,78,390,786
107,2008,2008-07-30,5,0,0,8,3.68,3.68,911,78,390,794
108,2008,2008-07-31,8,0,2,10,3.67,3.67,919,78,392,804
109,2008,2008-08-01,7,1,2,5,3.65,3.65,926,79,394,809
110,2008,2008-08-02,5,1,2,8,3.64,3.64,931,80,396,817
111,2008,2008-08-03,8,1,3,6,3.63,3.63,939,81,399,823
112,2008,2008-08-05,15,2,6,7,3.65,3.65,954,83,405,830
113,2008,2008-08-06,17,2,9,5,3.7,3.7,971,85,414,835
114,2008,2008-08-07,4,0,1,10,3.67,3.67,975,85,415,845
115,2008,2008-08-08,3,1,2,3,3.66,3.66,978,86,417,848
116,2008,2008-08-09,11,0,3,5,3.65,3.65,989,86,420,853
117,2008,2008-08-10,14,0,3,8,3.65,3.65,1003,86,423,861
118,2008,2008-08-11,10,0,6,8,3.67,3.67,1013,86,429,869
119,2008,2008-08-12,6,1,3,11,3.66,3.66,1019,87,432,880
120,2008,2008-08-13,7,3,6,12,3.68,3.68,1026,90,438,892
121,2008,2008-08-14,2,0,1,9,3.66,3.66,1028,90,439,901
122,2008,2008-08-15,7,1,3,7,3.65,3.65,1035,91,442,908
123,2008,2008-08-16,11,1,4,7,3.65,3.65,1046,92,446,915
124,2008,2008-08-17,12,2,1,8,3.63,3.63,1058,94,447,923
125,2008,2008-08-19,10,3,8,4,3.67,3.67,1068,97,455,927
126,2008,2008-08-20,8,1,3,7,3.66,3.66,1076,98,458,934
127,2008,2008-08-21,6,0,1,12,3.64,3.64,1082,98,459,946
128,2008,2008-08-22,10,3,8,5,3.68,3.68,1092,101,467,951
129,2008,2008-08-23,10,1,9,10,3.72,3.72,1102,102,476,961
130,2008,2008-08-24,7,1,5,8,3.73,3.73,1109,103,481,969
131,2008,2008-08-25,10,0,5,4,3.74,3.74,1119,103,486,973
132,2008,2008-08-26,6,1,2,6,3.73,3.73,1125,104,488,979
133,2008,2008-08-27,9,1,3,4,3.73,3.73,1134,105,491,983
134,2008,2008-08-28,13,3,11,6,3.79,3.79,1147,108,502,989
135,2008,2008-08-29,10,0,6,8,3.81,3.81,1157,108,508,997
136,2008,2008-08-30,10,0,2,11,3.79,3.79,1167,108,510,1008
137,2008,2008-08-31,5,1,1,9,3.77,3.77,1172,109,511,1017
138,2008,2008-09-01,7,0,2,9,3.76,3.76,1179,109,513,1026
139,2008,2008-09-02,6,0,4,7,3.76,3.76,1185,109,517,1033
140,2008,2008-09-03,11,1,4,5,3.76,3.76,1196,110,521,1038
141,2008,2008-09-05,2,0,0,6,3.74,3.74,1198,110,521,1044
142,2008,2008-09-06,6,0,2,13,3.72,3.72,1204,110,523,1057
143,2008,2008-09-07,10,2,3,11,3.72,3.72,1214,112,526,1068
144,2008,2008-09-08,8,1,4,6,3.72,3.72,1222,113,530,1074
145,2008,2008-09-09,9,0,2,7,3.71,3.71,1231,113,532,1081
146,2008,2008-09-10,5,0,2,5,3.7,3.7,1236,113,534,1086
147,2008,2008-09-12,7,1,2,6,3.69,3.69,1243,114,536,1092
148,2008,2008-09-13,5,0,1,13,3.67,3.67,1248,114,537,1105
149,2008,2008-09-14,6,0,1,5,3.65,3.65,1254,114,538,1110
150,2008,2008-09-15,5,1,2,4,3.64,3.64,1259,115,540,1114
151,2008,2008-09-16,7,0,2,5,3.63,3.63,1266,115,542,1119
152,2008,2008-09-17,15,3,12,11,3.69,3.69,1281,118,554,1130
153,2008,2008-09-18,8,0,3,9,3.67,3.67,1289,118,557,1139
154,2008,2008-09-19,12,1,7,3,3.7,3.7,1301,119,564,1142
155,2008,2008-09-20,13,0,5,9,3.7,3.7,1314,119,569,1151
156,2008,2008-09-21,9,0,1,11,3.68,3.68,1323,119,570,1162
157,2008,2008-09-23,12,0,1,6,3.66,3.66,1335,119,571,1168
158,2008,2008-09-24,10,0,4,11,3.67,3.67,1345,119,575,1179
159,2008,2008-09-25,10,2,7,11,3.69,3.69,1355,121,582,1190
160,2008,2008-09-26,12,1,5,5,3.69,3.69,1367,122,587,1195
161,2008,2008-09-27,4,1,1,5,3.68,3.68,1371,123,588,1200
162,2008,2008-09-28,10,0,3,5,3.68,3.68,1381,123,591,1205
1,2009,2009-04-06,5,0,1,5,1.0,1.0,5,0,1,5
2,2009,2009-04-07,6,0,4,4,2.65,2.65,11,0,5,9
3,2009,2009-04-08,3,0,2,8,2.42,2.42,14,0,7,17
4,2009,2009-04-09,7,1,4,10,2.91,2.91,21,1,11,27
5,2009,2009-04-10,10,1,9,3,4.29,4.29,31,2,20,30
6,2009,2009-04-11,6,0,2,8,3.88,3.88,37,2,22,38
7,2009,2009-04-12,3,0,1,7,3.45,3.45,40,2,23,45
8,2009,2009-04-13,6,0,1,11,3.13,3.13,46,2,24,56
9,2009,2009-04-15,4,2,4,16,3.23,3.23,50,4,28,72
10,2009,2009-04-16,9,0,2,3,3.1,3.1,59,4,30,75
11,2009,2009-04-17,6,1,3,13,3.09,3.09,65,5,33,88
12,2009,2009-04-18,7,1,5,9,3.26,3.26,72,6,38,97
13,2009,2009-04-19,8,2,2,5,3.16,3.16,80,8,40,102
14,2009,2009-04-21,11,1,8,5,3.54,3.54,91,9,48,107
15,2009,2009-04-22,11,2,6,6,3.74,3.74,102,11,54,113
16,2009,2009-04-23,4,0,0,7,3.5,3.5,106,11,54,120
17,2009,2009-04-24,9,1,5,6,3.59,3.59,115,12,59,126
18,2009,2009-04-25,5,1,5,3,3.67,3.67,120,13,64,129
19,2009,2009-04-26,11,2,10,6,4.04,4.04,131,15,74,135
20,2009,2009-04-27,7,0,2,7,3.95,3.95,138,15,76,142
21,2009,2009-04-28,8,0,2,10,3.86,3.86,146,15,78,152
22,2009,2009-04-29,15,1,9,8,4.12,4.12,161,16,87,160
23,2009,2009-04-30,8,0,5,8,4.16,4.16,169,16,92,168
24,2009,2009-05-01,4,0,0,6,3.98,3.98,173,16,92,174
25,2009,2009-05-02,3,1,1,5,3.84,3.84,176,17,93,179
26,2009,2009-05-03,6,2,3,9,3.81,3.81,182,19,96,188
27,2009,2009-05-04,6,1,2,8,3.74,3.74,188,20,98,196
28,2009,2009-05-05,7,0,1,12,3.64,3.64,195,20,99,208
29,2009,2009-05-06,6,1,3,9,3.61,3.61,201,21,102,217
30,2009,2009-05-07,18,1,11,9,3.87,3.87,219,22,113,226
31,2009,2009-05-08,10,0,3,7,3.84,3.84,229,22,116,233
32,2009,2009-05-09,4,0,0,5,3.72,3.72,233,22,116,238
33,2009,2009-05-10,14,0,7,9,3.77,3.77,247,22,123,247
34,2009,2009-05-12,6,0,5,6,3.81,3.81,253,22,128,253
35,2009,2009-05-13,5,2,2,9,3.76,3.76,258,24,130,262
36,2009,2009-05-14,5,0,3,13,3.73,3.73,263,24,133,275
37,2009,2009-05-15,7,1,4,8,3.74,3.74,270,25,137,283
38,2009,2009-05-16,8,1,4,5,3.75,3.75,278,26,141,288
39,2009,2009-05-17,4,1,5,9,3.79,3.79,282,27,146,297
40,2009,2009-05-18,11,0,2,4,3.72,3.72,293,27,148,301
41,2009,2009-05-19,6,0,3,9,3.7,3.7,299,27,151,310
42,2009,2009-05-20,7,0,1,3,3.64,3.64,306,27,152,313
43,2009,2009-05-22,9,0,3,6,3.62,3.62,315,27,155,319
44,2009,2009-05-23,12,2,4,9,3.62,3.62,327,29,159,328
45,2009,2009-05-24,16,0,9,9,3.74,3.74,343,29,168,337
46,2009,2009-05-25,8,0,6,4,3.79,3.79,351,29,174,341
47,2009,2009-05-26,7,1,1,7,3.73,3.73,358,30,175,348
48,2009,2009-05-27,7,1,6,9,3.78,3.78,365,31,181,357
49,2009,2009-05-28,9,1,1,10,3.72,3.72,374,32,182,367
50,2009,2009-05-29,8,1,2,8,3.7,3.7,382,33,184,375
51,2009,2009-05-30,10,1,7,7,3.77,3.77,392,34,191,382
52,2009,2009-05-31,9,0,2,9,3.74,3.74,401,34,193,391
53,2009,2009-06-01,5,0,3,11,3.72,3.72,406,34,196,402
54,2009,2009-06-02,10,1,5,5,3.75,3.75,416,35,201,407
55,2009,2009-06-03,7,0,0,12,3.68,3.68,423,35,201,419
56,2009,2009-06-04,7,0,3,7,3.66,3.66,430,35,204,426
57,2009,2009-06-05,11,0,1,8,3.62,3.62,441,35,205,434
58,2009,2009-06-06,6,0,2,8,3.57,3.57,447,35,207,442
59,2009,2009-06-07,9,3,7,6,3.63,3.63,456,38,214,448
60,2009,2009-06-09,10,0,4,9,3.63,3.63,466,38,218,457
61,2009,2009-06-10,6,0,3,7,3.62,3.62,472,38,221,464
62,2009,2009-06-12,9,1,4,7,3.64,3.64,481,39,225,471
63,2009,2009-06-13,6,1,1,5,3.59,3.59,487,40,226,476
64,2009,2009-06-14,6,1,2,7,3.57,3.57,493,41,228,483
65,2009,2009-06-16,8,2,4,9,3.57,3.57,501,43,232,492
66,2009,2009-06-17,9,2,5,4,3.59,3.59,510,45,237,496
67,2009,2009-06-18,7,0,2,5,3.57,3.57,517,45,239,501
68,2009,2009-06-19,8,1,4,4,3.58,3.58,525,46,243,505
69,2009,2009-06-20,8,2,4,11,3.59,3.59,533,48,247,516
70,2009,2009-06-21,8,0,2,7,3.56,3.56,541,48,249,523
71,2009,2009-06-23,4,1,2,10,3.54,3.54,545,49,251,533
72,2009,2009-06-24,13,6,10,7,3.64,3.64,558,55,261,540
73,2009,2009-06-25,10,2,6,7,3.65,3.65,568,57,267,547
74,2009,2009-06-26,6,0,2,10,3.63,3.63,574,57,269,557
75,2009,2009-06-27,12,2,5,9,3.64,3.64,586,59,274,566
76,2009,2009-06-28,9,0,4,6,3.65,3.65,595,59,278,572
77,2009,2009-06-29,6,1,2,17,3.61,3.61,601,60,280,589
78,2009,2009-06-30,5,1,3,12,3.6,3.6,606,61,283,601
79,2009,2009-07-01,3,0,0,10,3.55,3.55,609,61,283,611
80,2009,2009-07-03,4,1,3,6,3.55,3.55,613,62,286,617
81,2009,2009-07-04,10,0,4,10,3.56,3.56,623,62,290,627
82,2009,2009-07-05,6,2,6,8,3.57,3.57,629,64,296,635
83,2009,2009-07-07,4,0,0,8,3.53,3.53,633,64,296,643
84,2009,2009-07-08,9,0,4,3,3.54,3.54,642,64,300,646
85,2009,2009-07-09,8,0,2,5,3.52,3.52,650,64,302,651
86,2009,2009-07-10,12,2,8,5,3.56,3.56,662,66,310,656
87,2009,2009-07-11,9,1,4,7,3.57,3.57,671,67,314,663
88,2009,2009-07-12,6,0,4,6,3.58,3.58,677,67,318,669
89,2009,2009-07-16,7,1,3,8,3.57,3.57,684,68,321,677
90,2009,2009-07-17,16,2,8,5,3.62,3.62,700,70,329,682
91,2009,2009-07-18,6,0,2,9,3.6,3.6,706,70,331,691
92,2009,2009-07-19,7,1,3,6,3.6,3.6,713,71,334,697
93,2009,2009-07-20,6,0,3,5,3.59,3.59,719,71,337,702
94,2009,2009-07-21,5,2,3,5,3.58,3.58,724,73,340,707
95,2009,2009-07-22,7,0,2,8,3.57,3.57,731,73,342,715
96,2009,2009-07-24,14,1,5,10,3.58,3.58,745,74,347,725
97,2009,2009-07-25,6,0,2,11,3.57,3.57,751,74,349,736
98,2009,2009-07-26,11,1,7,5,3.6,3.6,762,75,356,741
99,2009,2009-07-27,11,1,3,4,3.6,3.6,773,76,359,745
100,2009,2009-07-28,8,1,10,9,3.67,3.67,781,77,369,754
101,2009,2009-07-29,11,0,3,12,3.64,3.64,792,77,372,766
102,2009,2009-07-30,6,2,3,7,3.63,3.63,798,79,375,773
103,2009,2009-07-31,3,0,0,8,3.59,3.59,801,79,375,781
104,2009,2009-08-01,10,0,3,8,3.59,3.59,811,79,378,789
105,2009,2009-08-02,5,0,1,11,3.57,3.57,816,79,379,800
106,2009,2009-08-03,8,1,6,8,3.59,3.59,824,80,385,808
107,2009,2009-08-04,11,0,4,10,3.59,3.59,835,80,389,818
108,2009,2009-08-05,9,0,4,6,3.6,3.6,844,80,393,824
109,2009,2009-08-06,10,1,4,7,3.6,3.6,854,81,397,831
110,2009,2009-08-07,13,2,8,8,3.63,3.63,867,83,405,839
111,2009,2009-08-08,3,1,2,13,3.61,3.61,870,84,407,852
112,2009,2009-08-09,10,1,8,5,3.65,3.65,880,85,415,857
113,2009,2009-08-10,9,2,2,3,3.64,3.64,889,87,417,860
114,2009,2009-08-11,4,0,1,3,3.61,3.61,893,87,418,863
115,2009,2009-08-12,8,1,4,8,3.61,3.61,901,88,422,871
116,2009,2009-08-14,7,0,4,11,3.62,3.62,908,88,426,882
117,2009,2009-08-15,9,2,4,7,3.62,3.62,917,90,430,889
118,2009,2009-08-16,5,1,3,11,3.62,3.62,922,91,433,900
119,2009,2009-08-17,6,2,3,5,3.61,3.61,928,93,436,905
120,2009,2009-08-18,5,0,3,3,3.61,3.61,933,93,439,908
121,2009,2009-08-19,7,0,2,10,3.6,3.6,940,93,441,918
122,2009,2009-08-20,8,1,2,7,3.58,3.58,948,94,443,925
123,2009,2009-08-21,1,0,1,7,3.56,3.56,949,94,444,932
124,2009,2009-08-22,5,0,0,11,3.53,3.53,954,94,444,943
125,2009,2009-08-23,12,1,3,6,3.53,3.53,966,95,447,949
126,2009,2009-08-25,10,2,5,9,3.54,3.54,976,97,452,958
127,2009,2009-08-26,6,1,1,5,3.52,3.52,982,98,453,963
128,2009,2009-08-27,11,0,2,11,3.51,3.51,993,98,455,974
129,2009,2009-08-28,11,1,4,6,3.51,3.51,1004,99,459,980
130,2009,2009-08-29,11,2,4,8,3.52,3.52,1015,101,463,988
131,2009,2009-08-30,8,1,2,20,3.5,3.5,1023,102,465,1008
132,2009,2009-08-31,10,2,4,12,3.5,3.5,1033,104,469,1020
133,2009,2009-09-01,8,0,3,10,3.5,3.5,1041,104,472,1030
134,2009,2009-09-02,7,1,3,9,3.49,3.49,1048,105,475,1039
135,2009,2009-09-03,7,1,2,8,3.48,3.48,1055,106,477,1047
136,2009,2009-09-04,5,0,1,5,3.46,3.46,1060,106,478,1052
137,2009,2009-09-05,10,0,3,9,3.46,3.46,1070,106,481,1061
138,2009,2009-09-06,7,1,3,7,3.46,3.46,1077,107,484,1068
139,2009,2009-09-07,8,1,2,6,3.45,3.45,1085,108,486,1074
140,2009,2009-09-08,10,0,4,8,3.45,3.45,1095,108,490,1082
141,2009,2009-09-09,7,2,3,4,3.45,3.45,1102,110,493,1086
142,2009,2009-09-11,5,0,3,5,3.45,3.45,1107,110,496,1091
143,2009,2009-09-12,4,0,0,9,3.42,3.42,1111,110,496,1100
144,2009,2009-09-13,15,1,7,13,3.45,3.45,1126,111,503,1113
145,2009,2009-09-14,6,0,2,6,3.44,3.44,1132,111,505,1119
146,2009,2009-09-15,8,1,3,13,3.43,3.43,1140,112,508,1132
147,2009,2009-09-16,6,0,1,11,3.41,3.41,1146,112,509,1143
148,2009,2009-09-18,15,3,8,4,3.44,3.44,1161,115,517,1147
149,2009,2009-09-19,10,0,0,4,3.42,3.42,1171,115,517,1151
150,2009,2009-09-20,5,2,2,7,3.41,3.41,1176,117,519,1158
151,2009,2009-09-22,4,1,0,10,3.39,3.39,1180,118,519,1168
152,2009,2009-09-23,5,1,5,10,3.4,3.4,1185,119,524,1178
153,2009,2009-09-24,8,0,4,8,3.4,3.4,1193,119,528,1186
154,2009,2009-09-25,7,0,0,8,3.38,3.38,1200,119,528,1194
155,2009,2009-09-26,7,1,4,8,3.39,3.39,1207,120,532,1202
156,2009,2009-09-27,11,0,5,9,3.4,3.4,1218,120,537,1211
157,2009,2009-09-28,15,3,7,6,3.42,3.42,1233,123,544,1217
158,2009,2009-09-29,4,1,3,7,3.42,3.42,1237,124,547,1224
159,2009,2009-09-30,9,1,4,10,3.43,3.43,1246,125,551,1234
160,2009,2009-10-02,8,1,4,9,3.43,3.43,1254,126,555,1243
161,2009,2009-10-03,3,0,0,12,3.41,3.41,1257,126,555,1255
162,2009,2009-10-04,8,1,3,17,3.41,3.41,1265,127,558,1272
1,2010,2010-04-05,10,3,11,3,12.38,12.38,10,3,11,3
2,2010,2010-04-07,9,1,3,7,7.27,7.27,19,4,14,10
3,2010,2010-04-08,8,0,2,9,5.47,5.47,27,4,16,19
4,2010,2010-04-09,7,0,2,10,4.58,4.58,34,4,18,29
5,2010,2010-04-10,10,1,7,9,5.15,5.15,44,5,25,38
6,2010,2010-04-11,5,1,5,13,5.23,5.23,49,6,30,51
7,2010,2010-04-13,8,1,5,10,5.19,5.19,57,7,35,61
8,2010,2010-04-14,14,2,9,9,5.53,5.53,71,9,44,70
9,2010,2010-04-15,12,1,4,8,5.29,5.29,83,10,48,78
10,2010,2010-04-16,8,2,8,10,5.56,5.56,91,12,56,88
11,2010,2010-04-17,12,0,7,7,5.69,5.69,103,12,63,95
12,2010,2010-04-18,4,1,1,10,5.3,5.3,107,13,64,105
13,2010,2010-04-20,11,2,8,3,5.55,5.55,118,15,72,108
14,2010,2010-04-21,9,2,3,5,5.37,5.37,127,17,75,113
15,2010,2010-04-22,12,1,6,10,5.45,5.45,139,18,81,123
16,2010,2010-04-23,6,2,4,3,5.4,5.4,145,20,85,126
17,2010,2010-04-24,14,0,2,11,5.06,5.06,159,20,87,137
18,2010,2010-04-25,4,0,1,7,4.87,4.87,163,20,88,144
19,2010,,8,1,4,5,4.85,4.85,171,21,92,149
20,2010,,11,0,6,5,4.94,4.94,182,21,98,154
21,2010,2010-04-28,10,0,7,5,5.06,5.06,192,21,105,159
22,2010,2010-04-29,5,0,2,10,4.92,4.92,197,21,107,169
23,2010,2010-04-30,7,0,2,7,4.79,4.79,204,21,109,176
24,2010,2010-05-01,6,1,1,8,4.63,4.63,210,22,110,184
25,2010,2010-05-02,8,0,3,3,4.57,4.57,218,22,113,187
26,2010,2010-05-04,15,2,11,7,4.82,4.82,233,24,124,194
27,2010,2010-05-05,13,0,11,5,5.05,5.05,246,24,135,199
28,2010,2010-05-06,8,0,3,12,4.97,4.97,254,24,138,211
29,2010,2010-05-07,11,0,4,7,4.94,4.94,265,24,142,218
30,2010,2010-05-08,11,1,8,10,5.04,5.04,276,25,150,228
31,2010,2010-05-09,4,0,0,10,4.88,4.88,280,25,150,238
32,2010,2010-05-10,4,1,3,12,4.82,4.82,284,26,153,250
33,2010,2010-05-11,8,0,3,8,4.76,4.76,292,26,156,258
34,2010,2010-05-12,7,0,2,12,4.68,4.68,299,26,158,270
35,2010,2010-05-14,8,1,3,9,4.63,4.63,307,27,161,279
36,2010,2010-05-15,3,0,1,9,4.53,4.53,310,27,162,288
37,2010,2010-05-16,4,0,0,6,4.41,4.41,314,27,162,294
38,2010,2010-05-17,6,0,2,9,4.35,4.35,320,27,164,303
39,2010,2010-05-18,8,1,3,4,4.31,4.31,328,28,167,307
40,2010,2010-05-19,14,2,10,5,4.45,4.45,342,30,177,312
41,2010,2010-05-20,8,0,1,10,4.37,4.37,350,30,178,322
42,2010,2010-05-21,4,0,1,9,4.29,4.29,354,30,179,331
43,2010,2010-05-22,12,1,4,5,4.28,4.28,366,31,183,336
44,2010,2010-05-23,9,2,6,6,4.32,4.32,375,33,189,342
45,2010,2010-05-25,6,1,1,5,4.26,4.26,381,34,190,347
46,2010,2010-05-26,14,1,4,11,4.25,4.25,395,35,194,358
47,2010,2010-05-27,4,0,1,5,4.19,4.19,399,35,195,363
48,2010,2010-05-28,6,1,2,9,4.15,4.15,405,36,197,372
49,2010,2010-05-29,14,1,9,2,4.26,4.26,419,37,206,374
50,2010,2010-05-30,5,0,2,13,4.21,4.21,424,37,208,387
51,2010,2010-05-31,7,3,4,13,4.21,4.21,431,40,212,400
52,2010,2010-06-01,4,0,0,8,4.12,4.12,435,40,212,408
53,2010,2010-06-02,8,0,0,6,3.99,3.99,443,40,212,414
54,2010,2010-06-03,8,1,3,5,3.98,3.98,451,41,215,419
55,2010,2010-06-04,6,0,3,11,3.96,3.96,457,41,218,430
56,2010,2010-06-05,14,1,9,8,4.05,4.05,471,42,227,438
57,2010,2010-06-06,12,2,4,7,4.03,4.03,483,44,231,445
58,2010,2010-06-07,7,2,4,2,4.03,4.03,490,46,235,447
59,2010,2010-06-08,6,0,0,9,3.96,3.96,496,46,235,456
60,2010,2010-06-09,6,1,3,11,3.95,3.95,502,47,238,467
61,2010,2010-06-11,13,1,10,7,4.05,4.05,515,48,248,474
62,2010,2010-06-12,9,1,4,5,4.05,4.05,524,49,252,479
63,2010,2010-06-13,12,2,6,7,4.08,4.08,536,51,258,486
64,2010,2010-06-15,8,0,0,12,4.01,4.01,544,51,258,498
65,2010,2010-06-16,9,1,2,8,3.98,3.98,553,52,260,506
66,2010,2010-06-17,10,3,7,7,4.03,4.03,563,55,267,513
67,2010,2010-06-18,13,3,10,5,4.13,4.13,576,58,277,518
68,2010,2010-06-19,10,2,5,10,4.14,4.14,586,60,282,528
69,2010,2010-06-20,7,0,2,11,4.12,4.12,593,60,284,539
70,2010,2010-06-22,8,1,6,9,4.15,4.15,601,61,290,548
71,2010,2010-06-23,4,0,1,8,4.12,4.12,605,61,291,556
72,2010,2010-06-24,12,1,6,10,4.14,4.14,617,62,297,566
73,2010,2010-06-25,7,1,2,7,4.11,4.11,624,63,299,573
74,2010,2010-06-26,8,1,4,9,4.11,4.11,632,64,303,582
75,2010,2010-06-27,11,2,8,6,4.16,4.16,643,66,311,588
76,2010,2010-06-28,9,0,2,4,4.13,4.13,652,66,313,592
77,2010,2010-06-29,8,1,2,6,4.1,4.1,660,67,315,598
78,2010,2010-06-30,7,1,2,6,4.07,4.07,667,68,317,604
79,2010,2010-07-02,13,1,12,9,4.18,4.18,680,69,329,613
80,2010,2010-07-03,7,1,1,12,4.14,4.14,687,70,330,625
81,2010,2010-07-04,8,0,1,16,4.1,4.1,695,70,331,641
82,2010,2010-07-05,10,0,5,6,4.11,4.11,705,70,336,647
83,2010,2010-07-06,10,1,3,9,4.1,4.1,715,71,339,656
84,2010,2010-07-07,7,1,4,7,4.1,4.1,722,72,343,663
85,2010,2010-07-08,8,1,2,13,4.07,4.07,730,73,345,676
86,2010,2010-07-09,11,0,7,13,4.11,4.11,741,73,352,689
87,2010,2010-07-10,9,2,7,9,4.14,4.14,750,75,359,698
88,2010,2010-07-11,4,0,0,6,4.09,4.09,754,75,359,704
89,2010,2010-07-15,12,0,6,3,4.12,4.12,766,75,365,707
90,2010,2010-07-16,14,1,8,1,4.17,4.17,780,76,373,708
91,2010,2010-07-17,5,0,2,8,4.15,4.15,785,76,375,716
92,2010,2010-07-18,7,0,5,1,4.16,4.16,792,76,380,717
93,2010,2010-07-19,11,1,5,7,4.17,4.17,803,77,385,724
94,2010,2010-07-20,7,0,5,7,4.18,4.18,810,77,390,731
95,2010,2010-07-21,5,0,0,3,4.13,4.13,815,77,390,734
96,2010,2010-07-22,5,0,0,6,4.09,4.09,820,77,390,740
97,2010,2010-07-23,8,1,5,7,4.1,4.1,828,78,395,747
98,2010,2010-07-24,9,0,2,8,4.06,4.06,837,78,397,755
99,2010,2010-07-25,7,0,0,5,4.02,4.02,844,78,397,760
100,2010,2010-07-27,5,0,0,10,3.98,3.98,849,78,397,770
101,2010,2010-07-28,8,0,6,6,4.0,4.0,857,78,403,776
102,2010,2010-07-29,8,0,3,8,4.0,4.0,865,78,406,784
103,2010,2010-07-30,10,2,6,4,4.02,4.02,875,80,412,788
104,2010,2010-07-31,5,1,2,6,4.01,4.01,880,81,414,794
105,2010,2010-08-01,6,0,2,6,3.99,3.99,886,81,416,800
106,2010,2010-08-02,14,2,9,6,4.04,4.04,900,83,425,806
107,2010,2010-08-03,3,1,1,6,4.01,4.01,903,84,426,812
108,2010,2010-08-04,2,0,0,9,3.97,3.97,905,84,426,821
109,2010,2010-08-05,9,1,5,6,3.98,3.98,914,85,431,827
110,2010,2010-08-06,9,2,6,13,4.0,4.0,923,87,437,840
111,2010,2010-08-07,5,1,2,11,3.98,3.98,928,88,439,851
112,2010,2010-08-08,6,2,3,10,3.97,3.97,934,90,442,861
113,2010,2010-08-10,14,3,9,4,4.01,4.01,948,93,451,865
114,2010,2010-08-11,7,0,2,6,4.0,4.0,955,93,453,871
115,2010,2010-08-12,12,0,9,4,4.05,4.05,967,93,462,875
116,2010,2010-08-13,5,1,1,3,4.02,4.02,972,94,463,878
117,2010,2010-08-14,4,0,1,9,4.0,4.0,976,94,464,887
118,2010,2010-08-15,16,1,13,6,4.08,4.08,992,95,477,893
119,2010,2010-08-16,8,0,4,9,4.08,4.08,1000,95,481,902
120,2010,2010-08-17,6,0,0,8,4.05,4.05,1006,95,481,910
121,2010,2010-08-18,7,0,3,11,4.03,4.03,1013,95,484,921
122,2010,2010-08-19,2,0,0,11,4.0,4.0,1015,95,484,932
123,2010,2010-08-20,8,0,1,11,3.98,3.98,1023,95,485,943
124,2010,2010-08-21,9,0,5,10,3.98,3.98,1032,95,490,953
125,2010,2010-08-22,8,1,5,12,3.99,3.99,1040,96,495,965
126,2010,2010-08-24,9,1,3,4,3.99,3.99,1049,97,498,969
127,2010,2010-08-25,7,0,4,7,3.99,3.99,1056,97,502,976
128,2010,2010-08-26,2,1,1,11,3.96,3.96,1058,98,503,987
129,2010,2010-08-27,7,1,2,9,3.95,3.95,1065,99,505,996
130,2010,2010-08-28,6,2,5,1,3.96,3.96,1071,101,510,997
131,2010,2010-08-29,13,3,10,13,4.01,4.01,1084,104,520,1010
132,2010,2010-08-30,1,0,0,7,3.98,3.98,1085,104,520,1017
133,2010,2010-08-31,9,2,8,5,4.01,4.01,1094,106,528,1022
134,2010,2010-09-01,10,2,5,14,4.02,4.02,1104,108,533,1036
135,2010,2010-09-03,2,0,0,7,3.99,3.99,1106,108,533,1043
136,2010,2010-09-04,7,4,5,9,3.99,3.99,1113,112,538,1052
137,2010,2010-09-05,6,1,3,8,3.99,3.99,1119,113,541,1060
138,2010,2010-09-06,7,1,4,11,3.99,3.99,1126,114,545,1071
139,2010,2010-09-07,5,0,2,8,3.98,3.98,1131,114,547,1079
140,2010,2010-09-08,9,0,4,7,3.98,3.98,1140,114,551,1086
141,2010,2010-09-09,7,1,3,8,3.98,3.98,1147,115,554,1094
142,2010,2010-09-10,8,0,2,8,3.96,3.96,1155,115,556,1102
143,2010,2010-09-11,7,1,3,7,3.95,3.95,1162,116,559,1109
144,2010,2010-09-12,14,2,6,6,3.97,3.97,1176,118,565,1115
145,2010,2010-09-14,4,0,0,4,3.94,3.94,1180,118,565,1119
146,2010,2010-09-15,7,0,2,8,3.93,3.93,1187,118,567,1127
147,2010,2010-09-16,15,3,10,8,3.97,3.97,1202,121,577,1135
148,2010,2010-09-17,11,1,5,7,3.98,3.98,1213,122,582,1142
149,2010,2010-09-18,14,3,12,5,4.04,4.04,1227,125,594,1147
150,2010,2010-09-19,7,0,4,10,4.03,4.03,1234,125,598,1157
151,2010,2010-09-21,7,0,6,11,4.04,4.04,1241,125,604,1168
152,2010,2010-09-22,9,1,3,9,4.04,4.04,1250,126,607,1177
153,2010,2010-09-23,5,0,1,7,4.02,4.02,1255,126,608,1184
154,2010,2010-09-24,4,0,1,11,4.0,4.0,1259,126,609,1195
155,2010,2010-09-25,11,1,5,7,4.01,4.01,1270,127,614,1202
156,2010,2010-09-26,8,2,5,14,4.01,4.01,1278,129,619,1216
157,2010,2010-09-27,4,1,1,9,4.0,4.0,1282,130,620,1225
158,2010,2010-09-28,10,2,7,9,4.01,4.01,1292,132,627,1234
159,2010,2010-09-29,12,1,6,6,4.03,4.03,1304,133,633,1240
160,2010,2010-10-01,10,1,7,9,4.05,4.05,1314,134,640,1249
161,2010,2010-10-02,5,0,2,13,4.03,4.03,1319,134,642,1262
162,2010,2010-10-03,4,0,1,12,4.01,4.01,1323,134,643,1274
1,2011,2011-03-31,5,1,1,10,1.0,1.0,5,1,1,10
2,2011,2011-04-01,8,1,3,8,2.0,2.0,13,2,4,18
3,2011,2011-04-02,13,1,10,8,4.67,4.67,26,3,14,26
4,2011,2011-04-03,9,3,5,6,4.75,4.75,35,6,19,32
5,2011,2011-04-05,6,2,3,8,4.5,4.5,41,8,22,40
6,2011,2011-04-06,9,2,7,7,5.02,5.02,50,10,29,47
7,2011,,9,0,2,9,4.43,4.43,59,10,31,56
8,2011,2011-04-09,6,0,0,4,3.88,3.88,65,10,31,60
9,2011,2011-04-10,10,3,7,7,4.28,4.28,75,13,38,67
10,2011,2011-04-11,7,1,1,7,3.94,3.94,82,14,39,74
11,2011,2011-04-12,9,0,5,7,4.08,4.08,91,14,44,81
12,2011,2011-04-13,9,2,4,4,4.11,4.11,100,16,48,85
13,2011,2011-04-14,16,1,6,4,4.26,4.26,116,17,54,89
14,2011,2011-04-15,19,4,11,6,4.76,4.76,135,21,65,95
15,2011,2011-04-16,13,1,8,9,4.98,4.98,148,22,73,104
16,2011,2011-04-17,5,0,1,12,4.72,4.72,153,22,74,116
17,2011,2011-04-18,7,0,2,9,4.56,4.56,160,22,76,125
18,2011,2011-04-19,14,4,10,4,4.87,4.87,174,26,86,129
19,2011,2011-04-20,4,0,1,4,4.66,4.66,178,26,87,133
20,2011,2011-04-21,7,1,3,11,4.5,4.5,185,27,90,144
21,2011,2011-04-22,8,0,1,8,4.33,4.33,193,27,91,152
22,2011,2011-04-23,16,0,10,8,4.61,4.61,209,27,101,160
23,2011,2011-04-24,10,0,2,8,4.5,4.5,219,27,103,168
24,2011,2011-04-25,8,2,3,5,4.44,4.44,227,29,106,173
25,2011,2011-04-26,6,1,4,8,4.45,4.45,233,30,110,181
26,2011,2011-04-27,7,0,4,6,4.41,4.41,240,30,114,187
27,2011,2011-04-29,8,0,2,7,4.32,4.32,248,30,116,194
28,2011,2011-04-30,8,0,4,9,4.31,4.31,256,30,120,203
29,2011,2011-05-01,7,0,7,11,4.4,4.4,263,30,127,214
30,2011,2011-05-02,8,1,2,6,4.32,4.32,271,31,129,220
31,2011,2011-05-03,7,1,4,8,4.31,4.31,278,32,133,228
32,2011,2011-05-04,9,3,5,9,4.33,4.33,287,35,138,237
33,2011,2011-05-06,9,2,6,7,4.4,4.4,296,37,144,244
34,2011,2011-05-07,9,0,3,3,4.37,4.37,305,37,147,247
35,2011,2011-05-08,8,0,2,10,4.3,4.3,313,37,149,257
36,2011,2011-05-09,10,0,4,6,4.31,4.31,323,37,153,263
37,2011,2011-05-10,7,2,3,6,4.27,4.27,330,39,156,269
38,2011,2011-05-11,4,0,0,11,4.16,4.16,334,39,156,280
39,2011,2011-05-13,7,0,3,15,4.13,4.13,341,39,159,295
40,2011,2011-05-14,1,0,0,10,4.02,4.02,342,39,159,305
41,2011,2011-05-15,8,2,4,11,4.02,4.02,350,41,163,316
42,2011,2011-05-16,9,0,2,3,3.97,3.97,359,41,165,319
43,2011,2011-05-17,6,0,0,9,3.88,3.88,365,41,165,328
44,2011,2011-05-18,13,1,8,10,3.98,3.98,378,42,173,338
45,2011,2011-05-19,7,0,3,5,3.95,3.95,385,42,176,343
46,2011,2011-05-20,10,1,4,7,3.94,3.94,395,43,180,350
47,2011,2011-05-21,16,2,9,5,4.06,4.06,411,45,189,355
48,2011,2011-05-22,11,2,6,3,4.11,4.11,422,47,195,358
49,2011,2011-05-23,9,0,4,10,4.11,4.11,431,47,199,368
50,2011,2011-05-24,5,0,4,14,4.11,4.11,436,47,203,382
51,2011,2011-05-25,9,1,2,3,4.07,4.07,445,48,205,385
52,2011,2011-05-27,7,0,2,3,4.03,4.03,452,48,207,388
53,2011,2011-05-28,14,0,6,5,4.07,4.07,466,48,213,393
54,2011,2011-05-29,2,0,0,10,3.99,3.99,468,48,213,403
55,2011,2011-05-30,14,1,1,9,3.94,3.94,482,49,214,412
56,2011,2011-05-31,5,1,2,10,3.9,3.9,487,50,216,422
57,2011,2011-06-01,8,1,3,4,3.89,3.89,495,51,219,426
58,2011,2011-06-03,7,0,2,4,3.86,3.86,502,51,221,430
59,2011,2011-06-04,13,1,8,11,3.92,3.92,515,52,229,441
60,2011,2011-06-05,11,1,6,8,3.95,3.95,526,53,235,449
61,2011,2011-06-06,6,0,3,5,3.94,3.94,532,53,238,454
62,2011,2011-06-07,5,0,2,5,3.91,3.91,537,53,240,459
63,2011,2011-06-08,5,1,2,10,3.89,3.89,542,54,242,469
64,2011,2011-06-09,11,0,9,7,3.98,3.98,553,54,251,476
65,2011,2011-06-10,17,1,6,4,4.02,4.02,570,55,257,480
66,2011,2011-06-11,13,1,7,5,4.06,4.06,583,56,264,485
67,2011,2011-06-12,11,4,8,8,4.12,4.12,594,60,272,493
68,2011,2011-06-13,8,2,2,7,4.09,4.09,602,62,274,500
69,2011,2011-06-14,9,0,3,5,4.07,4.07,611,62,277,505
70,2011,2011-06-15,11,0,7,8,4.12,4.12,622,62,284,513
71,2011,2011-06-17,11,0,6,4,4.14,4.14,633,62,290,517
72,2011,2011-06-18,11,0,7,9,4.18,4.18,644,62,297,526
73,2011,2011-06-19,3,0,0,6,4.12,4.12,647,62,297,532
74,2011,2011-06-20,2,0,0,11,4.07,4.07,649,62,297,543
75,2011,2011-06-21,7,0,1,11,4.03,4.03,656,62,298,554
76,2011,2011-06-22,10,4,7,13,4.07,4.07,666,66,305,567
77,2011,2011-06-24,12,2,6,7,4.09,4.09,678,68,311,574
78,2011,2011-06-25,6,2,6,6,4.12,4.12,684,70,317,580
79,2011,2011-06-26,6,1,2,11,4.09,4.09,690,71,319,591
80,2011,2011-06-27,4,0,0,11,4.04,4.04,694,71,319,602
81,2011,2011-06-28,10,1,6,2,4.07,4.07,704,72,325,604
82,2011,2011-06-29,6,0,1,6,4.04,4.04,710,72,326,610
83,2011,2011-07-01,6,0,0,5,3.99,3.99,716,72,326,615
84,2011,2011-07-02,10,1,6,11,4.02,4.02,726,73,332,626
85,2011,2011-07-03,3,1,3,6,4.01,4.01,729,74,335,632
86,2011,2011-07-04,8,0,5,5,4.02,4.02,737,74,340,637
87,2011,2011-07-05,9,3,6,5,4.04,4.04,746,77,346,642
88,2011,2011-07-06,11,0,5,4,4.06,4.06,757,77,351,646
89,2011,2011-07-07,6,0,0,11,4.01,4.01,763,77,351,657
90,2011,2011-07-08,5,0,0,6,3.96,3.96,768,77,351,663
91,2011,2011-07-09,1,0,0,10,3.92,3.92,769,77,351,673
92,2011,2011-07-10,6,1,1,12,3.89,3.89,775,78,352,685
93,2011,2011-07-15,6,1,0,11,3.84,3.84,781,79,352,696
94,2011,2011-07-16,5,1,3,9,3.84,3.84,786,80,355,705
95,2011,2011-07-17,6,2,4,12,3.85,3.85,792,82,359,717
96,2011,2011-07-18,10,1,5,7,3.86,3.86,802,83,364,724
97,2011,2011-07-19,12,1,4,9,3.87,3.87,814,84,368,733
98,2011,2011-07-20,3,0,0,13,3.83,3.83,817,84,368,746
99,2011,2011-07-22,9,2,7,11,3.86,3.86,826,86,375,757
100,2011,2011-07-23,9,0,6,11,3.88,3.88,835,86,381,768
101,2011,2011-07-24,2,0,1,13,3.85,3.85,837,86,382,781
102,2011,2011-07-25,5,0,4,10,3.86,3.86,842,86,386,791
103,2011,2011-07-26,8,0,2,9,3.84,3.84,850,86,388,800
104,2011,2011-07-27,10,0,3,8,3.83,3.83,860,86,391,808
105,2011,2011-07-29,6,3,4,5,3.83,3.83,866,89,395,813
106,2011,2011-07-30,11,0,6,7,3.85,3.85,877,89,401,820
107,2011,2011-07-31,10,3,6,9,3.87,3.87,887,92,407,829
108,2011,2011-08-01,6,1,2,4,3.85,3.85,893,93,409,833
109,2011,2011-08-02,6,0,0,9,3.82,3.82,899,93,409,842
110,2011,2011-08-03,7,1,3,9,3.81,3.81,906,94,412,851
111,2011,2011-08-05,9,0,3,7,3.81,3.81,915,94,415,858
112,2011,2011-08-06,7,0,3,10,3.8,3.8,922,94,418,868
113,2011,2011-08-07,5,2,4,8,3.81,3.81,927,96,422,876
114,2011,2011-08-08,11,1,4,6,3.81,3.81,938,97,426,882
115,2011,2011-08-09,6,1,2,6,3.79,3.79,944,98,428,888
116,2011,2011-08-10,11,2,6,5,3.81,3.81,955,100,434,893
117,2011,2011-08-12,3,0,0,8,3.77,3.77,958,100,434,901
118,2011,2011-08-13,6,0,1,9,3.75,3.75,964,100,435,910
119,2011,2011-08-14,5,0,0,7,3.72,3.72,969,100,435,917
120,2011,2011-08-15,6,3,3,8,3.72,3.72,975,103,438,925
121,2011,2011-08-16,6,0,2,5,3.7,3.7,981,103,440,930
122,2011,2011-08-17,6,0,3,4,3.7,3.7,987,103,443,934
123,2011,2011-08-18,7,0,1,7,3.68,3.68,994,103,444,941
124,2011,2011-08-19,5,0,2,6,3.67,3.67,999,103,446,947
125,2011,2011-08-20,12,1,7,12,3.68,3.68,1011,104,453,959
126,2011,2011-08-21,3,2,4,8,3.69,3.69,1014,106,457,967
127,2011,2011-08-22,6,1,1,5,3.67,3.67,1020,107,458,972
128,2011,2011-08-23,9,0,2,9,3.65,3.65,1029,107,460,981
129,2011,2011-08-24,11,1,4,6,3.65,3.65,1040,108,464,987
130,2011,2011-08-26,5,1,1,6,3.63,3.63,1045,109,465,993
131,2011,2011-08-27,13,2,5,11,3.64,3.64,1058,111,470,1004
132,2011,2011-08-28,10,0,7,7,3.66,3.66,1068,111,477,1011
133,2011,2011-08-29,6,0,1,5,3.64,3.64,1074,111,478,1016
134,2011,2011-08-30,9,2,5,7,3.65,3.65,1083,113,483,1023
135,2011,2011-08-31,6,0,2,5,3.64,3.64,1089,113,485,1028
136,2011,2011-09-01,9,1,4,5,3.64,3.64,1098,114,489,1033
137,2011,2011-09-02,14,1,4,8,3.65,3.65,1112,115,493,1041
138,2011,2011-09-03,7,1,1,11,3.62,3.62,1119,116,494,1052
139,2011,2011-09-04,11,0,3,12,3.62,3.62,1130,116,497,1064
140,2011,2011-09-05,12,4,6,12,3.64,3.64,1142,120,503,1076
141,2011,2011-09-06,7,0,2,17,3.63,3.63,1149,120,505,1093
142,2011,2011-09-08,5,1,4,8,3.63,3.63,1154,121,509,1101
143,2011,2011-09-09,3,0,0,9,3.61,3.61,1157,121,509,1110
144,2011,2011-09-10,5,0,0,6,3.58,3.58,1162,121,509,1116
145,2011,2011-09-11,11,0,8,6,3.61,3.61,1173,121,517,1122
146,2011,2011-09-12,9,0,7,11,3.64,3.64,1182,121,524,1133
147,2011,2011-09-13,7,2,5,7,3.64,3.64,1189,123,529,1140
148,2011,2011-09-14,5,0,2,13,3.63,3.63,1194,123,531,1153
149,2011,2011-09-15,12,1,6,9,3.65,3.65,1206,124,537,1162
150,2011,2011-09-16,6,1,1,12,3.63,3.63,1212,125,538,1174
151,2011,2011-09-17,7,0,1,10,3.61,3.61,1219,125,539,1184
152,2011,2011-09-18,7,0,1,9,3.6,3.6,1226,125,540,1193
153,2011,2011-09-20,6,1,1,8,3.58,3.58,1232,126,541,1201
154,2011,2011-09-21,12,0,8,6,3.61,3.61,1244,126,549,1207
155,2011,2011-09-22,6,2,2,6,3.6,3.6,1250,128,551,1213
156,2011,2011-09-23,4,0,0,12,3.57,3.57,1254,128,551,1225
157,2011,2011-09-24,5,0,2,7,3.57,3.57,1259,128,553,1232
158,2011,2011-09-25,5,1,2,9,3.56,3.56,1264,129,555,1241
159,2011,2011-09-26,5,0,2,8,3.55,3.55,1269,129,557,1249
160,2011,2011-09-27,11,1,1,10,3.53,3.53,1280,130,558,1259
161,2011,2011-09-28,7,2,5,6,3.54,3.54,1287,132,563,1265
1,2012,2012-04-05,5,1,3,7,3.0,3.0,5,1,3,7
2,2012,2012-04-06,3,0,0,11,1.5,1.5,8,1,3,18
3,2012,2012-04-07,4,0,5,9,2.48,2.48,12,1,8,27
4,2012,2012-04-08,12,2,7,9,3.65,3.65,24,3,15,36
5,2012,2012-04-10,5,0,1,10,3.13,3.13,29,3,16,46
6,2012,2012-04-11,6,1,1,8,2.78,2.78,35,4,17,54
7,2012,2012-04-12,8,1,2,9,2.67,2.67,43,5,19,63
8,2012,2012-04-13,9,2,8,18,3.33,3.33,52,7,27,81
9,2012,2012-04-14,2,0,0,7,2.96,2.96,54,7,27,88
10,2012,2012-04-15,10,0,3,5,2.97,2.97,64,7,30,93
11,2012,2012-04-17,9,1,5,6,3.17,3.17,73,8,35,99
12,2012,2012-04-18,7,1,3,7,3.14,3.14,80,9,38,106
13,2012,2012-04-19,8,0,3,11,3.13,3.13,88,9,41,117
14,2012,2012-04-20,5,0,1,11,2.98,2.98,93,9,42,128
15,2012,2012-04-21,4,0,1,10,2.85,2.85,97,9,43,138
16,2012,2012-04-22,12,2,8,6,3.19,3.19,109,11,51,144
17,2012,2012-04-23,7,2,2,7,3.12,3.12,116,13,53,151
18,2012,2012-04-24,8,1,4,5,3.17,3.17,124,14,57,156
19,2012,2012-04-25,9,0,4,3,3.21,3.21,133,14,61,159
20,2012,2012-04-27,3,1,2,7,3.15,3.15,136,15,63,166
21,2012,2012-04-28,8,1,3,9,3.13,3.13,144,16,66,175
22,2012,2012-04-29,4,0,0,14,2.98,2.98,148,16,66,189
23,2012,2012-04-30,10,0,6,6,3.13,3.13,158,16,72,195
24,2012,2012-05-01,11,2,6,7,3.25,3.25,169,18,78,202
25,2012,2012-05-02,9,4,8,8,3.45,3.45,178,22,86,210
26,2012,2012-05-04,11,1,5,7,3.53,3.53,189,23,91,217
27,2012,2012-05-05,5,0,1,9,3.43,3.43,194,23,92,226
28,2012,2012-05-06,12,0,4,7,3.44,3.44,206,23,96,233
29,2012,2012-05-07,8,0,1,7,3.35,3.35,214,23,97,240
30,2012,2012-05-08,6,1,2,7,3.31,3.31,220,24,99,247
31,2012,2012-05-09,9,0,2,13,3.27,3.27,229,24,101,260
32,2012,2012-05-11,8,1,3,6,3.26,3.26,237,25,104,266
33,2012,2012-05-12,4,1,1,3,3.19,3.19,241,26,105,269
34,2012,2012-05-13,7,0,4,2,3.21,3.21,248,26,109,271
35,2012,2012-05-14,5,1,1,7,3.15,3.15,253,27,110,278
36,2012,2012-05-15,13,0,5,7,3.2,3.2,266,27,115,285
37,2012,2012-05-16,6,1,3,7,3.21,3.21,272,28,118,292
38,2012,2012-05-17,5,0,0,9,3.12,3.12,277,28,118,301
39,2012,2012-05-18,6,2,1,12,3.07,3.07,283,30,119,313
40,2012,2012-05-19,6,0,0,4,2.99,2.99,289,30,119,317
41,2012,2012-05-20,8,0,3,9,2.99,2.99,297,30,122,326
42,2012,2012-05-21,6,0,1,8,2.94,2.94,303,30,123,334
43,2012,2012-05-22,15,2,7,12,3.04,3.04,318,32,130,346
44,2012,2012-05-23,14,2,11,7,3.23,3.23,332,34,141,353
45,2012,2012-05-25,7,1,2,8,3.2,3.2,339,35,143,361
46,2012,2012-05-26,7,0,3,9,3.19,3.19,346,35,146,370
47,2012,2012-05-27,2,0,1,10,3.15,3.15,348,35,147,380
48,2012,2012-05-28,4,1,1,9,3.1,3.1,352,36,148,389
49,2012,2012-05-29,5,1,2,5,3.08,3.08,357,37,150,394
50,2012,2012-05-30,14,0,6,10,3.14,3.14,371,37,156,404
51,2012,2012-05-31,8,2,6,13,3.2,3.2,379,39,162,417
52,2012,2012-06-01,15,3,9,5,3.31,3.31,394,42,171,422
53,2012,2012-06-02,6,0,2,7,3.29,3.29,400,42,173,429
54,2012,2012-06-03,6,0,2,6,3.27,3.27,406,42,175,435
55,2012,2012-06-04,8,1,3,7,3.27,3.27,414,43,178,442
56,2012,2012-06-05,7,0,1,5,3.23,3.23,421,43,179,447
57,2012,2012-06-06,7,3,5,8,3.26,3.26,428,46,184,455
58,2012,2012-06-07,10,0,0,4,3.2,3.2,438,46,184,459
59,2012,2012-06-08,8,0,1,9,3.17,3.17,446,46,185,468
60,2012,2012-06-09,4,1,3,14,3.17,3.17,450,47,188,482
61,2012,2012-06-10,5,1,2,10,3.15,3.15,455,48,190,492
62,2012,2012-06-11,10,1,3,6,3.14,3.14,465,49,193,498
63,2012,2012-06-12,6,0,0,8,3.09,3.09,471,49,193,506
64,2012,2012-06-13,8,2,2,6,3.08,3.08,479,51,195,512
65,2012,2012-06-15,9,3,5,10,3.11,3.11,488,54,200,522
66,2012,2012-06-16,10,0,4,7,3.12,3.12,498,54,204,529
67,2012,2012-06-17,6,0,1,13,3.08,3.08,504,54,205,542
68,2012,2012-06-19,5,0,3,10,3.09,3.09,509,54,208,552
69,2012,2012-06-20,8,1,4,3,3.11,3.11,517,55,212,555
70,2012,2012-06-21,5,1,4,7,3.12,3.12,522,56,216,562
71,2012,2012-06-22,12,1,8,8,3.2,3.2,534,57,224,570
72,2012,2012-06-23,8,0,1,6,3.17,3.17,542,57,225,576
73,2012,2012-06-24,10,1,5,1,3.2,3.2,552,58,230,577
74,2012,2012-06-25,13,0,8,5,3.27,3.27,565,58,238,582
75,2012,2012-06-26,8,1,2,8,3.26,3.26,573,59,240,590
76,2012,2012-06-27,10,0,3,7,3.26,3.26,583,59,243,597
77,2012,2012-06-28,6,1,3,5,3.25,3.25,589,60,246,602
78,2012,2012-06-29,14,1,7,8,3.3,3.3,603,61,253,610
79,2012,2012-06-30,9,1,5,4,3.33,3.33,612,62,258,614
80,2012,2012-07-01,5,0,1,12,3.3,3.3,617,62,259,626
81,2012,2012-07-02,12,0,5,11,3.32,3.32,629,62,264,637
82,2012,2012-07-03,7,0,1,7,3.29,3.29,636,62,265,644
83,2012,2012-07-04,3,1,1,10,3.26,3.26,639,63,266,654
84,2012,2012-07-05,5,0,1,8,3.23,3.23,644,63,267,662
85,2012,2012-07-06,6,0,5,7,3.26,3.26,650,63,272,669
86,2012,2012-07-07,7,1,5,6,3.28,3.28,657,64,277,675
87,2012,2012-07-08,12,1,7,11,3.33,3.33,669,65,284,686
88,2012,2012-07-13,7,0,1,8,3.3,3.3,676,65,285,694
89,2012,2012-07-14,8,2,5,6,3.32,3.32,684,67,290,700
90,2012,2012-07-15,12,1,1,5,3.3,3.3,696,68,291,705
91,2012,2012-07-16,7,2,3,9,3.29,3.29,703,70,294,714
92,2012,2012-07-17,5,0,3,2,3.29,3.29,708,70,297,716
93,2012,2012-07-18,9,0,3,10,3.28,3.28,717,70,300,726
94,2012,2012-07-20,10,1,4,11,3.28,3.28,727,71,304,737
95,2012,2012-07-21,10,1,5,10,3.3,3.3,737,72,309,747
96,2012,2012-07-22,16,0,3,11,3.29,3.29,753,72,312,758
97,2012,2012-07-23,9,1,3,6,3.28,3.28,762,73,315,764
98,2012,2012-07-24,8,0,8,5,3.34,3.34,770,73,323,769
99,2012,2012-07-25,6,0,3,11,3.32,3.32,776,73,326,780
100,2012,2012-07-26,18,1,7,3,3.36,3.36,794,74,333,783
101,2012,2012-07-27,11,0,3,6,3.36,3.36,805,74,336,789
102,2012,2012-07-28,5,0,0,4,3.32,3.32,810,74,336,793
103,2012,2012-07-29,5,0,0,7,3.29,3.29,815,74,336,800
104,2012,2012-07-30,11,2,7,7,3.33,3.33,826,76,343,807
105,2012,2012-07-31,9,2,8,8,3.37,3.37,835,78,351,815
106,2012,2012-08-01,10,2,4,9,3.38,3.38,845,80,355,824
107,2012,2012-08-03,4,0,1,9,3.35,3.35,849,80,356,833
108,2012,2012-08-04,3,0,1,10,3.33,3.33,852,80,357,843
109,2012,2012-08-05,9,2,6,9,3.36,3.36,861,82,363,852
110,2012,2012-08-06,11,0,2,9,3.35,3.35,872,82,365,861
111,2012,2012-08-07,10,0,3,8,3.34,3.34,882,82,368,869
112,2012,2012-08-08,8,1,4,9,3.35,3.35,890,83,372,878
113,2012,2012-08-10,4,1,2,10,3.34,3.34,894,84,374,888
114,2012,2012-08-11,11,0,7,6,3.37,3.37,905,84,381,894
115,2012,2012-08-12,2,0,0,11,3.34,3.34,907,84,381,905
116,2012,2012-08-13,8,0,4,6,3.35,3.35,915,84,385,911
117,2012,2012-08-14,5,0,0,6,3.32,3.32,920,84,385,917
118,2012,2012-08-15,6,1,3,8,3.32,3.32,926,85,388,925
119,2012,2012-08-16,11,3,10,6,3.38,3.38,937,88,398,931
120,2012,2012-08-17,10,1,4,13,3.38,3.38,947,89,402,944
121,2012,2012-08-18,5,1,2,12,3.36,3.36,952,90,404,956
122,2012,2012-08-19,3,0,0,7,3.34,3.34,955,90,404,963
123,2012,2012-08-20,6,0,2,13,3.33,3.33,961,90,406,976
124,2012,2012-08-21,10,0,4,8,3.33,3.33,971,90,410,984
125,2012,2012-08-22,8,1,8,7,3.37,3.37,979,91,418,991
126,2012,2012-08-24,9,2,4,6,3.37,3.37,988,93,422,997
127,2012,2012-08-25,3,1,2,8,3.36,3.36,991,94,424,1005
128,2012,2012-08-26,11,4,5,8,3.38,3.38,1002,98,429,1013
129,2012,2012-08-27,13,2,10,11,3.43,3.43,1015,100,439,1024
130,2012,2012-08-28,14,1,8,3,3.47,3.47,1029,101,447,1027
131,2012,2012-08-29,15,0,7,5,3.5,3.5,1044,101,454,1032
132,2012,2012-08-30,10,1,2,9,3.48,3.48,1054,102,456,1041
133,2012,2012-08-31,9,1,4,13,3.48,3.48,1063,103,460,1054
134,2012,2012-09-01,7,1,1,11,3.46,3.46,1070,104,461,1065
135,2012,2012-09-02,8,2,4,8,3.47,3.47,1078,106,465,1073
136,2012,2012-09-03,10,1,3,10,3.46,3.46,1088,107,468,1083
137,2012,2012-09-04,11,2,6,11,3.47,3.47,1099,109,474,1094
138,2012,2012-09-05,8,0,3,6,3.47,3.47,1107,109,477,1100
139,2012,2012-09-07,10,0,5,4,3.48,3.48,1117,109,482,1104
140,2012,2012-09-08,6,0,2,4,3.47,3.47,1123,109,484,1108
141,2012,2012-09-09,7,1,4,6,3.48,3.48,1130,110,488,1114
142,2012,2012-09-11,4,0,0,6,3.46,3.46,1134,110,488,1120
143,2012,2012-09-12,5,0,3,5,3.46,3.46,1139,110,491,1125
144,2012,2012-09-13,10,0,2,6,3.45,3.45,1149,110,493,1131
145,2012,2012-09-14,9,3,5,3,3.46,3.46,1158,113,498,1134
146,2012,2012-09-15,6,1,3,7,3.45,3.45,1164,114,501,1141
147,2012,2012-09-16,8,0,5,15,3.46,3.46,1172,114,506,1156
148,2012,,10,0,3,3,3.46,3.46,1182,114,509,1159
149,2012,,9,2,3,4,3.45,3.45,1191,116,512,1163
150,2012,2012-09-20,7,0,3,7,3.45,3.45,1198,116,515,1170
151,2012,2012-09-21,4,0,1,14,3.43,3.43,1202,116,516,1184
152,2012,2012-09-22,8,2,5,5,3.45,3.45,1210,118,521,1189
153,2012,2012-09-23,6,1,2,11,3.44,3.44,1216,119,523,1200
154,2012,2012-09-25,5,0,1,8,3.42,3.42,1221,119,524,1208
155,2012,2012-09-26,6,0,2,6,3.41,3.41,1227,119,526,1214
156,2012,2012-09-27,10,0,4,6,3.42,3.42,1237,119,530,1220
157,2012,2012-09-28,5,0,0,11,3.4,3.4,1242,119,530,1231
158,2012,2012-09-29,7,0,0,10,3.37,3.37,1249,119,530,1241
159,2012,2012-09-30,9,1,1,8,3.36,3.36,1258,120,531,1249
160,2012,2012-10-01,6,0,2,8,3.35,3.35,1264,120,533,1257
161,2012,2012-10-02,10,2,4,9,3.35,3.35,1274,122,537,1266
162,2012,2012-10-03,3,0,1,10,3.34,3.34,1277,122,538,1276
1,2013,2013-04-01,4,0,0,7,0.0,0.0,4,0,0,7
2,2013,2013-04-02,10,0,1,7,0.5,0.5,14,0,1,14
3,2013,2013-04-03,6,2,3,5,1.33,1.33,20,2,4,19
4,2013,2013-04-05,2,0,0,10,1.0,1.0,22,2,4,29
5,2013,2013-04-06,2,0,0,11,0.8,0.8,24,2,4,40
6,2013,2013-04-07,4,1,2,8,1.0,1.0,28,3,6,48
7,2013,2013-04-09,11,2,9,6,2.18,2.18,39,5,15,54
8,2013,2013-04-10,11,0,2,7,2.15,2.15,50,5,17,61
9,2013,2013-04-11,8,0,2,9,2.14,2.14,58,5,19,70
10,2013,2013-04-12,6,0,3,10,2.25,2.25,64,5,22,80
11,2013,2013-04-13,11,1,5,12,2.51,2.51,75,6,27,92
12,2013,2013-04-14,6,0,1,9,2.39,2.39,81,6,28,101
13,2013,2013-04-15,9,1,6,4,2.68,2.68,90,7,34,105
14,2013,2013-04-16,15,0,9,5,3.14,3.14,105,7,43,110
15,2013,2013-04-17,13,3,5,11,3.26,3.26,118,10,48,121
16,2013,,10,2,7,8,3.53,3.53,128,12,55,129
17,2013,,8,2,6,5,3.7,3.7,136,14,61,134
18,2013,2013-04-21,10,1,4,6,3.72,3.72,146,15,65,140
19,2013,2013-04-23,4,0,2,10,3.63,3.63,150,15,67,150
20,2013,2013-04-24,11,1,7,10,3.79,3.79,161,16,74,160
21,2013,2013-04-25,5,1,2,11,3.7,3.7,166,17,76,171
22,2013,2013-04-26,11,2,4,9,3.72,3.72,177,19,80,180
23,2013,2013-04-27,9,2,6,9,3.82,3.82,186,21,86,189
24,2013,2013-04-28,4,0,0,12,3.66,3.66,190,21,86,201
25,2013,2013-04-29,19,3,11,6,3.96,3.96,209,24,97,207
26,2013,2013-04-30,5,1,2,13,3.88,3.88,214,25,99,220
27,2013,2013-05-01,12,0,6,11,3.96,3.96,226,25,105,231
28,2013,2013-05-03,4,1,2,6,3.9,3.9,230,26,107,237
29,2013,2013-05-04,15,2,10,8,4.11,4.11,245,28,117,245
30,2013,2013-05-05,9,0,4,5,4.12,4.12,254,28,121,250
31,2013,2013-05-06,15,2,8,8,4.25,4.25,269,30,129,258
32,2013,2013-05-07,11,1,5,9,4.28,4.28,280,31,134,267
33,2013,2013-05-08,6,2,2,6,4.21,4.21,286,33,136,273
34,2013,2013-05-10,6,1,5,3,4.23,4.23,292,34,141,276
35,2013,2013-05-11,5,1,1,5,4.14,4.14,297,35,142,281
36,2013,2013-05-12,8,1,3,11,4.1,4.1,305,36,145,292
37,2013,2013-05-13,10,0,3,10,4.07,4.07,315,36,148,302
38,2013,2013-05-14,5,0,0,12,3.96,3.96,320,36,148,314
39,2013,2013-05-15,9,1,1,8,3.89,3.89,329,37,149,322
40,2013,2013-05-17,9,1,5,8,3.93,3.93,338,38,154,330
41,2013,2013-05-18,7,2,3,6,3.91,3.91,345,40,157,336
42,2013,2013-05-19,8,0,3,11,3.9,3.9,353,40,160,347
43,2013,2013-05-20,3,0,1,5,3.83,3.83,356,40,161,352
44,2013,2013-05-21,12,0,5,4,3.87,3.87,368,40,166,356
45,2013,2013-05-22,9,1,2,5,3.83,3.83,377,41,168,361
46,2013,2013-05-24,6,2,6,7,3.88,3.88,383,43,174,368
47,2013,2013-05-25,7,0,2,8,3.84,3.84,390,43,176,376
48,2013,2013-05-26,10,0,5,7,3.86,3.86,400,43,181,383
49,2013,2013-05-27,14,0,5,5,3.88,3.88,414,43,186,388
50,2013,2013-05-28,2,0,0,7,3.8,3.8,416,43,186,395
51,2013,2013-05-29,8,1,4,3,3.82,3.82,424,44,190,398
52,2013,2013-05-30,9,0,3,6,3.81,3.81,433,44,193,404
53,2013,2013-05-31,10,1,5,6,3.82,3.82,443,45,198,410
54,2013,2013-06-01,14,2,7,9,3.88,3.88,457,47,205,419
55,2013,2013-06-02,6,4,6,6,3.93,3.93,463,51,211,425
56,2013,2013-06-03,8,0,1,7,3.87,3.87,471,51,212,432
57,2013,2013-06-04,13,3,6,9,3.91,3.91,484,54,218,441
58,2013,2013-06-05,12,1,5,11,3.93,3.93,496,55,223,452
59,2013,2013-06-06,7,0,0,10,3.86,3.86,503,55,223,462
60,2013,2013-06-07,8,0,1,8,3.81,3.81,511,55,224,470
61,2013,2013-06-08,9,2,2,10,3.78,3.78,520,57,226,480
62,2013,2013-06-09,7,2,4,7,3.78,3.78,527,59,230,487
63,2013,2013-06-10,11,0,5,7,3.8,3.8,538,59,235,494
64,2013,2013-06-11,4,1,3,8,3.79,3.79,542,60,238,502
65,2013,2013-06-12,20,0,8,8,3.83,3.83,562,60,246,510
66,2013,2013-06-14,8,0,3,7,3.83,3.83,570,60,249,517
67,2013,2013-06-15,9,1,3,12,3.8,3.8,579,61,252,529
68,2013,2013-06-16,10,2,6,8,3.84,3.84,589,63,258,537
69,2013,,8,1,5,5,3.86,3.86,597,64,263,542
70,2013,,3,0,0,4,3.81,3.81,600,64,263,546
71,2013,2013-06-20,9,1,5,6,3.83,3.83,609,65,268,552
72,2013,2013-06-21,8,1,4,9,3.84,3.84,617,66,272,561
73,2013,2013-06-22,5,0,1,10,3.8,3.8,622,66,273,571
74,2013,2013-06-23,7,1,1,8,3.76,3.76,629,67,274,579
75,2013,2013-06-24,8,0,1,8,3.72,3.72,637,67,275,587
76,2013,2013-06-25,10,2,5,5,3.74,3.74,647,69,280,592
77,2013,2013-06-26,5,1,2,9,3.72,3.72,652,70,282,601
78,2013,2013-06-27,14,2,4,7,3.72,3.72,666,72,286,608
79,2013,2013-06-28,21,2,14,5,3.85,3.85,687,74,300,613
80,2013,2013-06-29,11,2,3,7,3.84,3.84,698,76,303,620
81,2013,2013-06-30,6,0,1,8,3.81,3.81,704,76,304,628
82,2013,2013-07-02,4,0,0,8,3.76,3.76,708,76,304,636
83,2013,2013-07-03,10,1,7,7,3.8,3.8,718,77,311,643
84,2013,2013-07-04,12,1,8,7,3.86,3.86,730,78,319,650
85,2013,2013-07-05,8,0,2,5,3.83,3.83,738,78,321,655
86,2013,2013-07-06,7,0,1,8,3.8,3.8,745,78,322,663
87,2013,2013-07-07,4,0,1,4,3.77,3.77,749,78,323,667
88,2013,2013-07-08,4,0,1,9,3.74,3.74,753,78,324,676
89,2013,2013-07-09,5,0,1,6,3.71,3.71,758,78,325,682
90,2013,2013-07-10,9,1,5,11,3.7,3.7,767,79,330,693
91,2013,2013-07-11,7,1,1,11,3.67,3.67,774,80,331,704
92,2013,2013-07-12,7,0,3,13,3.66,3.66,781,80,334,717
93,2013,2013-07-13,2,0,0,9,3.62,3.62,783,80,334,726
94,2013,2013-07-14,11,1,3,7,3.62,3.62,794,81,337,733
95,2013,2013-07-19,9,0,2,5,3.6,3.6,803,81,339,738
96,2013,2013-07-20,10,0,1,8,3.57,3.57,813,81,340,746
97,2013,2013-07-21,4,2,2,11,3.55,3.55,817,83,342,757
98,2013,2013-07-22,13,0,5,6,3.57,3.57,830,83,347,763
99,2013,2013-07-23,15,3,9,5,3.62,3.62,845,86,356,768
100,2013,2013-07-24,5,0,3,9,3.61,3.61,850,86,359,777
101,2013,2013-07-25,9,2,5,7,3.63,3.63,859,88,364,784
102,2013,2013-07-26,6,0,1,10,3.6,3.6,865,88,365,794
103,2013,2013-07-27,2,1,1,9,3.57,3.57,867,89,366,803
104,2013,2013-07-28,3,0,0,5,3.53,3.53,870,89,366,808
105,2013,2013-07-30,5,1,2,9,3.52,3.52,875,90,368,817
106,2013,2013-07-31,6,0,1,5,3.49,3.49,881,90,369,822
107,2013,2013-08-01,5,4,4,12,3.5,3.5,886,94,373,834
108,2013,2013-08-02,14,0,2,7,3.48,3.48,900,94,375,841
109,2013,2013-08-03,8,0,0,8,3.45,3.45,908,94,375,849
110,2013,2013-08-04,7,0,0,10,3.42,3.42,915,94,375,859
111,2013,2013-08-05,8,0,2,5,3.41,3.41,923,94,377,864
112,2013,2013-08-06,8,2,5,7,3.43,3.43,931,96,382,871
113,2013,2013-08-07,10,0,1,10,3.4,3.4,941,96,383,881
114,2013,2013-08-08,7,0,0,9,3.37,3.37,948,96,383,890
115,2013,2013-08-09,12,0,5,6,3.39,3.39,960,96,388,896
116,2013,2013-08-10,6,0,0,9,3.36,3.36,966,96,388,905
117,2013,2013-08-11,3,0,1,9,3.34,3.34,969,96,389,914
118,2013,2013-08-12,10,0,2,8,3.33,3.33,979,96,391,922
119,2013,2013-08-13,7,1,2,4,3.32,3.32,986,97,393,926
120,2013,2013-08-14,14,1,4,12,3.31,3.31,1000,98,397,938
121,2013,2013-08-16,3,0,0,6,3.29,3.29,1003,98,397,944
122,2013,2013-08-17,3,0,0,8,3.26,3.26,1006,98,397,952
123,2013,2013-08-18,7,1,2,9,3.25,3.25,1013,99,399,961
124,2013,2013-08-19,10,1,6,6,3.27,3.27,1023,100,405,967
125,2013,2013-08-20,10,0,4,7,3.28,3.28,1033,100,409,974
126,2013,2013-08-21,6,1,1,8,3.26,3.26,1039,101,410,982
127,2013,2013-08-22,6,0,0,8,3.24,3.24,1045,101,410,990
128,2013,2013-08-23,2,0,0,8,3.21,3.21,1047,101,410,998
129,2013,2013-08-24,8,1,4,13,3.22,3.22,1055,102,414,1011
130,2013,2013-08-25,12,3,7,7,3.25,3.25,1067,105,421,1018
131,2013,2013-08-26,5,0,2,10,3.24,3.24,1072,105,423,1028
132,2013,2013-08-27,9,0,2,12,3.23,3.23,1081,105,425,1040
133,2013,2013-08-28,3,0,0,14,3.2,3.2,1084,105,425,1054
134,2013,2013-08-30,11,0,2,6,3.19,3.19,1095,105,427,1060
135,2013,2013-08-31,10,1,1,10,3.18,3.18,1105,106,428,1070
136,2013,2013-09-01,3,0,1,10,3.16,3.16,1108,106,429,1080
137,2013,2013-09-02,18,1,8,5,3.2,3.2,1126,107,437,1085
138,2013,2013-09-03,8,1,4,6,3.2,3.2,1134,108,441,1091
139,2013,2013-09-04,11,1,6,10,3.23,3.23,1145,109,447,1101
140,2013,2013-09-06,7,1,3,10,3.23,3.23,1152,110,450,1111
141,2013,2013-09-07,11,0,4,11,3.23,3.23,1163,110,454,1122
142,2013,2013-09-08,6,2,3,9,3.23,3.23,1169,112,457,1131
143,2013,2013-09-09,4,0,0,7,3.21,3.21,1173,112,457,1138
144,2013,2013-09-10,5,1,3,9,3.2,3.2,1178,113,460,1147
145,2013,2013-09-11,15,0,4,4,3.21,3.21,1193,113,464,1151
146,2013,2013-09-12,9,1,2,7,3.2,3.2,1202,114,466,1158
147,2013,2013-09-13,9,1,3,9,3.2,3.2,1211,115,469,1167
148,2013,2013-09-14,22,2,17,4,3.29,3.29,1233,117,486,1171
149,2013,2013-09-15,6,3,4,8,3.3,3.3,1239,120,490,1179
150,2013,2013-09-16,2,1,2,4,3.29,3.29,1241,121,492,1183
151,2013,2013-09-17,8,1,3,5,3.29,3.29,1249,122,495,1188
152,2013,2013-09-18,12,1,9,6,3.33,3.33,1261,123,504,1194
153,2013,2013-09-19,10,0,6,9,3.34,3.34,1271,123,510,1203
154,2013,2013-09-20,5,1,1,9,3.33,3.33,1276,124,511,1212
155,2013,2013-09-21,3,0,0,13,3.31,3.31,1279,124,511,1225
156,2013,2013-09-22,2,0,0,8,3.29,3.29,1281,124,511,1233
157,2013,2013-09-24,5,1,1,10,3.27,3.27,1286,125,512,1243
158,2013,2013-09-25,8,1,6,12,3.29,3.29,1294,126,518,1255
159,2013,2013-09-26,6,1,3,7,3.29,3.29,1300,127,521,1262
160,2013,2013-09-27,5,0,0,11,3.27,3.27,1305,127,521,1273
161,2013,2013-09-28,5,0,1,9,3.26,3.26,1310,127,522,1282
162,2013,2013-09-29,11,0,2,10,3.25,3.25,1321,127,524,1292
1,2014,2014-03-22,5,0,1,10,1.0,1.0,5,0,1,10
2,2014,2014-03-23,8,1,5,8,3.0,3.0,13,1,6,18
3,2014,2014-03-30,5,1,2,10,2.77,2.77,18,2,8,28
4,2014,2014-04-01,6,1,2,9,2.57,2.57,24,3,10,37
5,2014,2014-04-02,6,0,0,8,2.05,2.05,30,3,10,45
6,2014,2014-04-04,8,0,6,12,2.72,2.72,38,3,16,57
7,2014,2014-04-05,11,3,7,5,3.34,3.34,49,6,23,62
8,2014,2014-04-06,8,2,2,16,3.17,3.17,57,8,25,78
9,2014,2014-04-08,5,1,2,7,3.0,3.0,62,9,27,85
10,2014,2014-04-09,13,2,5,11,3.16,3.16,75,11,32,96
11,2014,2014-04-11,2,0,0,11,2.88,2.88,77,11,32,107
12,2014,2014-04-12,12,1,5,12,3.06,3.06,89,12,37,119
13,2014,2014-04-13,14,2,6,11,3.28,3.28,103,14,43,130
14,2014,2014-04-15,12,0,2,9,3.12,3.12,115,14,45,139
15,2014,2014-04-16,7,0,2,4,3.07,3.07,122,14,47,143
16,2014,2014-04-17,6,0,1,6,2.95,2.95,128,14,48,149
17,2014,2014-04-18,7,1,4,11,2.95,2.95,135,15,52,160
18,2014,2014-04-19,10,0,3,7,2.95,2.95,145,15,55,167
19,2014,2014-04-20,3,0,1,14,2.85,2.85,148,15,56,181
20,2014,2014-04-21,11,2,6,5,3.01,3.01,159,17,62,186
21,2014,2014-04-22,11,0,2,8,2.94,2.94,170,17,64,194
22,2014,2014-04-23,5,1,2,13,2.9,2.9,175,18,66,207
23,2014,2014-04-24,11,0,5,8,2.99,2.99,186,18,71,215
24,2014,2014-04-25,8,2,5,7,3.04,3.04,194,20,76,222
25,2014,2014-04-26,7,0,3,7,3.04,3.04,201,20,79,229
26,2014,2014-04-27,11,1,5,5,3.12,3.12,212,21,84,234
27,2014,2014-04-30,12,0,3,11,3.11,3.11,224,21,87,245
28,2014,,7,0,3,9,3.11,3.11,231,21,90,254
29,2014,,6,0,2,7,3.04,3.04,237,21,92,261
30,2014,2014-05-02,11,1,6,9,3.14,3.14,248,22,98,270
31,2014,2014-05-03,14,3,7,7,3.24,3.24,262,25,105,277
32,2014,2014-05-04,9,3,5,7,3.3,3.3,271,28,110,284
33,2014,2014-05-05,11,2,4,10,3.33,3.33,282,30,114,294
34,2014,2014-05-06,12,0,3,11,3.32,3.32,294,30,117,305
35,2014,2014-05-07,8,0,3,4,3.32,3.32,302,30,120,309
36,2014,2014-05-08,6,1,3,8,3.3,3.3,308,31,123,317
37,2014,2014-05-09,6,1,3,3,3.29,3.29,314,32,126,320
38,2014,2014-05-10,9,0,2,11,3.26,3.26,323,32,128,331
39,2014,2014-05-11,11,1,7,12,3.34,3.34,334,33,135,343
40,2014,2014-05-12,8,2,5,4,3.38,3.38,342,35,140,347
41,2014,2014-05-13,5,0,0,8,3.3,3.3,347,35,140,355
42,2014,2014-05-14,17,3,8,4,3.41,3.41,364,38,148,359
43,2014,2014-05-16,5,0,0,8,3.34,3.34,369,38,148,367
44,2014,2014-05-17,21,5,18,9,3.67,3.67,390,43,166,376
45,2014,2014-05-18,11,2,4,4,3.68,3.68,401,45,170,380
46,2014,2014-05-20,11,2,4,12,3.69,3.69,412,47,174,392
47,2014,2014-05-21,13,1,3,10,3.68,3.68,425,48,177,402
48,2014,2014-05-22,8,0,3,8,3.67,3.67,433,48,180,410
49,2014,2014-05-23,3,0,0,12,3.6,3.6,436,48,180,422
50,2014,2014-05-24,7,1,2,9,3.57,3.57,443,49,182,431
51,2014,2014-05-25,0,0,0,6,3.5,3.5,443,49,182,437
52,2014,2014-05-26,5,0,3,10,3.5,3.5,448,49,185,447
53,2014,2014-05-27,8,1,3,14,3.49,3.49,456,50,188,461
54,2014,2014-05-28,8,1,3,12,3.48,3.48,464,51,191,473
55,2014,2014-05-29,12,2,6,2,3.52,3.52,476,53,197,475
56,2014,2014-05-30,6,1,2,7,3.5,3.5,482,54,199,482
57,2014,2014-05-31,11,0,2,6,3.47,3.47,493,54,201,488
58,2014,2014-06-01,6,2,5,12,3.5,3.5,499,56,206,500
59,2014,2014-06-02,5,1,2,12,3.47,3.47,504,57,208,512
60,2014,2014-06-03,7,2,4,3,3.48,3.48,511,59,212,515
61,2014,2014-06-04,9,2,2,9,3.46,3.46,520,61,214,524
62,2014,2014-06-06,9,1,2,9,3.43,3.43,529,62,216,533
63,2014,2014-06-07,16,0,4,7,3.44,3.44,545,62,220,540
64,2014,2014-06-08,3,1,1,9,3.42,3.42,548,63,221,549
65,2014,2014-06-09,7,1,2,4,3.4,3.4,555,64,223,553
66,2014,2014-06-10,9,0,1,9,3.37,3.37,564,64,224,562
67,2014,2014-06-11,8,1,5,7,3.4,3.4,572,65,229,569
68,2014,2014-06-12,7,1,4,4,3.41,3.41,579,66,233,573
69,2014,2014-06-13,13,0,3,10,3.4,3.4,592,66,236,583
70,2014,2014-06-14,9,2,4,5,3.41,3.41,601,68,240,588
71,2014,2014-06-15,8,2,4,8,3.42,3.42,609,70,244,596
72,2014,2014-06-16,4,1,1,9,3.39,3.39,613,71,245,605
73,2014,2014-06-17,11,0,2,7,3.37,3.37,624,71,247,612
74,2014,2014-06-18,0,0,0,15,3.32,3.32,624,71,247,627
75,2014,2014-06-20,9,2,6,6,3.36,3.36,633,73,253,633
76,2014,2014-06-21,8,0,2,10,3.34,3.34,641,73,255,643
77,2014,2014-06-22,4,0,1,6,3.31,3.31,645,73,256,649
78,2014,2014-06-23,11,1,5,4,3.34,3.34,656,74,261,653
79,2014,2014-06-24,6,0,0,10,3.3,3.3,662,74,261,663
80,2014,2014-06-25,9,2,4,10,3.3,3.3,671,76,265,673
81,2014,2014-06-26,5,0,0,7,3.26,3.26,676,76,265,680
82,2014,2014-06-27,9,1,3,8,3.26,3.26,685,77,268,688
83,2014,2014-06-28,4,1,1,13,3.23,3.23,689,78,269,701
84,2014,2014-06-29,6,0,0,13,3.2,3.2,695,78,269,714
85,2014,2014-06-30,1,0,0,6,3.16,3.16,696,78,269,720
86,2014,2014-07-01,13,1,10,9,3.24,3.24,709,79,279,729
87,2014,2014-07-02,9,1,5,10,3.26,3.26,718,80,284,739
88,2014,2014-07-03,9,0,1,9,3.23,3.23,727,80,285,748
89,2014,2014-07-04,2,0,0,9,3.2,3.2,729,80,285,757
90,2014,2014-07-05,12,2,8,9,3.25,3.25,741,82,293,766
91,2014,2014-07-06,6,0,1,4,3.23,3.23,747,82,294,770
92,2014,2014-07-08,20,0,14,6,3.35,3.35,767,82,308,776
93,2014,2014-07-09,8,0,4,8,3.36,3.36,775,82,312,784
94,2014,2014-07-10,3,1,1,11,3.34,3.34,778,83,313,795
95,2014,2014-07-11,9,1,6,8,3.36,3.36,787,84,319,803
96,2014,2014-07-12,5,0,0,6,3.33,3.33,792,84,319,809
97,2014,2014-07-13,4,0,0,12,3.29,3.29,796,84,319,821
98,2014,2014-07-18,8,1,3,6,3.29,3.29,804,85,322,827
99,2014,2014-07-19,8,1,4,5,3.31,3.31,812,86,326,832
100,2014,2014-07-20,7,1,3,10,3.3,3.3,819,87,329,842
101,2014,2014-07-21,6,0,2,6,3.29,3.29,825,87,331,848
102,2014,2014-07-22,12,3,12,6,3.38,3.38,837,90,343,854
103,2014,2014-07-23,9,1,6,6,3.41,3.41,846,91,349,860
104,2014,2014-07-25,7,0,1,11,3.38,3.38,853,91,350,871
105,2014,2014-07-26,3,0,0,7,3.35,3.35,856,91,350,878
106,2014,2014-07-27,7,1,3,11,3.35,3.35,863,92,353,889
107,2014,2014-07-29,12,1,4,8,3.36,3.36,875,93,357,897
108,2014,2014-07-30,6,1,2,14,3.34,3.34,881,94,359,911
109,2014,2014-07-31,9,0,1,9,3.32,3.32,890,94,360,920
110,2014,2014-08-01,13,1,7,7,3.35,3.35,903,95,367,927
111,2014,2014-08-02,13,0,2,12,3.33,3.33,916,95,369,939
112,2014,2014-08-03,10,2,7,9,3.36,3.36,926,97,376,948
113,2014,2014-08-04,7,1,3,7,3.36,3.36,933,98,379,955
114,2014,2014-08-05,8,1,4,12,3.36,3.36,941,99,383,967
115,2014,2014-08-06,5,0,1,6,3.34,3.34,946,99,384,973
116,2014,2014-08-07,2,0,0,5,3.31,3.31,948,99,384,978
117,2014,2014-08-08,7,1,6,5,3.34,3.34,955,100,390,983
118,2014,2014-08-09,9,2,4,7,3.35,3.35,964,102,394,990
119,2014,2014-08-10,6,0,1,8,3.33,3.33,970,102,395,998
120,2014,2014-08-11,6,0,2,11,3.32,3.32,976,102,397,1009
121,2014,2014-08-12,6,1,2,12,3.31,3.31,982,103,399,1021
122,2014,2014-08-13,8,0,3,10,3.31,3.31,990,103,402,1031
123,2014,2014-08-14,11,0,4,10,3.31,3.31,1001,103,406,1041
124,2014,2014-08-15,9,0,6,8,3.34,3.34,1010,103,412,1049
125,2014,2014-08-16,5,2,3,11,3.33,3.33,1015,105,415,1060
126,2014,2014-08-17,7,2,4,7,3.34,3.34,1022,107,419,1067
127,2014,2014-08-19,14,1,6,9,3.36,3.36,1036,108,425,1076
128,2014,2014-08-20,11,0,3,3,3.36,3.36,1047,108,428,1079
129,2014,2014-08-21,3,0,1,12,3.34,3.34,1050,108,429,1091
130,2014,2014-08-22,6,1,2,7,3.33,3.33,1056,109,431,1098
131,2014,2014-08-23,12,2,3,6,3.33,3.33,1068,111,434,1104
132,2014,2014-08-24,14,4,9,2,3.37,3.37,1082,115,443,1106
133,2014,2014-08-26,9,0,5,6,3.38,3.38,1091,115,448,1112
134,2014,2014-08-27,6,0,0,12,3.36,3.36,1097,115,448,1124
135,2014,2014-08-29,8,0,1,9,3.33,3.33,1105,115,449,1133
136,2014,2014-08-30,7,0,2,9,3.32,3.32,1112,115,451,1142
137,2014,2014-08-31,4,0,1,9,3.3,3.3,1116,115,452,1151
138,2014,2014-09-01,9,4,6,6,3.32,3.32,1125,119,458,1157
139,2014,2014-09-02,3,1,1,11,3.31,3.31,1128,120,459,1168
140,2014,2014-09-03,12,2,5,12,3.3,3.3,1140,122,464,1180
141,2014,2014-09-05,4,0,1,7,3.29,3.29,1144,122,465,1187
142,2014,2014-09-06,9,0,2,10,3.28,3.28,1153,122,467,1197
143,2014,2014-09-07,6,0,2,9,3.27,3.27,1159,122,469,1206
144,2014,2014-09-08,4,1,2,10,3.26,3.26,1163,123,471,1216
145,2014,2014-09-09,8,1,3,5,3.26,3.26,1171,124,474,1221
146,2014,2014-09-10,4,0,0,8,3.24,3.24,1175,124,474,1229
147,2014,2014-09-12,12,2,9,6,3.28,3.28,1187,126,483,1235
148,2014,2014-09-13,5,0,0,7,3.26,3.26,1192,126,483,1242
149,2014,2014-09-14,7,0,2,11,3.25,3.25,1199,126,485,1253
150,2014,2014-09-15,10,1,3,4,3.25,3.25,1209,127,488,1257
151,2014,2014-09-16,9,1,9,6,3.29,3.29,1218,128,497,1263
152,2014,2014-09-17,21,3,14,4,3.36,3.36,1239,131,511,1267
153,2014,2014-09-18,11,0,4,11,3.36,3.36,1250,131,515,1278
154,2014,2014-09-19,11,0,5,15,3.38,3.38,1261,131,520,1293
155,2014,2014-09-20,12,3,8,7,3.41,3.41,1273,134,528,1300
156,2014,2014-09-21,8,1,5,13,3.42,3.42,1281,135,533,1313
157,2014,2014-09-22,12,1,4,12,3.41,3.41,1293,136,537,1325
158,2014,2014-09-23,7,1,2,5,3.4,3.4,1300,137,539,1330
159,2014,2014-09-24,8,0,1,11,3.39,3.39,1308,137,540,1341
160,2014,2014-09-26,9,2,4,6,3.39,3.39,1317,139,544,1347
161,2014,2014-09-27,12,2,5,12,3.39,3.39,1329,141,549,1359
162,2014,2014-09-28,9,1,5,14,3.4,3.4,1338,142,554,1373
1,2015,2015-04-06,7,0,3,12,3.0,3.0,7,0,3,12
2,2015,2015-04-07,11,0,4,7,3.5,3.5,18,0,7,19
3,2015,2015-04-08,11,2,4,13,3.67,3.67,29,2,11,32
4,2015,2015-04-10,7,1,4,10,3.72,3.72,36,3,15,42
5,2015,2015-04-11,10,1,5,7,4.06,4.06,46,4,20,49
6,2015,2015-04-12,10,0,4,11,4.05,4.05,56,4,24,60
7,2015,2015-04-13,6,4,5,15,4.12,4.12,62,8,29,75
8,2015,2015-04-14,10,2,5,12,4.23,4.23,72,10,34,87
9,2015,2015-04-15,9,1,2,7,3.98,3.98,81,11,36,94
10,2015,2015-04-17,7,2,1,16,3.69,3.69,88,13,37,110
11,2015,2015-04-18,5,1,3,5,3.62,3.62,93,14,40,115
12,2015,2015-04-19,4,0,0,9,3.32,3.32,97,14,40,124
13,2015,2015-04-21,13,1,6,6,3.56,3.56,110,15,46,130
14,2015,2015-04-22,5,0,3,11,3.53,3.53,115,15,49,141
15,2015,2015-04-23,10,0,3,9,3.48,3.48,125,15,52,150
16,2015,2015-04-24,6,0,0,9,3.27,3.27,131,15,52,159
17,2015,2015-04-25,8,3,8,10,3.54,3.54,139,18,60,169
18,2015,2015-04-26,5,2,3,8,3.54,3.54,144,20,63,177
19,2015,2015-04-27,7,0,3,7,3.51,3.51,151,20,66,184
20,2015,2015-04-28,10,1,2,8,3.43,3.43,161,21,68,192
21,2015,2015-04-29,7,1,3,10,3.41,3.41,168,22,71,202
22,2015,2015-05-01,5,0,0,5,3.25,3.25,173,22,71,207
23,2015,2015-05-02,9,2,4,5,3.29,3.29,182,24,75,212
24,2015,2015-05-03,9,0,0,13,3.09,3.09,191,24,75,225
25,2015,2015-05-04,7,1,4,8,3.14,3.14,198,25,79,233
26,2015,2015-05-05,3,0,1,8,3.06,3.06,201,25,80,241
27,2015,2015-05-06,7,2,6,8,3.18,3.18,208,27,86,249
28,2015,2015-05-07,8,1,4,9,3.21,3.21,216,28,90,258
29,2015,2015-05-08,6,0,0,1,3.15,3.15,222,28,90,259
30,2015,2015-05-10,9,0,5,9,3.21,3.21,231,28,95,268
31,2015,2015-05-11,9,2,3,8,3.2,3.2,240,30,98,276
32,2015,2015-05-12,5,1,1,5,3.13,3.13,245,31,99,281
33,2015,2015-05-13,12,0,5,8,3.19,3.19,257,31,104,289
34,2015,2015-05-14,9,2,5,14,3.24,3.24,266,33,109,303
35,2015,2015-05-15,8,0,4,18,3.27,3.27,274,33,113,321
36,2015,2015-05-16,9,3,7,11,3.37,3.37,283,36,120,332
37,2015,2015-05-17,3,0,0,11,3.28,3.28,286,36,120,343
38,2015,2015-05-19,8,0,1,3,3.23,3.23,294,36,121,346
39,2015,2015-05-20,8,1,4,9,3.26,3.26,302,37,125,355
40,2015,2015-05-21,9,1,4,7,3.29,3.29,311,38,129,362
41,2015,2015-05-22,6,0,1,7,3.23,3.23,317,38,130,369
42,2015,2015-05-23,1,0,0,9,3.15,3.15,318,38,130,378
43,2015,2015-05-24,20,2,11,5,3.34,3.34,338,40,141,383
44,2015,2015-05-25,9,0,3,4,3.33,3.33,347,40,144,387
45,2015,2015-05-26,5,0,0,11,3.25,3.25,352,40,144,398
46,2015,2015-05-27,5,1,3,12,3.25,3.25,357,41,147,410
47,2015,2015-05-29,10,0,2,4,3.23,3.23,367,41,149,414
48,2015,2015-05-30,6,0,0,8,3.16,3.16,373,41,149,422
49,2015,2015-05-31,8,1,3,6,3.16,3.16,381,42,152,428
50,2015,2015-06-01,9,1,4,10,3.18,3.18,390,43,156,438
51,2015,,12,2,6,3,3.24,3.24,402,45,162,441
52,2015,,15,1,8,5,3.34,3.34,417,46,170,446
53,2015,2015-06-03,10,1,7,6,3.41,3.41,427,47,177,452
54,2015,2015-06-04,12,0,5,7,3.44,3.44,439,47,182,459
55,2015,2015-06-05,5,0,2,5,3.42,3.42,444,47,184,464
56,2015,2015-06-06,1,0,0,12,3.35,3.35,445,47,184,476
57,2015,2015-06-07,9,1,4,9,3.37,3.37,454,48,188,485
58,2015,2015-06-08,5,0,3,10,3.36,3.36,459,48,191,495
59,2015,2015-06-09,9,0,1,6,3.32,3.32,468,48,192,501
60,2015,2015-06-10,11,3,6,5,3.36,3.36,479,51,198,506
61,2015,2015-06-12,7,2,1,16,3.32,3.32,486,53,199,522
62,2015,2015-06-13,8,1,2,7,3.31,3.31,494,54,201,529
63,2015,2015-06-14,11,0,2,15,3.27,3.27,505,54,203,544
64,2015,2015-06-15,6,0,4,5,3.29,3.29,511,54,207,549
65,2015,2015-06-16,9,1,3,4,3.29,3.29,520,55,210,553
66,2015,2015-06-17,8,2,4,14,3.3,3.3,528,57,214,567
67,2015,2015-06-18,4,0,0,13,3.25,3.25,532,57,214,580
68,2015,2015-06-19,12,1,9,11,3.34,3.34,544,58,223,591
69,2015,2015-06-20,8,2,6,5,3.38,3.38,552,60,229,596
70,2015,2015-06-21,8,0,2,5,3.36,3.36,560,60,231,601
71,2015,2015-06-22,5,3,4,10,3.37,3.37,565,63,235,611
72,2015,2015-06-23,5,0,1,8,3.33,3.33,570,63,236,619
73,2015,2015-06-24,9,0,2,8,3.31,3.31,579,63,238,627
74,2015,2015-06-25,8,0,0,8,3.27,3.27,587,63,238,635
75,2015,2015-06-26,6,0,1,16,3.24,3.24,593,63,239,651
76,2015,2015-06-27,8,0,1,12,3.21,3.21,601,63,240,663
77,2015,2015-06-28,5,0,0,8,3.17,3.17,606,63,240,671
78,2015,2015-06-29,12,2,8,8,3.24,3.24,618,65,248,679
79,2015,2015-06-30,10,1,4,6,3.24,3.24,628,66,252,685
80,2015,2015-07-01,10,2,3,10,3.24,3.24,638,68,255,695
81,2015,2015-07-03,6,0,2,10,3.22,3.22,644,68,257,705
82,2015,2015-07-04,9,0,3,6,3.22,3.22,653,68,260,711
83,2015,2015-07-05,15,0,8,9,3.28,3.28,668,68,268,720
84,2015,2015-07-06,11,3,7,12,3.33,3.33,679,71,275,732
85,2015,2015-07-07,10,1,6,8,3.36,3.36,689,72,281,740
86,2015,2015-07-08,8,0,0,13,3.32,3.32,697,72,281,753
87,2015,2015-07-09,2,0,0,9,3.28,3.28,699,72,281,762
88,2015,2015-07-10,7,0,2,9,3.26,3.26,706,72,283,771
89,2015,2015-07-11,12,1,7,6,3.31,3.31,718,73,290,777
90,2015,2015-07-12,8,2,3,6,3.3,3.3,726,75,293,783
91,2015,,7,2,5,5,3.33,3.33,733,77,298,788
92,2015,2015-07-18,5,1,2,17,3.31,3.31,738,78,300,805
93,2015,2015-07-19,5,0,0,11,3.28,3.28,743,78,300,816
94,2015,2015-07-20,11,1,7,5,3.32,3.32,754,79,307,821
95,2015,2015-07-21,9,0,1,8,3.3,3.3,763,79,308,829
96,2015,2015-07-22,3,0,0,7,3.26,3.26,766,79,308,836
97,2015,2015-07-23,3,0,0,11,3.23,3.23,769,79,308,847
98,2015,2015-07-24,6,0,2,7,3.22,3.22,775,79,310,854
99,2015,2015-07-25,21,4,15,8,3.34,3.34,796,83,325,862
100,2015,2015-07-26,6,0,3,7,3.34,3.34,802,83,328,869
101,2015,2015-07-28,6,1,2,5,3.32,3.32,808,84,330,874
102,2015,2015-07-29,13,1,6,7,3.35,3.35,821,85,336,881
103,2015,2015-07-31,6,1,3,9,3.35,3.35,827,86,339,890
104,2015,2015-08-01,4,0,1,9,3.32,3.32,831,86,340,899
105,2015,2015-08-02,8,1,3,5,3.32,3.32,839,87,343,904
106,2015,2015-08-04,10,1,6,10,3.35,3.35,849,88,349,914
107,2015,2015-08-05,6,1,3,12,3.34,3.34,855,89,352,926
108,2015,2015-08-06,12,1,7,10,3.38,3.38,867,90,359,936
109,2015,2015-08-07,14,1,5,8,3.39,3.39,881,91,364,944
110,2015,2015-08-08,9,2,6,4,3.42,3.42,890,93,370,948
111,2015,2015-08-09,16,3,13,10,3.51,3.51,906,96,383,958
112,2015,2015-08-10,13,2,8,10,3.55,3.55,919,98,391,968
113,2015,2015-08-11,7,0,0,8,3.52,3.52,926,98,391,976
114,2015,2015-08-12,3,0,0,10,3.49,3.49,929,98,391,986
115,2015,2015-08-13,15,2,9,9,3.54,3.54,944,100,400,995
116,2015,2015-08-14,5,1,3,6,3.53,3.53,949,101,403,1001
117,2015,2015-08-15,7,1,3,5,3.53,3.53,956,102,406,1006
118,2015,2015-08-16,6,0,1,10,3.51,3.51,962,102,407,1016
119,2015,2015-08-18,12,0,5,9,3.52,3.52,974,102,412,1025
120,2015,2015-08-19,8,0,5,2,3.54,3.54,982,102,417,1027
121,2015,2015-08-21,7,2,3,8,3.53,3.53,989,104,420,1035
122,2015,2015-08-22,3,2,3,6,3.53,3.53,992,106,423,1041
123,2015,2015-08-23,10,1,3,12,3.53,3.53,1002,107,426,1053
124,2015,2015-08-25,7,0,1,6,3.51,3.51,1009,107,427,1059
125,2015,2015-08-26,8,0,1,9,3.49,3.49,1017,107,428,1068
126,2015,2015-08-27,4,0,0,10,3.46,3.46,1021,107,428,1078
127,2015,2015-08-28,3,1,1,15,3.44,3.44,1024,108,429,1093
128,2015,2015-08-29,6,0,2,11,3.43,3.43,1030,108,431,1104
129,2015,2015-08-30,13,1,2,10,3.42,3.42,1043,109,433,1114
130,2015,2015-08-31,13,0,4,10,3.41,3.41,1056,109,437,1124
131,2015,2015-09-01,5,0,1,5,3.39,3.39,1061,109,438,1129
132,2015,2015-09-02,6,0,1,15,3.37,3.37,1067,109,439,1144
133,2015,2015-09-03,15,2,10,7,3.42,3.42,1082,111,449,1151
134,2015,2015-09-04,4,3,4,12,3.43,3.43,1086,114,453,1163
135,2015,2015-09-05,3,0,0,6,3.4,3.4,1089,114,453,1169
136,2015,2015-09-06,6,1,1,8,3.38,3.38,1095,115,454,1177
137,2015,2015-09-07,11,2,5,11,3.39,3.39,1106,117,459,1188
138,2015,2015-09-08,6,1,3,9,3.39,3.39,1112,118,462,1197
139,2015,2015-09-09,7,0,3,4,3.39,3.39,1119,118,465,1201
140,2015,2015-09-11,17,3,7,7,3.42,3.42,1136,121,472,1208
141,2015,2015-09-12,10,1,5,7,3.43,3.43,1146,122,477,1215
142,2015,2015-09-13,5,1,3,11,3.43,3.43,1151,123,480,1226
143,2015,2015-09-14,5,0,1,8,3.41,3.41,1156,123,481,1234
144,2015,2015-09-15,12,1,4,18,3.4,3.4,1168,124,485,1252
145,2015,2015-09-16,2,0,0,7,3.37,3.37,1170,124,485,1259
146,2015,2015-09-18,6,1,2,4,3.36,3.36,1176,125,487,1263
147,2015,2015-09-19,8,0,3,8,3.36,3.36,1184,125,490,1271
148,2015,2015-09-20,12,2,3,6,3.36,3.36,1196,127,493,1277
149,2015,2015-09-21,17,3,8,3,3.39,3.39,1213,130,501,1280
150,2015,2015-09-22,11,3,8,11,3.42,3.42,1224,133,509,1291
151,2015,2015-09-23,5,1,1,6,3.41,3.41,1229,134,510,1297
152,2015,2015-09-24,7,1,3,14,3.4,3.4,1236,135,513,1311
153,2015,2015-09-25,9,3,4,9,3.41,3.41,1245,138,517,1320
154,2015,2015-09-26,16,2,8,6,3.44,3.44,1261,140,525,1326
155,2015,2015-09-27,15,1,12,5,3.5,3.5,1276,141,537,1331
156,2015,2015-09-28,9,0,3,10,3.49,3.49,1285,141,540,1341
157,2015,2015-09-29,1,0,0,13,3.47,3.47,1286,141,540,1354
158,2015,2015-09-30,8,2,5,10,3.48,3.48,1294,143,545,1364
159,2015,2015-10-01,5,0,2,3,3.47,3.47,1299,143,547,1367
160,2015,2015-10-02,6,0,2,6,3.46,3.46,1305,143,549,1373
161,2015,2015-10-03,5,1,1,9,3.45,3.45,1310,144,550,1382
162,2015,2015-10-04,7,1,3,14,3.44,3.44,1317,145,553,1396
1,2016,2016-04-04,4,0,0,10,0.0,0.0,4,0,0,10
2,2016,2016-04-05,2,0,0,11,0.0,0.0,6,0,0,21
3,2016,2016-04-06,5,0,0,7,0.0,0.0,11,0,0,28
4,2016,2016-04-07,17,1,12,6,3.09,3.09,28,1,12,34
5,2016,2016-04-08,2,2,3,6,3.07,3.07,30,3,15,40
6,2016,2016-04-09,5,2,2,9,2.83,2.83,35,5,17,49
7,2016,2016-04-10,12,3,9,4,3.77,3.77,47,8,26,53
8,2016,2016-04-12,9,2,4,6,3.8,3.8,56,10,30,59
9,2016,2016-04-13,5,1,1,5,3.49,3.49,61,11,31,64
10,2016,2016-04-14,6,0,2,9,3.34,3.34,67,11,33,73
11,2016,2016-04-15,5,0,2,9,3.21,3.21,72,11,35,82
12,2016,2016-04-16,8,0,4,7,3.28,3.28,80,11,39,89
13,2016,2016-04-17,5,1,1,8,3.1,3.1,85,12,40,97
14,2016,2016-04-19,10,0,4,4,3.19,3.19,95,12,44,101
15,2016,2016-04-20,7,0,2,7,3.09,3.09,102,12,46,108
16,2016,2016-04-21,11,0,1,11,2.94,2.94,113,12,47,119
17,2016,2016-04-22,9,2,7,5,3.2,3.2,122,14,54,124
18,2016,2016-04-23,6,0,1,11,3.07,3.07,128,14,55,135
19,2016,2016-04-24,11,0,10,9,3.44,3.44,139,14,65,144
20,2016,2016-04-25,8,1,3,6,3.42,3.42,147,15,68,150
21,2016,2016-04-26,11,1,6,10,3.54,3.54,158,16,74,160
22,2016,2016-04-27,8,0,2,8,3.47,3.47,166,16,76,168
23,2016,2016-04-28,9,2,5,6,3.54,3.54,175,18,81,174
24,2016,2016-04-29,9,1,5,12,3.6,3.6,184,19,86,186
25,2016,2016-04-30,9,0,5,12,3.66,3.66,193,19,91,198
26,2016,2016-05-01,3,0,0,14,3.52,3.52,196,19,91,212
27,2016,2016-05-03,8,2,5,10,3.57,3.57,204,21,96,222
28,2016,2016-05-04,10,4,7,10,3.71,3.71,214,25,103,232
29,2016,2016-05-06,5,2,5,7,3.77,3.77,219,27,108,239
30,2016,2016-05-07,9,0,2,12,3.71,3.71,228,27,110,251
31,2016,2016-05-08,5,0,1,9,3.62,3.62,233,27,111,260
32,2016,2016-05-09,8,2,3,10,3.6,3.6,241,29,114,270
33,2016,2016-05-10,5,0,1,13,3.52,3.52,246,29,115,283
34,2016,2016-05-11,8,2,4,11,3.53,3.53,254,31,119,294
35,2016,2016-05-12,3,0,0,13,3.43,3.43,257,31,119,307
36,2016,2016-05-13,9,1,4,5,3.45,3.45,266,32,123,312
37,2016,2016-05-14,5,1,2,8,3.41,3.41,271,33,125,320
38,2016,2016-05-15,7,1,5,8,3.45,3.45,278,34,130,328
39,2016,2016-05-16,12,0,7,7,3.54,3.54,290,34,137,335
40,2016,2016-05-17,4,0,1,13,3.48,3.48,294,34,138,348
41,2016,2016-05-18,12,1,7,8,3.58,3.58,306,35,145,356
42,2016,2016-05-19,11,2,7,6,3.67,3.67,317,37,152,362
43,2016,2016-05-20,7,3,7,6,3.76,3.76,324,40,159,368
44,2016,2016-05-21,5,0,3,19,3.72,3.72,329,40,162,387
45,2016,2016-05-22,9,0,5,12,3.68,3.68,338,40,167,399
46,2016,2016-05-23,2,0,0,7,3.6,3.6,340,40,167,406
47,2016,2016-05-24,3,1,2,9,3.56,3.56,343,41,169,415
48,2016,2016-05-25,4,0,1,14,3.51,3.51,347,41,170,429
49,2016,2016-05-27,9,3,6,12,3.57,3.57,356,44,176,441
50,2016,2016-05-28,3,1,1,10,3.52,3.52,359,45,177,451
51,2016,2016-05-29,5,1,2,12,3.49,3.49,364,46,179,463
52,2016,2016-05-30,8,0,2,9,3.47,3.47,372,46,181,472
53,2016,2016-05-31,1,0,0,11,3.4,3.4,373,46,181,483
54,2016,2016-06-01,3,1,2,11,3.38,3.38,376,47,183,494
55,2016,2016-06-02,10,4,6,11,3.44,3.44,386,51,189,505
56,2016,2016-06-03,7,0,1,7,3.4,3.4,393,51,190,512
57,2016,2016-06-04,5,0,0,8,3.34,3.34,398,51,190,520
58,2016,2016-06-05,12,1,6,7,3.38,3.38,410,52,196,527
59,2016,2016-06-06,9,2,6,10,3.43,3.43,419,54,202,537
60,2016,2016-06-07,9,1,2,15,3.4,3.4,428,55,204,552
61,2016,2016-06-08,6,0,1,10,3.36,3.36,434,55,205,562
62,2016,2016-06-10,6,1,2,14,3.34,3.34,440,56,207,576
63,2016,2016-06-11,7,0,5,3,3.37,3.37,447,56,212,579
64,2016,2016-06-12,5,1,2,7,3.35,3.35,452,57,214,586
65,2016,2016-06-13,6,2,3,8,3.35,3.35,458,59,217,594
66,2016,2016-06-14,9,0,3,11,3.34,3.34,467,59,220,605
67,2016,2016-06-15,5,1,2,13,3.32,3.32,472,60,222,618
68,2016,2016-06-16,10,3,8,11,3.39,3.39,482,63,230,629
69,2016,2016-06-17,12,0,2,16,3.37,3.37,494,63,232,645
70,2016,2016-06-18,11,1,6,7,3.41,3.41,505,64,238,652
71,2016,2016-06-19,6,1,1,10,3.37,3.37,511,65,239,662
72,2016,2016-06-20,7,0,1,10,3.34,3.34,518,65,240,672
73,2016,2016-06-21,11,2,2,5,3.32,3.32,529,67,242,677
74,2016,2016-06-22,11,1,3,10,3.32,3.32,540,68,245,687
75,2016,2016-06-24,12,2,8,8,3.38,3.38,552,70,253,695
76,2016,2016-06-25,5,3,6,5,3.42,3.42,557,73,259,700
77,2016,2016-06-26,9,0,4,6,3.44,3.44,566,73,263,706
78,2016,2016-06-27,5,0,4,10,3.44,3.44,571,73,267,716
79,2016,2016-06-28,4,0,4,10,3.45,3.45,575,73,271,726
80,2016,2016-06-29,12,2,7,11,3.5,3.5,587,75,278,737
81,2016,2016-06-30,4,0,1,7,3.47,3.47,591,75,279,744
82,2016,2016-07-01,3,0,0,12,3.43,3.43,594,75,279,756
83,2016,2016-07-02,5,1,1,14,3.4,3.4,599,76,280,770
84,2016,2016-07-03,4,1,1,15,3.37,3.37,603,77,281,785
85,2016,2016-07-04,8,0,5,8,3.39,3.39,611,77,286,793
86,2016,2016-07-05,9,1,4,11,3.39,3.39,620,78,290,804
87,2016,2016-07-06,13,2,6,18,3.4,3.4,633,80,296,822
88,2016,2016-07-07,10,1,6,7,3.43,3.43,643,81,302,829
89,2016,2016-07-08,14,2,6,7,3.46,3.46,657,83,308,836
90,2016,2016-07-09,3,1,3,14,3.46,3.46,660,84,311,850
91,2016,2016-07-10,3,1,1,16,3.43,3.43,663,85,312,866
92,2016,2016-07-15,12,2,7,8,3.47,3.47,675,87,319,874
93,2016,2016-07-16,8,0,2,16,3.44,3.44,683,87,321,890
94,2016,2016-07-17,9,1,6,6,3.47,3.47,692,88,327,896
95,2016,2016-07-19,7,1,4,9,3.48,3.48,699,89,331,905
96,2016,2016-07-20,9,4,8,12,3.53,3.53,708,93,339,917
97,2016,2016-07-21,10,0,3,9,3.53,3.53,718,93,342,926
98,2016,2016-07-22,8,2,3,11,3.5,3.5,726,95,345,937
99,2016,2016-07-23,6,1,2,7,3.48,3.48,732,96,347,944
100,2016,2016-07-24,8,1,6,8,3.51,3.51,740,97,353,952
101,2016,2016-07-26,6,0,2,10,3.49,3.49,746,97,355,962
102,2016,2016-07-27,8,1,3,13,3.49,3.49,754,98,358,975
103,2016,2016-07-29,9,0,7,7,3.52,3.52,763,98,365,982
104,2016,2016-07-30,10,1,4,9,3.52,3.52,773,99,369,991
105,2016,2016-07-31,3,0,2,6,3.51,3.51,776,99,371,997
106,2016,2016-08-02,11,0,5,6,3.53,3.53,787,99,376,1003
107,2016,2016-08-03,17,5,12,5,3.61,3.61,804,104,388,1008
108,2016,2016-08-04,5,1,2,8,3.6,3.6,809,105,390,1016
109,2016,2016-08-05,10,3,7,6,3.63,3.63,819,108,397,1022
110,2016,2016-08-06,5,0,0,11,3.59,3.59,824,108,397,1033
111,2016,2016-08-07,6,0,5,10,3.61,3.61,830,108,402,1043
112,2016,2016-08-08,8,1,2,7,3.59,3.59,838,109,404,1050
113,2016,2016-08-09,9,2,3,9,3.59,3.59,847,111,407,1059
114,2016,2016-08-10,7,1,6,12,3.61,3.61,854,112,413,1071
115,2016,2016-08-12,7,2,5,6,3.62,3.62,861,114,418,1077
116,2016,2016-08-13,10,1,4,11,3.62,3.62,871,115,422,1088
117,2016,2016-08-14,16,3,10,7,3.68,3.68,887,118,432,1095
118,2016,2016-08-16,8,3,5,13,3.69,3.69,895,121,437,1108
119,2016,2016-08-17,11,1,2,5,3.67,3.67,906,122,439,1113
120,2016,2016-08-18,9,2,4,9,3.68,3.68,915,124,443,1122
121,2016,2016-08-19,12,2,9,8,3.73,3.73,927,126,452,1130
122,2016,2016-08-20,18,3,11,3,3.79,3.79,945,129,463,1133
123,2016,2016-08-21,9,0,0,12,3.76,3.76,954,129,463,1145
124,2016,2016-08-22,14,0,9,4,3.8,3.8,968,129,472,1149
125,2016,2016-08-23,9,1,5,7,3.81,3.81,977,130,477,1156
126,2016,2016-08-24,6,0,0,7,3.78,3.78,983,130,477,1163
127,2016,2016-08-25,8,1,3,6,3.78,3.78,991,131,480,1169
128,2016,2016-08-26,9,2,6,12,3.79,3.79,1000,133,486,1181
129,2016,2016-08-27,8,0,1,10,3.77,3.77,1008,133,487,1191
130,2016,2016-08-28,4,0,0,10,3.74,3.74,1012,133,487,1201
131,2016,2016-08-29,12,1,8,9,3.77,3.77,1024,134,495,1210
132,2016,,14,1,7,6,3.8,3.8,1038,135,502,1216
133,2016,,12,2,7,9,3.83,3.83,1050,137,509,1225
134,2016,2016-09-02,6,1,4,12,3.83,3.83,1056,138,513,1237
135,2016,2016-09-03,4,0,1,13,3.81,3.81,1060,138,514,1250
136,2016,2016-09-04,7,1,3,12,3.8,3.8,1067,139,517,1262
137,2016,2016-09-05,4,0,2,9,3.79,3.79,1071,139,519,1271
138,2016,2016-09-06,4,1,2,10,3.77,3.77,1075,140,521,1281
139,2016,2016-09-07,7,0,1,8,3.75,3.75,1082,140,522,1289
140,2016,2016-09-09,8,1,4,8,3.76,3.76,1090,141,526,1297
141,2016,2016-09-10,2,0,0,12,3.73,3.73,1092,141,526,1309
142,2016,2016-09-11,10,0,2,5,3.72,3.72,1102,141,528,1314
143,2016,2016-09-12,5,2,2,11,3.71,3.71,1107,143,530,1325
144,2016,2016-09-13,8,3,3,5,3.71,3.71,1115,146,533,1330
145,2016,2016-09-14,3,0,0,14,3.68,3.68,1118,146,533,1344
146,2016,2016-09-15,6,2,7,12,3.71,3.71,1124,148,540,1356
147,2016,2016-09-16,6,0,2,12,3.7,3.7,1130,148,542,1368
148,2016,2016-09-17,6,2,2,15,3.69,3.69,1136,150,544,1383
149,2016,2016-09-18,16,3,8,12,3.71,3.71,1152,153,552,1395
150,2016,2016-09-19,3,0,0,9,3.68,3.68,1155,153,552,1404
151,2016,2016-09-20,11,2,2,10,3.67,3.67,1166,155,554,1414
152,2016,2016-09-21,7,1,2,9,3.66,3.66,1173,156,556,1423
153,2016,2016-09-22,7,1,4,7,3.66,3.66,1180,157,560,1430
154,2016,2016-09-23,8,1,1,11,3.65,3.65,1188,158,561,1441
155,2016,2016-09-24,6,1,1,8,3.63,3.63,1194,159,562,1449
156,2016,2016-09-25,8,1,3,10,3.62,3.62,1202,160,565,1459
157,2016,2016-09-27,6,2,7,10,3.65,3.65,1208,162,572,1469
158,2016,2016-09-28,8,1,4,8,3.65,3.65,1216,163,576,1477
159,2016,2016-09-29,14,0,4,10,3.65,3.65,1230,163,580,1487
160,2016,2016-09-30,13,1,9,6,3.69,3.69,1243,164,589,1493
161,2016,2016-10-01,7,1,2,6,3.68,3.68,1250,165,591,1499
162,2016,2016-10-02,16,0,7,11,3.7,3.7,1266,165,598,1510
1,2017,2017-04-03,5,1,2,9,2.0,2.0,5,1,2,9
2,2017,2017-04-04,11,1,4,9,3.0,3.0,16,2,6,18
3,2017,2017-04-05,3,1,1,7,2.33,2.33,19,3,7,25
4,2017,2017-04-06,6,1,2,8,2.25,2.25,25,4,9,33
5,2017,2017-04-07,6,1,2,11,2.25,2.25,31,5,11,44
6,2017,2017-04-08,9,3,4,7,2.6,2.6,40,8,15,51
7,2017,2017-04-09,9,1,6,11,3.1,3.1,49,9,21,62
8,2017,2017-04-10,6,0,2,10,2.97,2.97,55,9,23,72
9,2017,2017-04-12,5,0,0,9,2.63,2.63,60,9,23,81
10,2017,2017-04-13,8,2,4,9,2.8,2.8,68,11,27,90
11,2017,2017-04-14,4,0,1,9,2.63,2.63,72,11,28,99
12,2017,2017-04-15,5,1,4,12,2.75,2.75,77,12,32,111
13,2017,2017-04-16,9,1,3,7,2.77,2.77,86,13,35,118
14,2017,2017-04-17,10,1,4,14,2.86,2.86,96,14,39,132
15,2017,2017-04-18,7,3,4,12,2.94,2.94,103,17,43,144
16,2017,2017-04-19,6,0,2,12,2.88,2.88,109,17,45,156
17,2017,2017-04-21,14,1,13,11,3.51,3.51,123,18,58,167
18,2017,2017-04-22,14,4,10,7,3.91,3.91,137,22,68,174
19,2017,2017-04-23,7,1,2,8,3.8,3.8,144,23,70,182
20,2017,2017-04-24,8,0,2,5,3.73,3.73,152,23,72,187
21,2017,2017-04-25,8,0,1,9,3.6,3.6,160,23,73,196
22,2017,2017-04-26,6,2,4,7,3.61,3.61,166,25,77,203
23,2017,2017-04-27,7,0,1,8,3.48,3.48,173,25,78,211
24,2017,2017-04-28,7,0,3,12,3.45,3.45,180,25,81,223
25,2017,2017-04-29,13,2,5,6,3.52,3.52,193,27,86,229
26,2017,2017-04-30,6,1,3,13,3.5,3.5,199,28,89,242
27,2017,2017-05-01,8,2,3,8,3.48,3.48,207,30,92,250
28,2017,2017-05-02,12,0,4,14,3.5,3.5,219,30,96,264
29,2017,2017-05-03,11,0,4,10,3.49,3.49,230,30,100,274
30,2017,2017-05-05,4,0,1,13,3.4,3.4,234,30,101,287
31,2017,2017-05-06,7,1,1,12,3.33,3.33,241,31,102,299
32,2017,2017-05-08,5,0,1,17,3.25,3.25,246,31,103,316
33,2017,2017-05-09,4,1,3,10,3.23,3.23,250,32,106,326
34,2017,2017-05-10,5,1,2,5,3.2,3.2,255,33,108,331
35,2017,2017-05-11,12,0,5,9,3.26,3.26,267,33,113,340
36,2017,2017-05-12,7,0,2,7,3.22,3.22,274,33,115,347
37,2017,2017-05-13,7,0,0,14,3.14,3.14,281,33,115,361
38,2017,2017-05-14,13,3,9,6,3.3,3.3,294,36,124,367
39,2017,2017-05-15,10,1,8,8,3.43,3.43,304,37,132,375
40,2017,2017-05-16,11,1,2,9,3.41,3.41,315,38,134,384
41,2017,2017-05-17,4,1,1,7,3.35,3.35,319,39,135,391
42,2017,2017-05-18,7,2,2,13,3.31,3.31,326,41,137,404
43,2017,2017-05-19,9,1,2,6,3.28,3.28,335,42,139,410
44,2017,2017-05-20,14,1,9,9,3.42,3.42,349,43,148,419
45,2017,2017-05-21,7,1,3,7,3.41,3.41,356,44,151,426
46,2017,2017-05-23,4,0,1,14,3.32,3.32,360,44,152,440
47,2017,2017-05-24,8,1,6,8,3.38,3.38,368,45,158,448
48,2017,2017-05-25,9,0,3,6,3.37,3.37,377,45,161,454
49,2017,2017-05-26,2,0,0,10,3.3,3.3,379,45,161,464
50,2017,2017-05-27,3,0,0,8,3.23,3.23,382,45,161,472
51,2017,2017-05-28,11,3,4,12,3.25,3.25,393,48,165,484
52,2017,2017-05-29,5,0,1,6,3.21,3.21,398,48,166,490
53,2017,2017-05-30,8,1,4,8,3.22,3.22,406,49,170,498
54,2017,2017-05-31,5,1,2,5,3.2,3.2,411,50,172,503
55,2017,2017-06-01,9,1,2,10,3.19,3.19,420,51,174,513
56,2017,2017-06-02,5,1,1,26,3.13,3.13,425,52,175,539
57,2017,2017-06-03,8,3,7,14,3.2,3.2,433,55,182,553
58,2017,2017-06-04,5,2,3,10,3.2,3.2,438,57,185,563
59,2017,2017-06-05,7,1,4,5,3.22,3.22,445,58,189,568
60,2017,2017-06-06,4,0,2,6,3.2,3.2,449,58,191,574
61,2017,2017-06-07,5,1,1,11,3.16,3.16,454,59,192,585
62,2017,2017-06-09,5,1,2,11,3.14,3.14,459,60,194,596
63,2017,2017-06-10,8,1,4,11,3.15,3.15,467,61,198,607
64,2017,2017-06-11,12,4,7,7,3.21,3.21,479,65,205,614
65,2017,2017-06-13,8,2,5,7,3.24,3.24,487,67,210,621
66,2017,2017-06-14,8,1,4,2,3.25,3.25,495,68,214,623
67,2017,2017-06-15,15,3,12,9,3.39,3.39,510,71,226,632
68,2017,2017-06-16,5,1,1,8,3.35,3.35,515,72,227,640
69,2017,2017-06-17,11,0,2,11,3.33,3.33,526,72,229,651
70,2017,2017-06-18,9,3,7,9,3.39,3.39,535,75,236,660
71,2017,2017-06-19,8,4,6,13,3.42,3.42,543,79,242,673
72,2017,2017-06-20,4,0,0,8,3.38,3.38,547,79,242,681
73,2017,2017-06-21,7,1,2,15,3.36,3.36,554,80,244,696
74,2017,2017-06-22,7,2,3,5,3.35,3.35,561,82,247,701
75,2017,2017-06-23,3,0,1,11,3.32,3.32,564,82,248,712
76,2017,2017-06-24,5,0,0,10,3.28,3.28,569,82,248,722
77,2017,2017-06-25,8,0,5,8,3.3,3.3,577,82,253,730
78,2017,2017-06-26,8,1,4,9,3.31,3.31,585,83,257,739
79,2017,2017-06-27,5,0,0,7,3.27,3.27,590,83,257,746
80,2017,2017-06-28,8,1,2,10,3.25,3.25,598,84,259,756
81,2017,2017-06-29,6,0,1,15,3.23,3.23,604,84,260,771
82,2017,2017-06-30,6,1,4,12,3.24,3.24,610,85,264,783
83,2017,2017-07-01,4,0,0,13,3.2,3.2,614,85,264,796
84,2017,2017-07-02,11,1,5,7,3.22,3.22,625,86,269,803
85,2017,2017-07-04,6,1,3,13,3.22,3.22,631,87,272,816
86,2017,2017-07-05,4,0,0,14,3.18,3.18,635,87,272,830
87,2017,2017-07-06,7,3,4,11,3.19,3.19,642,90,276,841
88,2017,2017-07-07,5,0,1,7,3.17,3.17,647,90,277,848
89,2017,2017-07-08,11,1,3,7,3.16,3.16,658,91,280,855
90,2017,2017-07-09,6,1,2,13,3.15,3.15,664,92,282,868
91,2017,2017-07-14,8,0,4,9,3.16,3.16,672,92,286,877
92,2017,2017-07-15,8,0,1,6,3.13,3.13,680,92,287,883
93,2017,2017-07-16,9,0,2,16,3.12,3.12,689,92,289,899
94,2017,2017-07-18,8,0,0,8,3.09,3.09,697,92,289,907
95,2017,2017-07-19,6,1,1,4,3.07,3.07,703,93,290,911
96,2017,2017-07-20,11,1,6,9,3.1,3.1,714,94,296,920
97,2017,2017-07-21,13,3,10,7,3.18,3.18,727,97,306,927
98,2017,2017-07-22,6,0,2,10,3.16,3.16,733,97,308,937
99,2017,2017-07-23,5,1,4,7,3.17,3.17,738,98,312,944
100,2017,2017-07-24,9,1,4,7,3.18,3.18,747,99,316,951
101,2017,2017-07-25,5,0,1,8,3.15,3.15,752,99,317,959
102,2017,2017-07-26,7,0,0,8,3.12,3.12,759,99,317,967
103,2017,2017-07-28,8,1,4,10,3.13,3.13,767,100,321,977
104,2017,2017-07-29,4,1,1,5,3.11,3.11,771,101,322,982
105,2017,2017-07-30,10,1,2,9,3.09,3.09,781,102,324,991
106,2017,2017-08-01,4,1,2,9,3.08,3.08,785,103,326,1000
107,2017,2017-08-02,9,2,5,4,3.11,3.11,794,105,331,1004
108,2017,2017-08-03,11,1,4,8,3.11,3.11,805,106,335,1012
109,2017,2017-08-04,4,0,0,11,3.08,3.08,809,106,335,1023
110,2017,2017-08-05,7,4,4,13,3.09,3.09,816,110,339,1036
111,2017,2017-08-06,1,0,0,13,3.07,3.07,817,110,339,1049
112,2017,2017-08-08,8,3,6,8,3.09,3.09,825,113,345,1057
113,2017,2017-08-09,7,1,2,7,3.08,3.08,832,114,347,1064
114,2017,2017-08-10,10,2,6,14,3.11,3.11,842,116,353,1078
115,2017,2017-08-11,7,3,4,12,3.12,3.12,849,119,357,1090
116,2017,2017-08-12,10,1,3,10,3.12,3.12,859,120,360,1100
117,2017,2017-08-13,5,2,3,12,3.12,3.12,864,122,363,1112
118,2017,2017-08-15,6,1,1,7,3.1,3.1,870,123,364,1119
119,2017,2017-08-16,12,4,4,4,3.11,3.11,882,127,368,1123
120,2017,2017-08-18,14,3,5,11,3.12,3.12,896,130,373,1134
121,2017,2017-08-19,4,0,0,10,3.1,3.1,900,130,373,1144
122,2017,2017-08-20,8,1,6,9,3.12,3.12,908,131,379,1153
123,2017,2017-08-21,10,3,5,10,3.13,3.13,918,134,384,1163
124,2017,2017-08-22,7,1,5,11,3.14,3.14,925,135,389,1174
125,2017,2017-08-23,1,1,1,10,3.13,3.13,926,136,390,1184
126,2017,2017-08-24,6,0,2,5,3.12,3.12,932,136,392,1189
127,2017,2017-08-25,1,1,1,11,3.1,3.1,933,137,393,1200
128,2017,2017-08-26,6,1,3,14,3.1,3.1,939,138,396,1214
129,2017,2017-08-27,8,1,3,14,3.1,3.1,947,139,399,1228
130,2017,2017-08-29,10,2,7,10,3.13,3.13,957,141,406,1238
131,2017,2017-08-30,11,3,6,4,3.16,3.16,968,144,412,1242
132,2017,2017-08-31,10,2,8,9,3.2,3.2,978,146,420,1251
133,2017,2017-09-01,2,0,0,13,3.17,3.17,980,146,420,1264
134,2017,,7,1,6,9,3.2,3.2,987,147,426,1273
135,2017,,11,1,7,14,3.23,3.23,998,148,433,1287
136,2017,2017-09-03,10,2,6,9,3.25,3.25,1008,150,439,1296
137,2017,2017-09-04,14,6,13,11,3.32,3.32,1022,156,452,1307
138,2017,2017-09-05,4,0,1,11,3.3,3.3,1026,156,453,1318
139,2017,2017-09-06,8,0,2,11,3.29,3.29,1034,156,455,1329
140,2017,2017-09-07,16,2,9,12,3.33,3.33,1050,158,464,1341
141,2017,2017-09-08,6,1,5,14,3.35,3.35,1056,159,469,1355
142,2017,2017-09-09,11,1,6,8,3.36,3.36,1067,160,475,1363
143,2017,2017-09-10,11,3,8,10,3.4,3.4,1078,163,483,1373
144,2017,2017-09-11,12,2,8,8,3.43,3.43,1090,165,491,1381
145,2017,2017-09-12,14,1,2,11,3.42,3.42,1104,166,493,1392
146,2017,2017-09-13,5,0,1,7,3.41,3.41,1109,166,494,1399
147,2017,2017-09-15,4,0,0,13,3.38,3.38,1113,166,494,1412
148,2017,2017-09-16,5,1,2,9,3.37,3.37,1118,167,496,1421
149,2017,2017-09-17,8,3,7,8,3.4,3.4,1126,170,503,1429
150,2017,2017-09-18,4,1,4,10,3.41,3.41,1130,171,507,1439
151,2017,2017-09-19,8,1,5,9,3.42,3.42,1138,172,512,1448
152,2017,2017-09-20,6,2,6,8,3.44,3.44,1144,174,518,1456
153,2017,2017-09-21,7,1,3,12,3.44,3.44,1151,175,521,1468
154,2017,2017-09-22,8,1,2,13,3.43,3.43,1159,176,523,1481
155,2017,2017-09-23,9,0,2,5,3.42,3.42,1168,176,525,1486
156,2017,2017-09-24,8,1,1,8,3.4,3.4,1176,177,526,1494
157,2017,2017-09-25,6,0,2,13,3.39,3.39,1182,177,528,1507
158,2017,2017-09-26,9,2,2,4,3.38,3.38,1191,179,530,1511
159,2017,2017-09-27,3,0,0,14,3.36,3.36,1194,179,530,1525
160,2017,2017-09-29,11,4,7,7,3.39,3.39,1205,183,537,1532
161,2017,2017-09-30,11,1,3,10,3.39,3.39,1216,184,540,1542
162,2017,2017-10-01,10,0,3,7,3.38,3.38,1226,184,543,1549
1,2018,2018-03-29,8,1,1,11,1.0,1.0,8,1,1,11
2,2018,2018-03-30,2,1,1,5,1.0,1.0,10,2,2,16
3,2018,2018-03-31,9,0,0,11,0.67,0.67,19,2,2,27
4,2018,2018-04-01,6,0,0,7,0.5,0.5,25,2,2,34
5,2018,2018-04-02,14,1,8,11,1.79,1.79,39,3,10,45
6,2018,2018-04-03,8,3,6,8,2.47,2.47,47,6,16,53
7,2018,2018-04-04,7,0,3,7,2.58,2.58,54,6,19,60
8,2018,2018-04-07,17,2,7,18,2.95,2.95,71,8,26,78
9,2018,2018-04-08,8,0,1,9,2.72,2.72,79,8,27,87
10,2018,2018-04-10,5,0,0,11,2.47,2.47,84,8,27,98
11,2018,2018-04-11,21,3,16,9,3.61,3.61,105,11,43,107
12,2018,2018-04-13,10,2,5,14,3.71,3.71,115,13,48,121
13,2018,2018-04-14,10,4,9,7,4.09,4.09,125,17,57,128
14,2018,2018-04-15,4,1,2,14,3.95,3.95,129,18,59,142
15,2018,2018-04-16,6,1,3,12,3.89,3.89,135,19,62,154
16,2018,2018-04-17,5,1,2,20,3.71,3.71,140,20,64,174
17,2018,2018-04-18,8,0,4,13,3.72,3.72,148,20,68,187
18,2018,2018-04-20,10,0,5,6,3.79,3.79,158,20,73,193
19,2018,2018-04-21,2,0,0,11,3.6,3.6,160,20,73,204
20,2018,2018-04-22,9,1,2,9,3.53,3.53,169,21,75,213
21,2018,2018-04-23,6,0,1,8,3.41,3.41,175,21,76,221
22,2018,2018-04-24,8,1,3,12,3.4,3.4,183,22,79,233
23,2018,2018-04-25,11,3,6,15,3.5,3.5,194,25,85,248
24,2018,2018-04-27,9,2,6,9,3.62,3.62,203,27,91,257
25,2018,,12,2,6,10,3.71,3.71,215,29,97,267
26,2018,,9,0,8,7,3.88,3.88,224,29,105,274
27,2018,2018-04-29,6,1,4,5,3.9,3.9,230,30,109,279
28,2018,2018-04-30,13,4,7,6,4.03,4.03,243,34,116,285
29,2018,2018-05-01,10,2,4,9,4.04,4.04,253,36,120,294
30,2018,2018-05-02,6,0,1,11,3.94,3.94,259,36,121,305
31,2018,2018-05-03,6,0,1,9,3.85,3.85,265,36,122,314
32,2018,2018-05-04,0,0,0,13,3.73,3.73,265,36,122,327
33,2018,2018-05-05,9,2,7,10,3.84,3.84,274,38,129,337
34,2018,2018-05-06,11,1,3,8,3.83,3.83,285,39,132,345
35,2018,2018-05-08,12,4,8,11,3.91,3.91,297,43,140,356
36,2018,2018-05-09,8,1,3,7,3.88,3.88,305,44,143,363
37,2018,2018-05-10,9,1,4,9,3.89,3.89,314,45,147,372
38,2018,2018-05-11,10,1,6,7,3.94,3.94,324,46,153,379
39,2018,2018-05-12,13,1,5,10,3.97,3.97,337,47,158,389
40,2018,2018-05-13,9,2,4,7,3.97,3.97,346,49,162,396
41,2018,2018-05-15,12,0,3,6,3.96,3.96,358,49,165,402
42,2018,2018-05-16,11,2,5,9,3.99,3.99,369,51,170,411
43,2018,2018-05-17,4,0,0,11,3.9,3.9,373,51,170,422
44,2018,,6,0,1,10,3.83,3.83,379,51,171,432
45,2018,,4,0,4,8,3.84,3.84,383,51,175,440
46,2018,2018-05-20,4,1,2,10,3.8,3.8,387,52,177,450
47,2018,2018-05-21,3,1,1,7,3.74,3.74,390,53,178,457
48,2018,2018-05-22,7,1,3,7,3.72,3.72,397,54,181,464
49,2018,2018-05-23,4,0,0,15,3.65,3.65,401,54,181,479
50,2018,2018-05-25,6,0,0,15,3.58,3.58,407,54,181,494
51,2018,2018-05-26,10,4,7,9,3.64,3.64,417,58,188,503
52,2018,2018-05-27,6,0,1,10,3.59,3.59,423,58,189,513
53,2018,2018-05-28,7,1,3,10,3.58,3.58,430,59,192,523
54,2018,2018-05-29,12,1,6,10,3.63,3.63,442,60,198,533
55,2018,2018-05-30,8,1,2,13,3.6,3.6,450,61,200,546
56,2018,2018-05-31,6,0,2,12,3.57,3.57,456,61,202,558
57,2018,2018-06-01,13,1,8,6,3.65,3.65,469,62,210,564
58,2018,2018-06-02,10,0,4,5,3.65,3.65,479,62,214,569
59,2018,2018-06-03,8,1,6,12,3.69,3.69,487,63,220,581
60,2018,2018-06-05,7,0,0,8,3.63,3.63,494,63,220,589
61,2018,2018-06-06,10,0,9,5,3.72,3.72,504,63,229,594
62,2018,2018-06-07,9,2,6,8,3.76,3.76,513,65,235,602
63,2018,2018-06-08,6,1,3,6,3.75,3.75,519,66,238,608
64,2018,2018-06-09,14,0,3,10,3.74,3.74,533,66,241,618
65,2018,2018-06-10,7,2,2,7,3.71,3.71,540,68,243,625
66,2018,2018-06-12,8,1,4,5,3.72,3.72,548,69,247,630
67,2018,2018-06-13,8,0,2,8,3.68,3.68,556,69,249,638
68,2018,2018-06-15,4,1,2,8,3.65,3.65,560,70,251,646
69,2018,2018-06-16,4,0,1,6,3.62,3.62,564,70,252,652
70,2018,2018-06-17,3,2,3,11,3.61,3.61,567,72,255,663
71,2018,,8,0,3,11,3.6,3.6,575,72,258,674
72,2018,,8,1,2,10,3.58,3.58,583,73,260,684
73,2018,2018-06-20,12,1,4,7,3.59,3.59,595,74,264,691
74,2018,2018-06-22,8,1,2,10,3.57,3.57,603,75,266,701
75,2018,2018-06-23,10,1,3,11,3.56,3.56,613,76,269,712
76,2018,2018-06-24,9,2,7,9,3.59,3.59,622,78,276,721
77,2018,2018-06-25,7,0,1,9,3.56,3.56,629,78,277,730
78,2018,2018-06-26,15,2,2,9,3.54,3.54,644,80,279,739
79,2018,2018-06-27,10,1,4,8,3.55,3.55,654,81,283,747
80,2018,2018-06-28,15,2,11,11,3.64,3.64,669,83,294,758
81,2018,2018-06-29,9,3,3,12,3.63,3.63,678,86,297,770
82,2018,2018-06-30,6,1,2,12,3.61,3.61,684,87,299,782
83,2018,2018-07-01,9,1,4,10,3.62,3.62,693,88,303,792
84,2018,2018-07-02,9,1,1,4,3.58,3.58,702,89,304,796
85,2018,2018-07-03,5,1,3,9,3.58,3.58,707,90,307,805
86,2018,2018-07-04,9,1,4,11,3.58,3.58,716,91,311,816
87,2018,2018-07-06,5,0,2,14,3.57,3.57,721,91,313,830
88,2018,2018-07-07,4,1,1,9,3.54,3.54,725,92,314,839
89,2018,2018-07-08,6,2,4,5,3.55,3.55,731,94,318,844
90,2018,2018-07-09,5,1,1,10,3.52,3.52,736,95,319,854
91,2018,2018-07-10,8,2,4,8,3.53,3.53,744,97,323,862
92,2018,2018-07-11,5,1,2,12,3.51,3.51,749,98,325,874
93,2018,2018-07-12,8,0,2,10,3.5,3.5,757,98,327,884
94,2018,2018-07-13,8,2,2,9,3.48,3.48,765,100,329,893
95,2018,2018-07-14,9,2,5,11,3.49,3.49,774,102,334,904
96,2018,2018-07-15,6,1,3,12,3.49,3.49,780,103,337,916
97,2018,2018-07-20,9,1,4,14,3.49,3.49,789,104,341,930
98,2018,2018-07-21,7,1,1,6,3.47,3.47,796,105,342,936
99,2018,2018-07-22,6,0,2,8,3.46,3.46,802,105,344,944
100,2018,2018-07-23,8,4,6,12,3.48,3.48,810,109,350,956
101,2018,2018-07-24,11,3,7,17,3.49,3.49,821,112,357,973
102,2018,2018-07-25,7,2,7,10,3.53,3.53,828,114,364,983
103,2018,2018-07-26,7,1,2,10,3.51,3.51,835,115,366,993
104,2018,2018-07-27,6,0,1,10,3.49,3.49,841,115,367,1003
105,2018,2018-07-28,3,1,1,8,3.47,3.47,844,116,368,1011
106,2018,2018-07-29,8,1,4,9,3.48,3.48,852,117,372,1020
107,2018,2018-07-30,10,1,5,9,3.49,3.49,862,118,377,1029
108,2018,2018-07-31,6,0,1,10,3.47,3.47,868,118,378,1039
109,2018,2018-08-01,10,0,3,7,3.46,3.46,878,118,381,1046
110,2018,2018-08-02,9,2,5,10,3.47,3.47,887,120,386,1056
111,2018,2018-08-03,4,0,1,5,3.45,3.45,891,120,387,1061
112,2018,2018-08-04,13,3,14,7,3.54,3.54,904,123,401,1068
113,2018,2018-08-05,5,2,2,11,3.53,3.53,909,125,403,1079
114,2018,2018-08-07,4,1,2,11,3.52,3.52,913,126,405,1090
115,2018,2018-08-08,8,0,2,2,3.51,3.51,921,126,407,1092
116,2018,2018-08-09,10,1,5,4,3.52,3.52,931,127,412,1096
117,2018,2018-08-10,9,2,5,13,3.54,3.54,940,129,417,1109
118,2018,2018-08-11,6,1,3,8,3.53,3.53,946,130,420,1117
119,2018,2018-08-12,5,1,3,7,3.53,3.53,951,131,423,1124
120,2018,2018-08-13,8,0,4,10,3.53,3.53,959,131,427,1134
121,2018,2018-08-14,7,0,2,9,3.52,3.52,966,131,429,1143
122,2018,2018-08-15,6,1,3,11,3.51,3.51,972,132,432,1154
123,2018,2018-08-17,4,1,1,11,3.49,3.49,976,133,433,1165
124,2018,2018-08-18,8,1,5,9,3.5,3.5,984,134,438,1174
125,2018,2018-08-19,5,0,1,12,3.48,3.48,989,134,439,1186
126,2018,2018-08-20,10,3,5,13,3.49,3.49,999,137,444,1199
127,2018,2018-08-21,7,2,5,11,3.5,3.5,1006,139,449,1210
128,2018,2018-08-22,7,2,3,10,3.5,3.5,1013,141,452,1220
129,2018,2018-08-24,4,0,1,13,3.48,3.48,1017,141,453,1233
130,2018,2018-08-25,11,2,3,15,3.47,3.47,1028,143,456,1248
131,2018,2018-08-26,15,2,2,12,3.46,3.46,1043,145,458,1260
132,2018,2018-08-28,8,0,4,9,3.46,3.46,1051,145,462,1269
133,2018,2018-08-29,5,0,1,7,3.44,3.44,1056,145,463,1276
134,2018,2018-08-30,10,1,3,12,3.44,3.44,1066,146,466,1288
135,2018,2018-08-31,6,1,2,7,3.43,3.43,1072,147,468,1295
136,2018,2018-09-01,5,2,2,6,3.42,3.42,1077,149,470,1301
137,2018,2018-09-02,5,1,2,12,3.41,3.41,1082,150,472,1313
138,2018,2018-09-03,11,1,4,5,3.41,3.41,1093,151,476,1318
139,2018,2018-09-04,11,2,4,12,3.42,3.42,1104,153,480,1330
140,2018,2018-09-05,13,0,3,11,3.41,3.41,1117,153,483,1341
141,2018,2018-09-07,10,1,2,11,3.4,3.4,1127,154,485,1352
142,2018,2018-09-08,7,2,4,8,3.41,3.41,1134,156,489,1360
143,2018,2018-09-09,8,3,6,10,3.43,3.43,1142,159,495,1370
144,2018,2018-09-10,14,1,9,12,3.47,3.47,1156,160,504,1382
145,2018,2018-09-11,10,2,3,9,3.47,3.47,1166,162,507,1391
146,2018,2018-09-12,5,1,1,11,3.45,3.45,1171,163,508,1402
147,2018,2018-09-13,12,1,5,11,3.46,3.46,1183,164,513,1413
148,2018,2018-09-14,2,0,0,10,3.44,3.44,1185,164,513,1423
149,2018,2018-09-15,5,1,4,11,3.44,3.44,1190,165,517,1434
150,2018,2018-09-16,8,1,4,11,3.45,3.45,1198,166,521,1445
151,2018,2018-09-17,6,0,2,6,3.44,3.44,1204,166,523,1451
152,2018,2018-09-18,4,1,1,9,3.42,3.42,1208,167,524,1460
153,2018,2018-09-19,4,0,0,16,3.4,3.4,1212,167,524,1476
154,2018,2018-09-21,8,2,4,9,3.4,3.4,1220,169,528,1485
155,2018,2018-09-22,8,1,2,11,3.39,3.39,1228,170,530,1496
156,2018,2018-09-23,5,0,0,13,3.37,3.37,1233,170,530,1509
157,2018,2018-09-24,7,2,4,10,3.38,3.38,1240,172,534,1519
158,2018,2018-09-25,8,1,4,6,3.38,3.38,1248,173,538,1525
159,2018,2018-09-26,10,3,7,8,3.41,3.41,1258,176,545,1533
160,2018,2018-09-28,6,1,1,6,3.39,3.39,1264,177,546,1539
161,2018,2018-09-29,9,0,6,9,3.41,3.41,1273,177,552,1548
162,2018,2018-09-30,2,0,0,11,3.39,3.39,1275,177,552,1559
163,2018,2018-10-01,4,2,2,6,3.38,3.38,1279,179,554,1565
1,2019,2019-03-28,9,2,5,10,5.0,5.0,9,2,5,10
2,2019,2019-03-29,10,1,2,15,2.86,2.86,19,3,7,25
3,2019,2019-03-30,7,4,5,7,3.48,3.48,26,7,12,32
4,2019,2019-03-31,13,1,7,4,4.28,4.28,39,8,19,36
5,2019,2019-04-01,9,1,4,11,4.22,4.22,48,9,23,47
6,2019,2019-04-02,9,1,4,8,4.19,4.19,57,10,27,55
7,2019,2019-04-03,6,2,3,5,4.03,4.03,63,12,30,60
8,2019,2019-04-05,10,3,6,7,4.26,4.26,73,15,36,67
9,2019,2019-04-06,6,1,2,6,4.02,4.02,79,16,38,73
10,2019,2019-04-07,10,0,6,8,4.21,4.21,89,16,44,81
11,2019,2019-04-08,5,1,4,4,4.24,4.24,94,17,48,85
12,2019,2019-04-09,6,1,4,12,4.25,4.25,100,18,52,97
13,2019,2019-04-10,10,2,7,6,4.5,4.5,110,20,59,103
14,2019,2019-04-11,10,0,9,10,4.86,4.86,120,20,68,113
15,2019,2019-04-12,12,2,7,7,5.0,5.0,132,22,75,120
16,2019,2019-04-13,9,2,4,10,4.94,4.94,141,24,79,130
17,2019,2019-04-14,4,0,1,5,4.71,4.71,145,24,80,135
18,2019,2019-04-15,7,1,3,10,4.61,4.61,152,25,83,145
19,2019,2019-04-16,4,0,1,6,4.42,4.42,156,25,84,151
20,2019,2019-04-17,3,0,0,10,4.2,4.2,159,25,84,161
21,2019,2019-04-18,5,1,1,12,4.05,4.05,164,26,85,173
22,2019,2019-04-19,7,2,3,14,4.0,4.0,171,28,88,187
23,2019,2019-04-20,8,3,5,11,4.06,4.06,179,31,93,198
24,2019,2019-04-21,6,2,5,11,4.1,4.1,185,33,98,209
25,2019,2019-04-23,8,2,7,9,4.24,4.24,193,35,105,218
26,2019,2019-04-24,7,2,7,3,4.36,4.36,200,37,112,221
27,2019,2019-04-25,7,1,1,12,4.24,4.24,207,38,113,233
28,2019,2019-04-26,9,1,2,11,4.16,4.16,216,39,115,244
29,2019,2019-04-27,5,0,1,9,4.05,4.05,221,39,116,253
30,2019,2019-04-28,9,2,2,11,3.98,3.98,230,41,118,264
31,2019,2019-04-29,11,0,3,6,3.96,3.96,241,41,121,270
32,2019,2019-04-30,6,0,3,9,3.93,3.93,247,41,124,279
33,2019,2019-05-01,7,0,2,7,3.87,3.87,254,41,126,286
34,2019,2019-05-03,6,2,3,10,3.85,3.85,260,43,129,296
35,2019,2019-05-04,10,2,6,8,3.91,3.91,270,45,135,304
36,2019,2019-05-05,7,2,8,12,4.03,4.03,277,47,143,316
37,2019,2019-05-06,5,2,3,10,4.0,4.0,282,49,146,326
38,2019,2019-05-07,4,0,0,6,3.9,3.9,286,49,146,332
39,2019,2019-05-08,11,1,4,7,3.9,3.9,297,50,150,339
40,2019,2019-05-09,9,1,3,7,3.88,3.88,306,51,153,346
41,2019,2019-05-10,4,0,0,7,3.78,3.78,310,51,153,353
42,2019,2019-05-11,7,1,0,10,3.69,3.69,317,52,153,363
43,2019,2019-05-12,1,0,0,10,3.6,3.6,318,52,153,373
44,2019,2019-05-14,7,2,3,7,3.59,3.59,325,54,156,380
45,2019,2019-05-15,4,0,0,16,3.51,3.51,329,54,156,396
46,2019,2019-05-17,3,0,0,13,3.43,3.43,332,54,156,409
47,2019,2019-05-18,7,1,1,8,3.39,3.39,339,55,157,417
48,2019,2019-05-19,9,2,3,6,3.38,3.38,348,57,160,423
49,2019,2019-05-21,10,0,3,9,3.37,3.37,358,57,163,432
50,2019,2019-05-22,10,3,8,9,3.47,3.47,368,60,171,441
51,2019,2019-05-24,7,0,2,6,3.44,3.44,375,60,173,447
52,2019,2019-05-25,11,0,2,5,3.41,3.41,386,60,175,452
53,2019,2019-05-26,12,2,7,7,3.48,3.48,398,62,182,459
54,2019,2019-05-27,15,2,5,9,3.51,3.51,413,64,187,468
55,2019,2019-05-28,10,2,6,9,3.56,3.56,423,66,193,477
56,2019,2019-05-29,13,4,8,8,3.64,3.64,436,70,201,485
57,2019,2019-05-30,4,0,0,9,3.57,3.57,440,70,201,494
58,2019,2019-05-31,5,1,3,9,3.56,3.56,445,71,204,503
59,2019,2019-06-01,7,1,2,7,3.54,3.54,452,72,206,510
60,2019,2019-06-02,3,0,0,11,3.48,3.48,455,72,206,521
61,2019,2019-06-03,3,1,1,11,3.44,3.44,458,73,207,532
62,2019,2019-06-04,3,0,0,3,3.38,3.38,461,73,207,535
63,2019,2019-06-05,5,0,3,11,3.37,3.37,466,73,210,546
64,2019,2019-06-07,7,0,2,4,3.35,3.35,473,73,212,550
65,2019,2019-06-08,8,1,2,12,3.33,3.33,481,74,214,562
66,2019,2019-06-09,5,0,0,12,3.28,3.28,486,74,214,574
67,2019,2019-06-10,9,2,4,11,3.3,3.3,495,76,218,585
68,2019,2019-06-11,6,2,5,9,3.33,3.33,501,78,223,594
69,2019,2019-06-13,8,2,3,8,3.32,3.32,509,80,226,602
70,2019,2019-06-14,8,2,3,10,3.32,3.32,517,82,229,612
71,2019,2019-06-15,4,1,2,8,3.3,3.3,521,83,231,620
72,2019,2019-06-16,9,0,0,10,3.25,3.25,530,83,231,630
73,2019,2019-06-17,3,0,2,8,3.23,3.23,533,83,233,638
74,2019,2019-06-18,4,0,0,10,3.19,3.19,537,83,233,648
75,2019,2019-06-19,4,2,2,9,3.17,3.17,541,85,235,657
76,2019,2019-06-20,9,1,5,11,3.2,3.2,550,86,240,668
77,2019,2019-06-21,3,2,2,16,3.18,3.18,553,88,242,684
78,2019,2019-06-22,8,1,2,11,3.16,3.16,561,89,244,695
79,2019,2019-06-23,10,1,3,10,3.16,3.16,571,90,247,705
80,2019,2019-06-24,11,2,8,5,3.22,3.22,582,92,255,710
81,2019,2019-06-25,6,0,1,9,3.19,3.19,588,92,256,719
82,2019,2019-06-26,9,1,5,8,3.22,3.22,597,93,261,727
83,2019,2019-06-27,16,1,8,7,3.28,3.28,613,94,269,734
84,2019,2019-06-28,17,3,10,8,3.36,3.36,630,97,279,742
85,2019,2019-06-29,7,1,4,8,3.38,3.38,637,98,283,750
86,2019,2019-06-30,9,2,5,9,3.4,3.4,646,100,288,759
87,2019,2019-07-02,8,1,4,10,3.4,3.4,654,101,292,769
88,2019,2019-07-03,10,2,4,11,3.41,3.41,664,103,296,780
89,2019,2019-07-04,5,0,0,12,3.37,3.37,669,103,296,792
90,2019,2019-07-05,6,1,2,12,3.35,3.35,675,104,298,804
91,2019,2019-07-06,4,2,3,8,3.35,3.35,679,106,301,812
92,2019,2019-07-07,8,3,5,11,3.37,3.37,687,109,306,823
93,2019,2019-07-12,8,3,8,8,3.42,3.42,695,112,314,831
94,2019,2019-07-13,6,1,2,10,3.4,3.4,701,113,316,841
95,2019,2019-07-14,11,2,2,15,3.38,3.38,712,115,318,856
96,2019,2019-07-15,7,1,2,10,3.36,3.36,719,116,320,866
97,2019,2019-07-16,8,3,5,9,3.38,3.38,727,119,325,875
98,2019,2019-07-17,2,0,0,10,3.35,3.35,729,119,325,885
99,2019,2019-07-18,10,1,6,9,3.38,3.38,739,120,331,894
100,2019,2019-07-19,4,0,1,12,3.35,3.35,743,120,332,906
101,2019,2019-07-20,6,1,3,13,3.35,3.35,749,121,335,919
102,2019,2019-07-21,6,0,0,14,3.32,3.32,755,121,335,933
103,2019,2019-07-23,11,2,5,10,3.33,3.33,766,123,340,943
104,2019,2019-07-24,6,1,2,6,3.32,3.32,772,124,342,949
105,2019,2019-07-26,10,0,2,6,3.31,3.31,782,124,344,955
106,2019,2019-07-27,5,1,3,12,3.31,3.31,787,125,347,967
107,2019,2019-07-28,14,2,8,7,3.35,3.35,801,127,355,974
108,2019,2019-07-29,11,1,8,10,3.4,3.4,812,128,363,984
109,2019,2019-07-30,10,0,3,8,3.4,3.4,822,128,366,992
110,2019,2019-07-31,6,0,1,3,3.38,3.38,828,128,367,995
111,2019,2019-08-01,8,1,2,6,3.36,3.36,836,129,369,1001
112,2019,2019-08-02,14,0,4,9,3.37,3.37,850,129,373,1010
113,2019,2019-08-03,5,1,1,15,3.35,3.35,855,130,374,1025
114,2019,2019-08-04,12,2,9,11,3.4,3.4,867,132,383,1036
115,2019,2019-08-05,2,0,0,9,3.37,3.37,869,132,383,1045
116,2019,2019-08-06,7,0,1,11,3.35,3.35,876,132,384,1056
117,2019,2019-08-07,7,1,1,11,3.33,3.33,883,133,385,1067
118,2019,2019-08-09,12,2,3,14,3.32,3.32,895,135,388,1081
119,2019,2019-08-10,4,0,0,6,3.29,3.29,899,135,388,1087
120,2019,2019-08-11,9,2,3,8,3.29,3.29,908,137,391,1095
121,2019,2019-08-13,4,0,1,9,3.27,3.27,912,137,392,1104
122,2019,2019-08-14,3,1,1,13,3.25,3.25,915,138,393,1117
123,2019,2019-08-15,13,0,13,8,3.33,3.33,928,138,406,1125
124,2019,2019-08-16,6,0,3,10,3.33,3.33,934,138,409,1135
125,2019,2019-08-17,7,2,4,8,3.34,3.34,941,140,413,1143
126,2019,2019-08-18,9,1,5,5,3.35,3.35,950,141,418,1148
127,2019,2019-08-20,7,3,3,8,3.35,3.35,957,144,421,1156
128,2019,2019-08-21,6,1,1,11,3.33,3.33,963,145,422,1167
129,2019,2019-08-22,5,1,2,15,3.32,3.32,968,146,424,1182
130,2019,2019-08-23,16,5,10,11,3.37,3.37,984,151,434,1193
131,2019,2019-08-24,5,1,1,10,3.35,3.35,989,152,435,1203
132,2019,2019-08-25,8,3,4,12,3.36,3.36,997,155,439,1215
133,2019,2019-08-26,4,0,2,5,3.35,3.35,1001,155,441,1220
134,2019,2019-08-27,5,0,0,13,3.33,3.33,1006,155,441,1233
135,2019,2019-08-28,5,1,4,10,3.33,3.33,1011,156,445,1243
136,2019,2019-08-29,16,1,11,6,3.39,3.39,1027,157,456,1249
137,2019,2019-08-30,8,2,4,12,3.39,3.39,1035,159,460,1261
138,2019,2019-08-31,6,3,6,10,3.42,3.42,1041,162,466,1271
139,2019,2019-09-01,8,0,3,10,3.41,3.41,1049,162,469,1281
140,2019,2019-09-02,12,4,9,10,3.45,3.45,1061,166,478,1291
141,2019,2019-09-03,8,2,3,10,3.44,3.44,1069,168,481,1301
142,2019,2019-09-04,7,0,3,10,3.44,3.44,1076,168,484,1311
143,2019,2019-09-06,9,1,5,12,3.45,3.45,1085,169,489,1323
144,2019,2019-09-07,5,0,1,11,3.44,3.44,1090,169,490,1334
145,2019,2019-09-08,4,0,0,11,3.41,3.41,1094,169,490,1345
146,2019,2019-09-10,7,1,2,13,3.4,3.4,1101,170,492,1358
147,2019,2019-09-11,9,2,6,9,3.42,3.42,1110,172,498,1367
148,2019,2019-09-12,2,1,2,10,3.41,3.41,1112,173,500,1377
149,2019,2019-09-13,5,1,2,6,3.4,3.4,1117,174,502,1383
150,2019,2019-09-14,3,0,3,9,3.4,3.4,1120,174,505,1392
151,2019,2019-09-15,3,0,2,5,3.39,3.39,1123,174,507,1397
152,2019,2019-09-17,6,2,5,11,3.4,3.4,1129,176,512,1408
153,2019,2019-09-18,14,1,7,13,3.42,3.42,1143,177,519,1421
154,2019,2019-09-20,10,4,5,9,3.43,3.43,1153,181,524,1430
155,2019,2019-09-21,7,2,4,8,3.44,3.44,1160,183,528,1438
156,2019,2019-09-22,8,2,4,10,3.44,3.44,1168,185,532,1448
157,2019,2019-09-24,5,0,3,12,3.44,3.44,1173,185,535,1460
158,2019,2019-09-25,7,0,4,14,3.44,3.44,1180,185,539,1474
159,2019,2019-09-26,3,0,0,12,3.42,3.42,1183,185,539,1486
160,2019,2019-09-27,8,0,2,13,3.41,3.41,1191,185,541,1499
161,2019,2019-09-28,7,0,0,12,3.39,3.39,1198,185,541,1511
162,2019,2019-09-29,3,0,0,8,3.37,3.37,1201,185,541,1519
1,2020,2020-07-23,8,0,1,8,1.0,1.0,8,0,1,8
2,2020,2020-07-24,4,1,1,9,1.0,1.0,12,1,2,17
3,2020,2020-07-25,7,1,5,13,2.33,2.33,19,2,7,30
4,2020,2020-07-26,9,0,3,4,2.5,2.5,28,2,10,34
5,2020,2020-07-28,4,1,2,9,2.4,2.4,32,3,12,43
6,2020,2020-07-29,8,0,1,13,2.02,2.02,40,3,13,56
7,2020,2020-07-30,5,1,3,4,2.15,2.15,45,4,16,60
8,2020,2020-07-31,8,0,1,3,2.04,2.04,53,4,17,63
9,2020,2020-08-01,5,0,2,9,2.04,2.04,58,4,19,72
10,2020,2020-08-02,4,0,0,12,1.84,1.84,62,4,19,84
11,2020,2020-08-03,9,3,5,5,2.14,2.14,71,7,24,89
12,2020,2020-08-04,4,1,2,12,2.13,2.13,75,8,26,101
13,2020,2020-08-05,9,2,6,12,2.42,2.42,84,10,32,113
14,2020,2020-08-07,8,1,2,10,2.39,2.39,92,11,34,123
15,2020,2020-08-08,10,3,5,12,2.56,2.56,102,14,39,135
16,2020,2020-08-09,2,0,2,11,2.53,2.53,104,14,41,146
17,2020,2020-08-10,6,1,2,4,2.5,2.5,110,15,43,150
18,2020,2020-08-11,10,2,2,4,2.47,2.47,120,17,45,154
19,2020,2020-08-12,6,0,0,14,2.34,2.34,126,17,45,168
20,2020,2020-08-13,6,2,2,6,2.32,2.32,132,19,47,174
21,2020,2020-08-14,6,1,4,9,2.4,2.4,138,20,51,183
22,2020,2020-08-15,8,1,4,9,2.46,2.46,146,21,55,192
23,2020,2020-08-16,10,2,3,3,2.49,2.49,156,23,58,195
24,2020,2020-08-17,13,4,8,8,2.71,2.71,169,27,66,203
25,2020,2020-08-18,3,0,1,6,2.64,2.64,172,27,67,209
26,2020,2020-08-19,9,2,6,9,2.78,2.78,181,29,73,218
27,2020,2020-08-20,4,1,1,14,2.72,2.72,185,30,74,232
28,2020,2020-08-21,4,0,1,14,2.66,2.66,189,30,75,246
29,2020,2020-08-22,4,1,2,4,2.63,2.63,193,31,77,250
30,2020,2020-08-23,9,3,3,7,2.65,2.65,202,34,80,257
31,2020,2020-08-25,14,3,8,14,2.8,2.8,216,37,88,271
32,2020,,4,0,0,5,2.73,2.73,220,37,88,276
33,2020,,2,0,0,8,2.67,2.67,222,37,88,284
34,2020,2020-08-28,11,1,6,5,2.78,2.78,233,38,94,289
35,2020,2020-08-29,8,2,3,6,2.78,2.78,241,40,97,295
36,2020,2020-08-30,7,0,2,8,2.76,2.76,248,40,99,303
37,2020,2020-09-01,5,2,3,9,2.77,2.77,253,42,102,312
38,2020,2020-09-02,5,1,1,9,2.71,2.71,258,43,103,321
39,2020,2020-09-03,4,0,1,11,2.67,2.67,262,43,104,332
40,2020,2020-09-04,7,3,6,7,2.75,2.75,269,46,110,339
41,2020,2020-09-05,7,1,4,14,2.78,2.78,276,47,114,353
42,2020,2020-09-06,12,2,7,11,2.88,2.88,288,49,121,364
43,2020,2020-09-08,10,3,5,7,2.93,2.93,298,52,126,371
44,2020,2020-09-09,6,0,3,9,2.92,2.92,304,52,129,380
45,2020,2020-09-10,11,1,4,5,2.95,2.95,315,53,133,385
46,2020,2020-09-12,12,0,7,6,3.04,3.04,327,53,140,391
47,2020,2020-09-13,4,1,1,10,3.0,3.0,331,54,141,401
48,2020,2020-09-14,10,2,5,10,3.04,3.04,341,56,146,411
49,2020,2020-09-15,6,0,1,6,3.0,3.0,347,56,147,417
50,2020,2020-09-16,6,2,3,8,3.0,3.0,353,58,150,425
51,2020,2020-09-17,5,1,3,4,3.0,3.0,358,59,153,429
52,2020,2020-09-18,11,1,6,5,3.06,3.06,369,60,159,434
53,2020,2020-09-19,5,0,1,9,3.02,3.02,374,60,160,443
54,2020,2020-09-20,10,0,6,11,3.08,3.08,384,60,166,454
55,2020,2020-09-22,5,1,2,13,3.06,3.06,389,61,168,467
56,2020,2020-09-23,6,1,5,7,3.1,3.1,395,62,173,474
57,2020,2020-09-24,3,1,1,16,3.06,3.06,398,63,174,490
58,2020,2020-09-25,12,3,2,10,3.04,3.04,410,66,176,500
59,2020,2020-09-26,11,0,5,9,3.08,3.08,421,66,181,509
60,2020,2020-09-27,3,0,0,8,3.02,3.02,424,66,181,517
1,2021,2021-04-01,11,0,7,4,7.88,7.88,11,0,7,4
2,2021,2021-04-02,8,4,6,13,6.88,6.88,19,4,13,17
3,2021,2021-04-03,7,2,5,6,6.23,6.23,26,6,18,23
4,2021,2021-04-04,4,0,2,10,5.14,5.14,30,6,20,33
5,2021,2021-04-05,6,1,3,8,4.7,4.7,36,7,23,41
6,2021,2021-04-06,5,0,1,10,4.08,4.08,41,7,24,51
7,2021,2021-04-07,5,1,3,11,3.9,3.9,46,8,27,62
8,2021,2021-04-09,8,0,0,10,3.41,3.41,54,8,27,72
9,2021,2021-04-10,15,2,5,6,3.59,3.59,69,10,32,78
10,2021,2021-04-11,7,0,0,9,3.22,3.22,76,10,32,87
11,2021,2021-04-13,2,0,0,12,2.93,2.93,78,10,32,99
12,2021,2021-04-14,9,0,2,12,2.85,2.85,87,10,34,111
13,2021,2021-04-15,9,2,4,8,2.94,2.94,96,12,38,119
14,2021,2021-04-16,12,1,5,14,3.02,3.02,108,13,43,133
15,2021,2021-04-17,3,0,0,12,2.82,2.82,111,13,43,145
16,2021,2021-04-18,7,1,2,8,2.79,2.79,118,14,45,153
17,2021,2021-04-19,4,2,3,9,2.82,2.82,122,16,48,162
18,2021,2021-04-20,1,0,0,14,2.66,2.66,123,16,48,176
19,2021,2021-04-22,7,1,3,10,2.68,2.68,130,17,51,186
20,2021,2021-04-23,8,3,6,8,2.84,2.84,138,20,57,194
21,2021,2021-04-24,8,2,3,15,2.85,2.85,146,22,60,209
22,2021,2021-04-25,11,1,6,16,2.97,2.97,157,23,66,225
23,2021,2021-04-26,6,1,4,8,3.0,3.0,163,24,70,233
24,2021,2021-04-27,10,1,6,13,3.12,3.12,173,25,76,246
25,2021,2021-04-28,7,0,0,13,3.0,3.0,180,25,76,259
26,2021,2021-04-29,4,1,2,6,2.97,2.97,184,26,78,265
27,2021,2021-04-30,6,1,3,5,2.98,2.98,190,27,81,270
28,2021,2021-05-01,9,2,4,13,3.0,3.0,199,29,85,283
29,2021,2021-05-02,9,2,4,12,3.03,3.03,208,31,89,295
30,2021,,6,1,6,7,3.17,3.17,214,32,95,302
31,2021,,8,2,2,11,3.14,3.14,222,34,97,313
32,2021,2021-05-05,7,1,3,14,3.11,3.11,229,35,100,327
33,2021,2021-05-07,13,2,9,5,3.3,3.3,242,37,109,332
34,2021,2021-05-08,11,1,4,8,3.32,3.32,253,38,113,340
35,2021,2021-05-09,6,0,2,12,3.3,3.3,259,38,115,352
36,2021,2021-05-11,4,3,4,12,3.32,3.32,263,41,119,364
37,2021,2021-05-12,2,0,1,8,3.25,3.25,265,41,120,372
38,2021,2021-05-14,8,1,6,14,3.33,3.33,273,42,126,386
39,2021,2021-05-15,2,0,0,10,3.24,3.24,275,42,126,396
40,2021,2021-05-16,6,1,0,12,3.16,3.16,281,43,126,408
41,2021,2021-05-17,4,0,1,7,3.11,3.11,285,43,127,415
42,2021,2021-05-18,3,0,1,10,3.06,3.06,288,43,128,425
43,2021,2021-05-19,2,1,2,11,3.03,3.03,290,44,130,436
44,2021,2021-05-20,7,1,2,14,3.01,3.01,297,45,132,450
45,2021,2021-05-21,2,0,0,13,2.94,2.94,299,45,132,463
46,2021,2021-05-22,7,1,3,7,2.94,2.94,306,46,135,470
47,2021,2021-05-23,7,1,5,12,2.99,2.99,313,47,140,482
48,2021,2021-05-25,6,1,1,8,2.94,2.94,319,48,141,490
49,2021,2021-05-26,8,3,4,3,2.97,2.97,327,51,145,493
50,2021,2021-05-27,3,2,3,13,2.97,2.97,330,53,148,506
51,2021,2021-05-28,6,2,6,9,3.03,3.03,336,55,154,515
52,2021,2021-05-29,16,2,10,11,3.16,3.16,352,57,164,526
53,2021,2021-05-30,8,2,5,11,3.2,3.2,360,59,169,537
54,2021,2021-05-31,5,3,3,7,3.19,3.19,365,62,172,544
55,2021,2021-06-01,8,0,3,13,3.19,3.19,373,62,175,557
56,2021,2021-06-02,7,2,3,12,3.18,3.18,380,64,178,569
57,2021,2021-06-04,7,1,3,11,3.18,3.18,387,65,181,580
58,2021,2021-06-05,11,1,6,12,3.24,3.24,398,66,187,592
59,2021,2021-06-06,7,0,4,10,3.26,3.26,405,66,191,602
60,2021,2021-06-08,6,2,3,5,3.25,3.25,411,68,194,607
61,2021,2021-06-09,3,0,1,9,3.21,3.21,414,68,195,616
62,2021,2021-06-10,6,1,3,6,3.22,3.22,420,69,198,622
63,2021,2021-06-11,4,0,0,12,3.17,3.17,424,69,198,634
64,2021,2021-06-12,17,3,10,11,3.28,3.28,441,72,208,645
65,2021,2021-06-13,10,0,3,6,3.27,3.27,451,72,211,651
66,2021,2021-06-14,8,0,1,10,3.24,3.24,459,72,212,661
67,2021,2021-06-15,6,1,2,9,3.22,3.22,465,73,214,670
68,2021,2021-06-16,10,1,2,11,3.2,3.2,475,74,216,681
69,2021,2021-06-18,3,0,0,9,3.16,3.16,478,74,216,690
70,2021,2021-06-19,4,0,3,14,3.15,3.15,482,74,219,704
71,2021,2021-06-20,12,0,8,8,3.22,3.22,494,74,227,712
72,2021,2021-06-21,10,2,6,9,3.27,3.27,504,76,233,721
73,2021,2021-06-22,4,2,3,10,3.27,3.27,508,78,236,731
74,2021,2021-06-23,7,3,5,11,3.3,3.3,515,81,241,742
75,2021,2021-06-24,8,2,4,8,3.31,3.31,523,83,245,750
76,2021,2021-06-25,5,1,2,14,3.29,3.29,528,84,247,764
77,2021,2021-06-26,7,1,2,16,3.27,3.27,535,85,249,780
78,2021,2021-06-27,4,1,1,15,3.24,3.24,539,86,250,795
79,2021,2021-06-28,11,2,2,11,3.23,3.23,550,88,252,806
80,2021,2021-06-29,3,0,0,10,3.19,3.19,553,88,252,816
81,2021,2021-07-01,4,0,2,5,3.19,3.19,557,88,254,821
82,2021,2021-07-02,6,0,1,5,3.16,3.16,563,88,255,826
83,2021,2021-07-03,6,1,3,9,3.16,3.16,569,89,258,835
84,2021,2021-07-04,8,0,1,11,3.13,3.13,577,89,259,846
85,2021,2021-07-05,8,1,4,9,3.15,3.15,585,90,263,855
86,2021,2021-07-06,8,0,1,9,3.12,3.12,593,90,264,864
87,2021,2021-07-07,9,4,8,12,3.18,3.18,602,94,272,876
88,2021,2021-07-08,8,1,1,11,3.15,3.15,610,95,273,887
89,2021,2021-07-09,8,1,3,11,3.15,3.15,618,96,276,898
90,2021,2021-07-10,4,1,1,11,3.13,3.13,622,97,277,909
91,2021,2021-07-11,10,2,4,9,3.14,3.14,632,99,281,918
92,2021,2021-07-16,9,1,4,5,3.15,3.15,641,100,285,923
93,2021,2021-07-17,4,0,2,10,3.13,3.13,645,100,287,933
94,2021,2021-07-18,8,1,4,9,3.14,3.14,653,101,291,942
95,2021,2021-07-19,12,2,7,6,3.18,3.18,665,103,298,948
96,2021,2021-07-20,7,4,6,13,3.21,3.21,672,107,304,961
97,2021,2021-07-21,6,2,4,7,3.22,3.22,678,109,308,968
98,2021,2021-07-22,9,0,5,12,3.24,3.24,687,109,313,980
99,2021,2021-07-23,12,4,8,6,3.28,3.28,699,113,321,986
100,2021,2021-07-24,2,0,0,10,3.25,3.25,701,113,321,996
101,2021,2021-07-25,6,1,2,11,3.24,3.24,707,114,323,1007
102,2021,2021-07-27,6,0,1,7,3.22,3.22,713,114,324,1014
103,2021,2021-07-28,5,0,0,9,3.19,3.19,718,114,324,1023
104,2021,2021-07-29,9,0,4,8,3.2,3.2,727,114,328,1031
105,2021,2021-07-30,10,0,5,8,3.21,3.21,737,114,333,1039
106,2021,2021-07-31,5,2,3,10,3.21,3.21,742,116,336,1049
107,2021,2021-08-01,4,0,0,12,3.18,3.18,746,116,336,1061
108,2021,2021-08-03,8,1,3,8,3.18,3.18,754,117,339,1069
109,2021,2021-08-04,8,3,5,15,3.2,3.2,762,120,344,1084
110,2021,2021-08-06,7,2,3,11,3.19,3.19,769,122,347,1095
111,2021,2021-08-07,8,0,2,12,3.18,3.18,777,122,349,1107
112,2021,2021-08-08,7,0,2,12,3.17,3.17,784,122,351,1119
113,2021,2021-08-10,6,0,0,15,3.14,3.14,790,122,351,1134
114,2021,2021-08-11,7,0,2,9,3.13,3.13,797,122,353,1143
115,2021,2021-08-12,4,1,2,9,3.13,3.13,801,123,355,1152
116,2021,2021-08-13,7,0,3,11,3.12,3.12,808,123,358,1163
117,2021,2021-08-14,4,1,1,13,3.1,3.1,812,124,359,1176
118,2021,2021-08-15,6,0,4,11,3.11,3.11,818,124,363,1187
119,2021,2021-08-16,6,0,1,10,3.09,3.09,824,124,364,1197
120,2021,2021-08-17,5,0,3,7,3.09,3.09,829,124,367,1204
121,2021,2021-08-18,3,0,0,7,3.06,3.06,832,124,367,1211
122,2021,2021-08-19,6,0,1,8,3.05,3.05,838,124,368,1219
123,2021,2021-08-20,6,1,2,10,3.04,3.04,844,125,370,1229
124,2021,2021-08-21,8,2,3,12,3.04,3.04,852,127,373,1241
125,2021,2021-08-22,9,1,7,8,3.07,3.07,861,128,380,1249
126,2021,2021-08-24,3,1,2,9,3.06,3.06,864,129,382,1258
127,2021,2021-08-25,4,1,1,16,3.03,3.03,868,130,383,1274
128,2021,2021-08-26,3,0,0,11,3.0,3.0,871,130,383,1285
129,2021,2021-08-27,7,3,4,9,3.01,3.01,878,133,387,1294
130,2021,2021-08-28,3,0,2,5,3.0,3.0,881,133,389,1299
131,2021,2021-08-29,10,1,5,9,3.02,3.02,891,134,394,1308
132,2021,2021-08-30,8,3,3,9,3.02,3.02,899,137,397,1317
133,2021,2021-08-31,4,1,2,10,3.01,3.01,903,138,399,1327
134,2021,2021-09-01,7,2,3,11,3.01,3.01,910,140,402,1338
135,2021,2021-09-03,8,0,1,9,2.99,2.99,918,140,403,1347
136,2021,2021-09-04,9,0,1,11,2.98,2.98,927,140,404,1358
137,2021,2021-09-05,10,1,6,6,3.0,3.0,937,141,410,1364
138,2021,2021-09-06,6,0,0,14,2.98,2.98,943,141,410,1378
139,2021,2021-09-07,8,0,2,5,2.97,2.97,951,141,412,1383
140,2021,2021-09-08,7,2,5,7,2.99,2.99,958,143,417,1390
141,2021,2021-09-09,5,1,2,11,2.98,2.98,963,144,419,1401
142,2021,2021-09-10,6,0,0,9,2.96,2.96,969,144,419,1410
143,2021,2021-09-11,8,1,4,8,2.97,2.97,977,145,423,1418
144,2021,2021-09-12,1,0,0,9,2.95,2.95,978,145,423,1427
145,2021,2021-09-13,6,0,1,9,2.94,2.94,984,145,424,1436
146,2021,2021-09-14,8,1,4,10,2.94,2.94,992,146,428,1446
147,2021,2021-09-15,4,1,3,11,2.94,2.94,996,147,431,1457
148,2021,2021-09-17,6,0,3,7,2.95,2.95,1002,147,434,1464
149,2021,2021-09-18,3,0,0,8,2.93,2.93,1005,147,434,1472
150,2021,2021-09-19,8,2,5,14,2.94,2.94,1013,149,439,1486
151,2021,2021-09-21,9,0,4,11,2.94,2.94,1022,149,443,1497
152,2021,2021-09-22,12,2,6,7,2.97,2.97,1034,151,449,1504
153,2021,2021-09-23,9,1,5,11,2.98,2.98,1043,152,454,1515
154,2021,2021-09-24,4,1,2,13,2.97,2.97,1047,153,456,1528
155,2021,2021-09-25,9,2,6,3,2.99,2.99,1056,155,462,1531
156,2021,2021-09-26,7,0,0,7,2.97,2.97,1063,155,462,1538
157,2021,2021-09-28,4,1,1,9,2.96,2.96,1067,156,463,1547
158,2021,2021-09-29,13,2,8,9,2.99,2.99,1080,158,471,1556
159,2021,2021-09-30,5,2,3,10,2.99,2.99,1085,160,474,1566
160,2021,2021-10-01,11,0,6,10,3.01,3.01,1096,160,480,1576
161,2021,2021-10-02,4,1,3,8,3.01,3.01,1100,161,483,1584
162,2021,2021-10-03,7,0,3,15,3.01,3.01,1107,161,486,1599
1,2022,2022-04-08,7,0,3,12,3.0,3.0,7,0,3,12
2,2022,2022-04-09,8,1,3,10,3.18,3.18,15,1,6,22
3,2022,2022-04-10,10,2,6,3,4.32,4.32,25,3,12,25
4,2022,2022-04-12,5,0,1,9,3.44,3.44,30,3,13,34
5,2022,2022-04-13,1,0,0,14,2.72,2.72,31,3,13,48
6,2022,2022-04-14,6,2,3,6,2.77,2.77,37,5,16,54
7,2022,2022-04-15,5,0,1,6,2.51,2.51,42,5,17,60
8,2022,2022-04-16,4,0,2,12,2.44,2.44,46,5,19,72
9,2022,2022-04-17,4,0,1,15,2.28,2.28,50,5,20,87
10,2022,2022-04-18,10,2,4,12,2.45,2.45,60,7,24,99
11,2022,2022-04-19,12,1,3,7,2.51,2.51,72,8,27,106
12,2022,2022-04-20,3,0,1,6,2.38,2.38,75,8,28,112
13,2022,2022-04-22,4,0,1,10,2.27,2.27,79,8,29,122
14,2022,2022-04-23,5,1,2,9,2.24,2.24,84,9,31,131
15,2022,2022-04-24,8,0,2,6,2.22,2.22,92,9,33,137
16,2022,2022-04-25,3,0,0,10,2.08,2.08,95,9,33,147
17,2022,2022-04-26,4,1,4,10,2.21,2.21,99,10,37,157
18,2022,2022-04-27,2,1,2,4,2.21,2.21,101,11,39,161
19,2022,2022-04-29,6,0,1,7,2.15,2.15,107,11,40,168
20,2022,2022-04-30,10,0,5,14,2.29,2.29,117,11,45,182
21,2022,2022-05-01,10,2,3,13,2.33,2.33,127,13,48,195
22,2022,2022-05-03,6,0,1,8,2.27,2.27,133,13,49,203
23,2022,2022-05-04,6,1,1,6,2.21,2.21,139,14,50,209
24,2022,,5,0,0,5,2.12,2.12,144,14,50,214
25,2022,,6,1,2,11,2.11,2.11,150,15,52,225
26,2022,2022-05-08,4,0,1,7,2.07,2.07,154,15,53,232
27,2022,2022-05-09,15,2,5,4,2.19,2.19,169,17,58,236
28,2022,2022-05-10,4,0,1,6,2.14,2.14,173,17,59,242
29,2022,2022-05-11,8,3,5,9,2.25,2.25,181,20,64,251
30,2022,2022-05-12,12,2,9,10,2.48,2.48,193,22,73,261
31,2022,2022-05-13,15,2,11,9,2.75,2.75,208,24,84,270
32,2022,2022-05-14,10,4,5,6,2.82,2.82,218,28,89,276
33,2022,2022-05-15,8,0,0,7,2.74,2.74,226,28,89,283
34,2022,2022-05-16,5,2,4,11,2.77,2.77,231,30,93,294
35,2022,,6,2,5,14,2.84,2.84,237,32,98,308
36,2022,,11,2,3,8,2.84,2.84,248,34,101,316
37,2022,2022-05-18,9,0,3,9,2.85,2.85,257,34,104,325
38,2022,2022-05-20,7,0,1,10,2.8,2.8,264,34,105,335
39,2022,2022-05-21,6,2,4,8,2.83,2.83,270,36,109,343
40,2022,2022-05-22,8,1,2,12,2.8,2.8,278,37,111,355
41,2022,2022-05-23,7,0,1,8,2.76,2.76,285,37,112,363
42,2022,2022-05-24,10,0,3,6,2.76,2.76,295,37,115,369
43,2022,2022-05-25,6,0,1,5,2.73,2.73,301,37,116,374
44,2022,2022-05-26,8,1,1,5,2.69,2.69,309,38,117,379
45,2022,2022-05-27,9,0,4,7,2.72,2.72,318,38,121,386
46,2022,2022-05-28,5,0,2,12,2.7,2.7,323,38,123,398
47,2022,2022-05-29,8,0,1,11,2.67,2.67,331,38,124,409
48,2022,2022-05-30,9,2,5,11,2.72,2.72,340,40,129,420
49,2022,2022-05-31,11,2,5,13,2.76,2.76,351,42,134,433
50,2022,2022-06-01,9,2,8,10,2.87,2.87,360,44,142,443
51,2022,2022-06-02,3,0,0,9,2.81,2.81,363,44,142,452
52,2022,2022-06-03,5,1,1,8,2.78,2.78,368,45,143,460
53,2022,2022-06-04,13,4,9,11,2.9,2.9,381,49,152,471
54,2022,2022-06-05,8,1,4,10,2.91,2.91,389,50,156,481
55,2022,2022-06-07,7,0,4,6,2.94,2.94,396,50,160,487
56,2022,2022-06-08,4,1,1,10,2.9,2.9,400,51,161,497
57,2022,2022-06-09,10,1,8,9,2.99,2.99,410,52,169,506
58,2022,2022-06-10,10,2,7,9,3.07,3.07,420,54,176,515
59,2022,2022-06-11,5,1,3,9,3.07,3.07,425,55,179,524
60,2022,2022-06-12,5,2,2,11,3.06,3.06,430,57,181,535
61,2022,2022-06-14,3,0,0,11,3.01,3.01,433,57,181,546
62,2022,2022-06-15,3,0,1,10,2.98,2.98,436,57,182,556
63,2022,2022-06-17,6,0,1,8,2.94,2.94,442,57,183,564
64,2022,2022-06-18,2,0,0,9,2.89,2.89,444,57,183,573
65,2022,2022-06-19,11,1,4,14,2.91,2.91,455,58,187,587
66,2022,2022-06-21,5,2,2,9,2.9,2.9,460,60,189,596
67,2022,2022-06-22,7,1,3,6,2.9,2.9,467,61,192,602
68,2022,2022-06-23,13,1,5,9,2.93,2.93,480,62,197,611
69,2022,2022-06-24,6,0,1,10,2.9,2.9,486,62,198,621
70,2022,2022-06-25,9,2,5,8,2.94,2.94,495,64,203,629
71,2022,2022-06-26,8,0,2,12,2.91,2.91,503,64,205,641
72,2022,2022-06-27,11,1,4,4,2.93,2.93,514,65,209,645
73,2022,2022-06-28,11,2,7,8,2.99,2.99,525,67,216,653
74,2022,2022-06-29,10,1,4,8,3.01,3.01,535,68,220,661
75,2022,2022-06-30,7,0,1,8,2.98,2.98,542,68,221,669
76,2022,2022-07-01,4,1,1,9,2.95,2.95,546,69,222,678
77,2022,2022-07-02,10,1,2,10,2.94,2.94,556,70,224,688
78,2022,2022-07-03,8,1,4,11,2.96,2.96,564,71,228,699
79,2022,2022-07-04,8,2,3,9,2.96,2.96,572,73,231,708
80,2022,2022-07-05,8,1,2,12,2.94,2.94,580,74,233,720
81,2022,2022-07-06,1,0,0,7,2.91,2.91,581,74,233,727
82,2022,2022-07-07,6,1,3,7,2.91,2.91,587,75,236,734
83,2022,2022-07-08,5,1,3,5,2.91,2.91,592,76,239,739
84,2022,2022-07-09,5,0,1,12,2.88,2.88,597,76,240,751
85,2022,2022-07-10,8,3,9,10,2.96,2.96,605,79,249,761
86,2022,2022-07-12,13,2,7,5,3.01,3.01,618,81,256,766
87,2022,2022-07-13,9,1,6,9,3.04,3.04,627,82,262,775
88,2022,2022-07-14,5,0,0,7,3.01,3.01,632,82,262,782
89,2022,2022-07-15,2,1,1,7,2.98,2.98,634,83,263,789
90,2022,2022-07-16,7,1,1,10,2.96,2.96,641,84,264,799
91,2022,2022-07-21,6,2,6,7,3.0,3.0,647,86,270,806
92,2022,2022-07-22,7,0,0,7,2.96,2.96,654,86,270,813
93,2022,2022-07-23,5,0,2,9,2.95,2.95,659,86,272,822
94,2022,2022-07-24,7,1,4,14,2.96,2.96,666,87,276,836
95,2022,2022-07-25,8,1,4,9,2.97,2.97,674,88,280,845
96,2022,2022-07-26,14,1,6,8,3.01,3.01,688,89,286,853
97,2022,2022-07-27,5,0,1,10,2.98,2.98,693,89,287,863
98,2022,2022-07-28,7,0,0,4,2.95,2.95,700,89,287,867
99,2022,2022-07-29,7,0,4,7,2.96,2.96,707,89,291,874
100,2022,2022-07-30,10,0,3,6,2.97,2.97,717,89,294,880
101,2022,2022-07-31,8,1,3,12,2.97,2.97,725,90,297,892
102,2022,2022-08-01,5,1,2,8,2.96,2.96,730,91,299,900
103,2022,2022-08-02,7,1,5,8,2.98,2.98,737,92,304,908
104,2022,2022-08-03,8,0,0,8,2.95,2.95,745,92,304,916
105,2022,2022-08-04,5,1,2,8,2.94,2.94,750,93,306,924
106,2022,2022-08-05,4,0,1,13,2.92,2.92,754,93,307,937
107,2022,2022-08-06,6,0,0,7,2.9,2.9,760,93,307,944
108,2022,2022-08-07,2,0,0,4,2.87,2.87,762,93,307,948
109,2022,2022-08-09,7,1,3,11,2.87,2.87,769,94,310,959
110,2022,2022-08-10,8,2,5,8,2.89,2.89,777,96,315,967
111,2022,2022-08-12,4,1,3,6,2.89,2.89,781,97,318,973
112,2022,2022-08-13,10,0,3,10,2.89,2.89,791,97,321,983
113,2022,2022-08-14,8,1,4,6,2.9,2.9,799,98,325,989
114,2022,2022-08-15,4,0,0,10,2.88,2.88,803,98,325,999
115,2022,2022-08-16,5,2,4,14,2.88,2.88,808,100,329,1013
116,2022,2022-08-17,4,0,1,10,2.87,2.87,812,100,330,1023
117,2022,2022-08-18,6,3,3,14,2.87,2.87,818,103,333,1037
118,2022,2022-08-19,5,0,1,7,2.86,2.86,823,103,334,1044
119,2022,2022-08-20,3,0,0,15,2.83,2.83,826,103,334,1059
120,2022,2022-08-21,6,2,3,10,2.83,2.83,832,105,337,1069
121,2022,2022-08-22,5,2,4,11,2.84,2.84,837,107,341,1080
122,2022,2022-08-23,4,0,1,5,2.83,2.83,841,107,342,1085
123,2022,2022-08-24,9,2,6,13,2.85,2.85,850,109,348,1098
124,2022,2022-08-26,8,1,4,9,2.86,2.86,858,110,352,1107
125,2022,2022-08-27,5,0,1,7,2.85,2.85,863,110,353,1114
126,2022,2022-08-28,2,1,1,10,2.83,2.83,865,111,354,1124
127,2022,2022-08-29,7,0,2,9,2.82,2.82,872,111,356,1133
128,2022,2022-08-30,10,2,2,10,2.82,2.82,882,113,358,1143
129,2022,2022-08-31,8,1,2,3,2.81,2.81,890,114,360,1146
130,2022,2022-09-01,6,0,5,8,2.83,2.83,896,114,365,1154
131,2022,2022-09-02,7,3,7,11,2.86,2.86,903,117,372,1165
132,2022,2022-09-03,2,1,1,5,2.85,2.85,905,118,373,1170
133,2022,2022-09-04,8,0,3,11,2.85,2.85,913,118,376,1181
134,2022,2022-09-05,9,5,7,11,2.88,2.88,922,123,383,1192
135,2022,2022-09-06,8,2,3,5,2.88,2.88,930,125,386,1197
136,2022,2022-09-07,8,2,3,12,2.88,2.88,938,127,389,1209
137,2022,2022-09-09,8,1,3,7,2.88,2.88,946,128,392,1216
138,2022,2022-09-10,9,2,4,7,2.89,2.89,955,130,396,1223
139,2022,2022-09-11,6,1,1,11,2.88,2.88,961,131,397,1234
140,2022,2022-09-12,5,0,0,5,2.86,2.86,966,131,397,1239
141,2022,2022-09-13,3,0,0,6,2.84,2.84,969,131,397,1245
142,2022,2022-09-14,5,3,4,10,2.84,2.84,974,134,401,1255
143,2022,2022-09-16,2,0,0,9,2.82,2.82,976,134,401,1264
144,2022,2022-09-17,5,1,1,13,2.81,2.81,981,135,402,1277
145,2022,2022-09-18,6,0,1,17,2.8,2.8,987,135,403,1294
146,2022,2022-09-19,7,0,2,12,2.79,2.79,994,135,405,1306
147,2022,,10,2,3,13,2.79,2.79,1004,137,408,1319
148,2022,,5,1,2,8,2.79,2.79,1009,138,410,1327
149,2022,2022-09-21,7,0,6,7,2.81,2.81,1016,138,416,1334
150,2022,2022-09-22,4,1,1,12,2.8,2.8,1020,139,417,1346
151,2022,2022-09-23,12,5,10,8,2.85,2.85,1032,144,427,1354
152,2022,2022-09-24,7,1,2,10,2.84,2.84,1039,145,429,1364
153,2022,2022-09-25,7,0,1,7,2.83,2.83,1046,145,430,1371
154,2022,2022-09-27,6,0,2,10,2.82,2.82,1052,145,432,1381
155,2022,2022-09-28,7,0,0,9,2.8,2.8,1059,145,432,1390
156,2022,2022-09-29,10,0,2,10,2.8,2.8,1069,145,434,1400
157,2022,2022-09-30,7,0,1,6,2.78,2.78,1076,145,435,1406
158,2022,2022-10-01,8,2,4,7,2.79,2.79,1084,147,439,1413
159,2022,2022-10-02,10,1,4,13,2.8,2.8,1094,148,443,1426
160,2022,2022-10-03,9,0,2,11,2.79,2.79,1103,148,445,1437
161,2022,2022-10-04,9,3,5,11,2.81,2.81,1112,151,450,1448
162,2022,2022-10-05,2,1,1,17,2.8,2.8,1114,152,451,1465
1,2023,2023-03-30,4,0,2,8,2.0,2.0,4,0,2,8
2,2023,2023-03-31,7,1,2,5,2.0,2.0,11,1,4,13
3,2023,2023-04-01,5,1,1,10,1.67,1.67,16,2,5,23
4,2023,2023-04-02,9,0,2,6,1.75,1.75,25,2,7,29
5,2023,2023-04-03,6,0,4,12,2.2,2.2,31,2,11,41
6,2023,2023-04-04,7,0,2,7,2.17,2.17,38,2,13,48
7,2023,2023-04-06,5,0,2,8,2.14,2.14,43,2,15,56
8,2023,2023-04-07,10,2,6,5,2.66,2.66,53,4,21,61
9,2023,2023-04-08,17,2,12,6,3.76,3.76,70,6,33,67
10,2023,2023-04-09,16,0,11,10,4.55,4.55,86,6,44,77
11,2023,2023-04-10,7,1,1,13,4.22,4.22,93,7,45,90
12,2023,2023-04-11,7,2,5,7,4.33,4.33,100,9,50,97
13,2023,2023-04-12,10,1,4,9,4.3,4.3,110,10,54,106
14,2023,2023-04-14,12,5,8,11,4.57,4.57,122,15,62,117
15,2023,2023-04-15,4,1,1,11,4.33,4.33,126,16,63,128
16,2023,2023-04-16,11,2,2,11,4.18,4.18,137,18,65,139
17,2023,2023-04-17,14,1,8,3,4.41,4.41,151,19,73,142
18,2023,2023-04-18,4,0,0,11,4.16,4.16,155,19,73,153
19,2023,2023-04-19,11,1,5,4,4.2,4.2,166,20,78,157
20,2023,2023-04-20,6,1,2,5,4.09,4.09,172,21,80,162
21,2023,2023-04-21,17,4,13,8,4.55,4.55,189,25,93,170
22,2023,2023-04-22,5,1,4,12,4.52,4.52,194,26,97,182
23,2023,2023-04-23,6,1,1,7,4.37,4.37,200,27,98,189
24,2023,2023-04-25,12,1,7,8,4.48,4.48,212,28,105,197
25,2023,2023-04-26,12,0,8,4,4.64,4.64,224,28,113,201
26,2023,2023-04-27,8,2,6,8,4.72,4.72,232,30,119,209
27,2023,2023-04-28,6,0,3,7,4.65,4.65,238,30,122,216
28,2023,2023-04-29,3,0,0,11,4.48,4.48,241,30,122,227
29,2023,2023-04-30,10,0,3,5,4.43,4.43,251,30,125,232
30,2023,2023-05-01,9,1,4,6,4.41,4.41,260,31,129,238
31,2023,2023-05-02,2,1,1,14,4.3,4.3,262,32,130,252
32,2023,2023-05-03,10,0,5,7,4.32,4.32,272,32,135,259
33,2023,2023-05-05,8,2,5,12,4.36,4.36,280,34,140,271
34,2023,2023-05-06,5,0,1,10,4.26,4.26,285,34,141,281
35,2023,2023-05-07,9,0,2,9,4.18,4.18,294,34,143,290
36,2023,2023-05-08,8,2,6,6,4.24,4.24,302,36,149,296
37,2023,2023-05-09,5,2,2,8,4.18,4.18,307,38,151,304
38,2023,2023-05-10,5,1,1,11,4.1,4.1,312,39,152,315
39,2023,2023-05-12,8,0,2,7,4.04,4.04,320,39,154,322
40,2023,2023-05-13,5,2,2,6,3.99,3.99,325,41,156,328
41,2023,2023-05-14,3,0,0,10,3.89,3.89,328,41,156,338
42,2023,2023-05-15,13,2,7,15,3.93,3.93,341,43,163,353
43,2023,2023-05-16,11,1,5,12,3.96,3.96,352,44,168,365
44,2023,2023-05-17,8,2,2,11,3.91,3.91,360,46,170,376
45,2023,2023-05-18,12,7,16,5,4.2,4.2,372,53,186,381
46,2023,2023-05-19,2,0,0,7,4.1,4.1,374,53,186,388
47,2023,2023-05-20,8,1,6,7,4.15,4.15,382,54,192,395
48,2023,2023-05-21,12,1,10,11,4.29,4.29,394,55,202,406
49,2023,2023-05-22,9,1,6,6,4.32,4.32,403,56,208,412
50,2023,2023-05-23,5,0,1,11,4.26,4.26,408,56,209,423
51,2023,2023-05-24,5,2,4,6,4.25,4.25,413,58,213,429
52,2023,2023-05-26,13,2,9,3,4.36,4.36,426,60,222,432
53,2023,2023-05-27,9,1,5,9,4.37,4.37,435,61,227,441
54,2023,2023-05-28,16,1,11,12,4.5,4.5,451,62,238,453
55,2023,2023-05-29,6,0,1,4,4.44,4.44,457,62,239,457
56,2023,2023-05-30,6,1,3,4,4.41,4.41,463,63,242,461
57,2023,2023-05-31,12,5,7,7,4.46,4.46,475,68,249,468
58,2023,2023-06-02,5,3,4,11,4.45,4.45,480,71,253,479
59,2023,2023-06-03,6,4,6,12,4.48,4.48,486,75,259,491
60,2023,2023-06-04,5,1,3,10,4.45,4.45,491,76,262,501
61,2023,2023-06-06,14,0,8,6,4.52,4.52,505,76,270,507
62,2023,2023-06-07,13,3,8,10,4.58,4.58,518,79,278,517
63,2023,2023-06-08,6,0,0,11,4.51,4.51,524,79,278,528
64,2023,2023-06-09,8,1,5,8,4.52,4.52,532,80,283,536
65,2023,2023-06-10,6,0,0,10,4.45,4.45,538,80,283,546
66,2023,2023-06-11,13,1,7,10,4.49,4.49,551,81,290,556
67,2023,2023-06-13,3,0,1,10,4.44,4.44,554,81,291,566
68,2023,2023-06-14,13,3,8,8,4.49,4.49,567,84,299,574
69,2023,2023-06-15,8,4,4,16,4.47,4.47,575,88,303,590
70,2023,2023-06-16,8,1,6,8,4.48,4.48,583,89,309,598
71,2023,2023-06-17,16,2,13,10,4.6,4.6,599,91,322,608
72,2023,2023-06-18,8,0,7,11,4.64,4.64,607,91,329,619
73,2023,2023-06-20,5,0,0,9,4.57,4.57,612,91,329,628
74,2023,2023-06-21,2,0,0,8,4.51,4.51,614,91,329,636
75,2023,2023-06-23,3,2,2,5,4.48,4.48,617,93,331,641
76,2023,2023-06-24,13,1,7,9,4.51,4.51,630,94,338,650
77,2023,2023-06-25,10,2,4,7,4.49,4.49,640,96,342,657
78,2023,2023-06-27,3,0,0,4,4.43,4.43,643,96,342,661
79,2023,2023-06-28,12,0,9,7,4.5,4.5,655,96,351,668
80,2023,2023-06-29,9,0,3,9,4.48,4.48,664,96,354,677
81,2023,2023-06-30,9,0,3,9,4.46,4.46,673,96,357,686
82,2023,2023-07-01,7,0,5,6,4.47,4.47,680,96,362,692
83,2023,2023-07-02,15,0,7,7,4.51,4.51,695,96,369,699
84,2023,2023-07-03,7,0,2,8,4.48,4.48,702,96,371,707
85,2023,2023-07-04,12,1,9,12,4.53,4.53,714,97,380,719
86,2023,2023-07-05,9,2,4,12,4.53,4.53,723,99,384,731
87,2023,2023-07-06,4,0,2,13,4.5,4.5,727,99,386,744
88,2023,2023-07-07,8,2,4,8,4.49,4.49,735,101,390,752
89,2023,2023-07-08,9,1,5,10,4.5,4.5,744,102,395,762
90,2023,2023-07-14,1,0,0,10,4.45,4.45,745,102,395,772
91,2023,2023-07-15,3,1,1,8,4.41,4.41,748,103,396,780
92,2023,2023-07-16,6,0,1,8,4.37,4.37,754,103,397,788
93,2023,2023-07-17,7,1,4,6,4.37,4.37,761,104,401,794
94,2023,2023-07-18,9,0,3,6,4.35,4.35,770,104,404,800
95,2023,2023-07-19,10,1,8,4,4.4,4.4,780,105,412,804
96,2023,2023-07-21,4,2,5,7,4.4,4.4,784,107,417,811
97,2023,2023-07-22,9,1,3,7,4.39,4.39,793,108,420,818
98,2023,2023-07-23,9,0,8,10,4.43,4.43,802,108,428,828
99,2023,2023-07-24,13,1,4,14,4.41,4.41,815,109,432,842
100,2023,2023-07-25,12,1,7,10,4.44,4.44,827,110,439,852
101,2023,2023-07-26,11,2,8,7,4.47,4.47,838,112,447,859
102,2023,2023-07-28,8,2,6,10,4.49,4.49,846,114,453,869
103,2023,2023-07-29,6,0,0,9,4.44,4.44,852,114,453,878
104,2023,2023-07-30,14,3,9,13,4.49,4.49,866,117,462,891
105,2023,2023-08-01,6,3,3,10,4.47,4.47,872,120,465,901
106,2023,2023-08-02,6,1,1,7,4.44,4.44,878,121,466,908
107,2023,2023-08-03,5,2,2,8,4.42,4.42,883,123,468,916
108,2023,2023-08-04,10,1,4,5,4.41,4.41,893,124,472,921
109,2023,2023-08-05,11,1,4,9,4.41,4.41,904,125,476,930
110,2023,2023-08-06,7,2,2,7,4.39,4.39,911,127,478,937
111,2023,2023-08-07,11,2,7,7,4.42,4.42,922,129,485,944
112,2023,2023-08-08,10,0,4,8,4.41,4.41,932,129,489,952
113,2023,2023-08-09,4,0,0,6,4.37,4.37,936,129,489,958
114,2023,2023-08-10,4,1,1,9,4.34,4.34,940,130,490,967
115,2023,2023-08-11,6,0,0,16,4.3,4.3,946,130,490,983
116,2023,2023-08-12,3,1,1,11,4.28,4.28,949,131,491,994
117,2023,2023-08-13,5,1,3,13,4.26,4.26,954,132,494,1007
118,2023,2023-08-15,2,1,2,6,4.24,4.24,956,133,496,1013
119,2023,2023-08-16,3,1,1,7,4.22,4.22,959,134,497,1020
120,2023,2023-08-17,5,0,0,5,4.18,4.18,964,134,497,1025
121,2023,2023-08-18,9,5,11,8,4.24,4.24,973,139,508,1033
122,2023,,5,0,1,6,4.21,4.21,978,139,509,1039
123,2023,,8,1,1,6,4.19,4.19,986,140,510,1045
124,2023,2023-08-22,12,2,8,7,4.22,4.22,998,142,518,1052
125,2023,,4,1,1,13,4.19,4.19,1002,143,519,1065
126,2023,2023-08-24,10,1,3,8,4.18,4.18,1012,144,522,1073
127,2023,2023-08-25,14,2,3,5,4.18,4.18,1026,146,525,1078
128,2023,2023-08-26,10,3,7,11,4.2,4.2,1036,149,532,1089
129,2023,2023-08-27,7,3,4,5,4.2,4.2,1043,152,536,1094
130,2023,2023-08-28,8,1,4,6,4.2,4.2,1051,153,540,1100
131,2023,2023-08-29,6,1,1,9,4.17,4.17,1057,154,541,1109
132,2023,2023-08-30,6,0,0,7,4.14,4.14,1063,154,541,1116
133,2023,2023-08-31,9,3,7,3,4.16,4.16,1072,157,548,1119
134,2023,2023-09-01,14,3,6,7,4.18,4.18,1086,160,554,1126
135,2023,2023-09-02,5,2,3,11,4.16,4.16,1091,162,557,1137
136,2023,2023-09-03,5,1,1,6,4.14,4.14,1096,163,558,1143
137,2023,2023-09-05,8,4,6,6,4.16,4.16,1104,167,564,1149
138,2023,2023-09-06,13,3,11,3,4.21,4.21,1117,170,575,1152
139,2023,2023-09-07,2,0,0,6,4.18,4.18,1119,170,575,1158
140,2023,2023-09-08,6,2,5,9,4.19,4.19,1125,172,580,1167
141,2023,2023-09-09,8,1,5,10,4.19,4.19,1133,173,585,1177
142,2023,2023-09-10,9,0,3,9,4.18,4.18,1142,173,588,1186
143,2023,2023-09-11,13,4,7,7,4.2,4.2,1155,177,595,1193
144,2023,2023-09-12,5,1,2,6,4.18,4.18,1160,178,597,1199
145,2023,2023-09-13,8,2,6,12,4.2,4.2,1168,180,603,1211
146,2023,2023-09-15,11,1,3,11,4.19,4.19,1179,181,606,1222
147,2023,2023-09-16,7,0,0,15,4.15,4.15,1186,181,606,1237
148,2023,2023-09-17,7,0,1,13,4.13,4.13,1193,181,607,1250
149,2023,2023-09-18,6,1,3,13,4.12,4.12,1199,182,610,1263
150,2023,2023-09-19,6,2,2,8,4.11,4.11,1205,184,612,1271
151,2023,2023-09-20,7,0,3,8,4.1,4.1,1212,184,615,1279
152,2023,2023-09-21,3,1,2,15,4.09,4.09,1215,185,617,1294
153,2023,2023-09-22,8,3,5,10,4.09,4.09,1223,188,622,1304
154,2023,2023-09-23,2,0,0,11,4.07,4.07,1225,188,622,1315
155,2023,2023-09-24,8,1,2,9,4.05,4.05,1233,189,624,1324
156,2023,,9,1,4,11,4.05,4.05,1242,190,628,1335
157,2023,,7,1,2,11,4.04,4.04,1249,191,630,1346
158,2023,2023-09-27,7,2,2,13,4.03,4.03,1256,193,632,1359
159,2023,2023-09-28,18,3,14,5,4.09,4.09,1274,196,646,1364
160,2023,2023-09-29,2,1,2,7,4.08,4.08,1276,197,648,1371
161,2023,2023-09-30,5,1,2,8,4.07,4.07,1281,198,650,1379
162,2023,2023-10-01,3,2,2,9,4.06,4.06,1284,200,652,1388
