gtm,pa,ab,r,h,2b,3b,hr,rbi,bb,ibb,so,hbp,sh,sf,roe,gdp,sb,cs,year,game_date,pa_cum,ab_cum,r_cum,h_cum,2b_cum,3b_cum,hr_cum,rbi_cum,bb_cum,ibb_cum,so_cum,hbp_cum,sh_cum,sf_cum,roe_cum,gdp_cum,sb_cum,cs_cum
1,45,33,5,7,0,0,0,4,9,0,7,1,0,2,1,0,1,0,2024,2024-03-20,45,33,5,7,0,0,0,4,9,0,7,1,0,2,1,0,1,0
2,50,42,11,16,3,0,1,11,6,0,9,1,0,1,0,0,0,0,2024,2024-03-21,95,75,16,23,3,0,1,15,15,0,16,2,0,3,1,0,1,0
3,36,31,7,10,2,0,2,7,4,0,10,0,0,1,0,1,0,0,2024,2024-03-28,131,106,23,33,5,0,3,22,19,0,26,2,0,4,1,1,1,0
4,32,30,6,7,1,0,4,6,2,0,9,0,0,0,0,1,0,0,2024,2024-03-29,163,136,29,40,6,0,7,28,21,0,35,2,0,4,1,2,1,0
5,47,43,5,14,1,0,1,5,4,0,14,0,0,0,0,0,0,0,2024,2024-03-30,210,179,34,54,7,0,8,33,25,0,49,2,0,4,1,2,1,0
6,35,30,5,8,2,0,2,5,4,0,6,1,0,0,0,2,1,0,2024,2024-03-31,245,209,39,62,9,0,10,38,29,0,55,3,0,4,1,4,2,0
7,35,32,8,9,3,1,1,8,2,0,10,0,0,1,0,0,0,0,2024,2024-04-01,280,241,47,71,12,1,11,46,31,0,65,3,0,5,1,4,2,0
8,37,32,5,9,3,0,1,5,5,0,11,0,0,0,0,1,2,0,2024,2024-04-02,317,273,52,80,15,1,12,51,36,0,76,3,0,5,1,5,4,0
9,34,30,5,9,1,0,2,5,3,0,6,1,0,0,0,2,0,1,2024,2024-04-03,351,303,57,89,16,1,14,56,39,0,82,4,0,5,1,7,4,1
10,43,39,7,12,3,0,1,7,4,0,12,0,0,0,0,0,1,0,2024,2024-04-05,394,342,64,101,19,1,15,63,43,0,94,4,0,5,1,7,5,1
11,40,36,4,9,1,0,0,3,4,0,14,0,0,0,1,1,0,0,2024,2024-04-06,434,378,68,110,20,1,15,66,47,0,108,4,0,5,2,8,5,1
12,33,31,1,4,1,1,0,1,2,0,8,0,0,0,0,0,0,0,2024,2024-04-07,467,409,69,114,21,2,15,67,49,0,116,4,0,5,2,8,5,1
13,39,35,4,10,2,0,2,4,3,0,12,0,0,1,0,0,1,0,2024,2024-04-08,506,444,73,124,23,2,17,71,52,0,128,4,0,6,2,8,6,1
14,41,35,6,9,1,0,2,6,6,0,14,0,0,0,0,1,0,0,2024,2024-04-09,547,479,79,133,24,2,19,77,58,0,142,4,0,6,2,9,6,1
15,37,34,2,9,2,0,1,2,3,0,11,0,0,0,0,0,0,1,2024,2024-04-10,584,513,81,142,26,2,20,79,61,0,153,4,0,6,2,9,6,2
16,46,42,7,7,2,0,4,7,4,2,9,0,0,0,2,0,0,0,2024,2024-04-12,630,555,88,149,28,2,24,86,65,2,162,4,0,6,4,9,6,2
17,38,31,5,8,0,0,0,5,4,0,7,1,0,2,1,0,2,0,2024,2024-04-13,668,586,93,157,28,2,24,91,69,2,169,5,0,8,5,9,8,2
18,35,32,3,6,1,0,1,3,3,0,3,0,0,0,0,1,1,0,2024,2024-04-14,703,618,96,163,29,2,25,94,72,2,172,5,0,8,5,10,9,2
19,37,34,4,9,2,0,0,4,0,0,9,0,0,2,0,0,1,0,2024,2024-04-15,740,652,100,172,31,2,25,98,72,2,181,5,0,10,5,10,10,2
20,39,34,6,13,3,0,1,5,5,1,8,0,0,0,0,1,0,1,2024,2024-04-16,779,686,106,185,34,2,26,103,77,3,189,5,0,10,5,11,10,3
21,33,31,0,5,2,0,0,0,2,0,9,0,0,0,0,1,1,0,2024,2024-04-17,812,717,106,190,36,2,26,103,79,3,198,5,0,10,5,12,11,3
22,41,34,4,6,2,0,0,4,5,0,9,1,0,0,1,1,1,0,2024,2024-04-19,853,751,110,196,38,2,26,107,84,3,207,6,0,10,6,13,12,3
23,44,31,4,6,2,0,0,4,10,0,14,2,0,1,0,0,2,0,2024,2024-04-20,897,782,114,202,40,2,26,111,94,3,221,8,0,11,6,13,14,3
24,40,32,10,9,4,0,2,10,7,0,5,1,0,0,0,0,0,1,2024,2024-04-21,937,814,124,211,44,2,28,121,101,3,226,9,0,11,6,13,14,4
25,41,35,4,9,2,0,1,4,6,0,4,0,0,0,0,1,2,0,2024,2024-04-23,978,849,128,220,46,2,29,125,107,3,230,9,0,11,6,14,16,4
26,49,46,11,20,8,0,1,11,3,0,6,0,0,0,0,1,0,0,2024,2024-04-24,1027,895,139,240,54,2,30,136,110,3,236,9,0,11,6,15,16,4
27,35,32,2,9,2,0,1,2,3,0,7,0,0,0,0,3,1,0,2024,2024-04-25,1062,927,141,249,56,2,31,138,113,3,243,9,0,11,6,18,17,4
28,50,43,12,19,2,0,3,11,5,0,7,0,0,2,0,0,3,1,2024,2024-04-26,1112,970,153,268,58,2,34,149,118,3,250,9,0,13,6,18,20,5
29,40,37,4,11,2,1,0,4,1,0,3,0,1,1,1,0,1,0,2024,2024-04-27,1152,1007,157,279,60,3,34,153,119,3,253,9,1,14,7,18,21,5
30,35,33,1,6,4,0,1,1,2,1,8,0,0,0,0,0,0,1,2024,2024-04-28,1187,1040,158,285,64,3,35,154,121,4,261,9,1,14,7,18,21,6
31,44,34,8,10,4,0,1,8,8,0,0,1,0,1,0,2,0,0,2024,2024-04-29,1231,1074,166,295,68,3,36,162,129,4,261,10,1,15,7,20,21,6
32,41,33,3,5,2,0,0,1,6,0,9,1,0,1,0,1,0,0,2024,2024-04-30,1272,1107,169,300,70,3,36,163,135,4,270,11,1,16,7,21,21,6
33,43,35,8,10,2,0,2,8,8,0,9,0,0,0,0,1,1,0,2024,2024-05-01,1315,1142,177,310,72,3,38,171,143,4,279,11,1,16,7,22,22,6
34,43,37,4,9,1,0,1,4,5,2,8,1,0,0,0,2,2,0,2024,2024-05-03,1358,1179,181,319,73,3,39,175,148,6,287,12,1,16,7,24,24,6
35,44,39,11,16,0,1,5,11,5,0,7,0,0,0,0,0,0,0,2024,2024-05-04,1402,1218,192,335,73,4,44,186,153,6,294,12,1,16,7,24,24,6
36,33,29,5,5,0,0,3,5,3,0,8,1,0,0,1,1,0,0,2024,2024-05-05,1435,1247,197,340,73,4,47,191,156,6,302,13,1,16,8,25,24,6
37,37,32,6,9,0,0,4,6,5,0,6,0,0,0,0,1,2,0,2024,2024-05-06,1472,1279,203,349,73,4,51,197,161,6,308,13,1,16,8,26,26,6
38,35,27,8,5,1,0,2,7,5,0,9,2,0,1,0,1,0,0,2024,2024-05-07,1507,1306,211,354,74,4,53,204,166,6,317,15,1,17,8,27,26,6
39,29,28,3,6,1,0,1,3,1,0,3,0,0,0,0,1,0,1,2024,2024-05-08,1536,1334,214,360,75,4,54,207,167,6,320,15,1,17,8,28,26,7
40,35,30,1,4,1,0,0,1,4,1,11,0,0,1,1,1,0,0,2024,2024-05-10,1571,1364,215,364,76,4,54,208,171,7,331,15,1,18,9,29,26,7
41,38,32,5,5,1,0,2,5,6,1,10,0,0,0,0,0,1,0,2024,2024-05-11,1609,1396,220,369,77,4,56,213,177,8,341,15,1,18,9,29,27,7
42,33,32,0,4,1,0,0,0,1,0,9,0,0,0,1,0,0,0,2024,2024-05-12,1642,1428,220,373,78,4,56,213,178,8,350,15,1,18,10,29,27,7
43,42,40,6,11,3,0,2,6,2,0,13,0,0,0,0,1,1,0,2024,2024-05-13,1684,1468,226,384,81,4,58,219,180,8,363,15,1,18,10,30,28,7
44,43,39,10,13,5,3,1,10,3,0,12,0,0,1,1,0,1,0,2024,2024-05-14,1727,1507,236,397,86,7,59,229,183,8,375,15,1,19,11,30,29,7
45,39,33,1,7,0,0,0,1,4,0,10,1,0,1,0,0,0,0,2024,2024-05-15,1766,1540,237,404,86,7,59,230,187,8,385,16,1,20,11,30,29,7
46,34,31,2,4,0,0,0,2,3,0,11,0,0,0,0,0,1,0,2024,2024-05-16,1800,1571,239,408,86,7,59,232,190,8,396,16,1,20,11,30,30,7
47,37,32,7,9,0,0,3,6,4,1,2,1,0,0,0,0,0,0,2024,2024-05-17,1837,1603,246,417,86,7,62,238,194,9,398,17,1,20,11,30,30,7
48,33,30,4,6,2,0,0,4,3,0,8,0,0,0,0,0,0,0,2024,2024-05-18,1870,1633,250,423,88,7,62,242,197,9,406,17,1,20,11,30,30,7
49,38,33,3,7,0,0,1,3,3,0,10,1,1,0,0,1,1,1,2024,2024-05-19,1908,1666,253,430,88,7,63,245,200,9,416,18,2,20,11,31,31,8
50,33,31,6,8,0,0,3,6,2,0,2,0,0,0,1,2,0,0,2024,2024-05-20,1941,1697,259,438,88,7,66,251,202,9,418,18,2,20,12,33,31,8
51,34,33,3,6,3,1,0,2,1,0,10,0,0,0,0,0,3,0,2024,2024-05-21,1975,1730,262,444,91,8,66,253,203,9,428,18,2,20,12,33,34,8
52,35,32,0,6,2,0,0,0,3,0,9,0,0,0,0,1,0,0,2024,2024-05-22,2010,1762,262,450,93,8,66,253,206,9,437,18,2,20,12,34,34,8
53,44,38,6,11,4,0,2,6,3,0,5,3,0,0,0,0,0,0,2024,2024-05-24,2054,1800,268,461,97,8,68,259,209,9,442,21,2,20,12,34,34,8
54,32,30,1,5,1,1,0,0,2,0,8,0,0,0,0,1,0,0,2024,2024-05-25,2086,1830,269,466,98,9,68,259,211,9,450,21,2,20,12,35,34,8
55,32,32,1,5,3,0,0,1,0,0,8,0,0,0,1,1,0,0,2024,2024-05-26,2118,1862,270,471,101,9,68,260,211,9,458,21,2,20,13,36,34,8
56,42,41,5,11,1,0,1,5,1,0,13,0,0,0,0,1,0,0,2024,,2160,1903,275,482,102,9,69,265,212,9,471,21,2,20,13,37,34,8
57,37,36,3,10,3,0,2,3,1,0,6,0,0,0,0,1,0,0,2024,,2197,1939,278,492,105,9,71,268,213,9,477,21,2,20,13,38,34,8
58,45,41,10,16,3,1,4,10,4,0,9,0,0,0,0,0,1,1,2024,2024-05-29,2242,1980,288,508,108,10,75,278,217,9,486,21,2,20,13,38,35,9
59,33,31,1,5,1,0,0,0,2,0,5,0,0,0,0,1,0,0,2024,2024-05-31,2275,2011,289,513,109,10,75,278,219,9,491,21,2,20,13,39,35,9
60,37,33,4,11,2,1,0,3,4,1,7,0,0,0,0,1,1,1,2024,2024-06-01,2312,2044,293,524,111,11,75,281,223,10,498,21,2,20,13,40,36,10
61,40,31,4,8,0,0,2,4,7,2,5,0,0,1,0,0,1,0,2024,2024-06-02,2352,2075,297,532,111,11,77,285,230,12,503,21,2,21,13,40,37,10
62,36,31,0,5,3,0,0,0,4,0,8,1,0,0,0,1,1,0,2024,2024-06-04,2388,2106,297,537,114,11,77,285,234,12,511,22,2,21,13,41,38,10
63,41,39,6,11,3,0,2,5,2,0,11,0,0,0,1,0,1,0,2024,2024-06-05,2429,2145,303,548,117,11,79,290,236,12,522,22,2,21,14,41,39,10
64,48,39,11,14,4,0,3,10,7,0,11,1,1,0,0,0,2,0,2024,2024-06-06,2477,2184,314,562,121,11,82,300,243,12,533,23,3,21,14,41,41,10
65,44,36,2,4,2,0,0,2,6,0,7,2,0,0,1,1,0,0,2024,2024-06-07,2521,2220,316,566,123,11,82,302,249,12,540,25,3,21,15,42,41,10
66,43,36,11,11,2,0,3,11,7,0,9,0,0,0,0,2,1,0,2024,2024-06-08,2564,2256,327,577,125,11,85,313,256,12,549,25,3,21,15,44,42,10
67,37,34,4,9,4,0,1,4,2,0,8,0,0,1,0,1,1,0,2024,2024-06-09,2601,2290,331,586,129,11,86,317,258,12,557,25,3,22,15,45,43,10
68,46,35,15,14,1,0,5,15,8,0,3,2,0,1,0,1,1,0,2024,2024-06-11,2647,2325,346,600,130,11,91,332,266,12,560,27,3,23,15,46,44,10
69,35,31,2,7,1,0,1,2,4,0,9,0,0,0,0,1,0,1,2024,2024-06-12,2682,2356,348,607,131,11,92,334,270,12,569,27,3,23,15,47,44,11
70,34,31,1,5,0,0,1,1,2,0,8,1,0,0,0,1,0,0,2024,2024-06-13,2716,2387,349,612,131,11,93,335,272,12,577,28,3,23,15,48,44,11
71,31,30,4,8,0,0,2,4,1,0,6,0,0,0,0,1,0,0,2024,2024-06-14,2747,2417,353,620,131,11,95,339,273,12,583,28,3,23,15,49,44,11
72,36,32,2,6,2,0,0,2,3,0,7,1,0,0,0,1,0,0,2024,2024-06-15,2783,2449,355,626,133,11,95,341,276,12,590,29,3,23,15,50,44,11
73,32,28,3,5,0,0,3,3,2,0,6,1,0,0,0,1,0,0,2024,2024-06-16,2815,2477,358,631,133,11,98,344,278,12,596,30,3,23,15,51,44,11
74,49,39,9,14,5,1,0,9,8,1,8,1,0,1,0,1,1,0,2024,2024-06-17,2864,2516,367,645,138,12,98,353,286,13,604,31,3,24,15,52,45,11
75,41,34,11,9,1,1,4,11,7,1,5,0,0,0,0,2,0,0,2024,2024-06-18,2905,2550,378,654,139,13,102,364,293,14,609,31,3,24,15,54,45,11
76,41,37,6,10,4,0,0,6,3,0,11,1,0,0,0,0,0,0,2024,2024-06-19,2946,2587,384,664,143,13,102,370,296,14,620,32,3,24,15,54,45,11
77,41,38,5,12,2,0,3,5,3,1,3,0,0,0,0,0,2,0,2024,2024-06-20,2987,2625,389,676,145,13,105,375,299,15,623,32,3,24,15,54,47,11
78,35,33,2,5,0,0,1,2,2,0,8,0,0,0,0,1,0,1,2024,2024-06-21,3022,2658,391,681,145,13,106,377,301,15,631,32,3,24,15,55,47,12
79,37,32,7,9,3,0,2,7,4,0,7,0,0,1,0,0,1,0,2024,2024-06-22,3059,2690,398,690,148,13,108,384,305,15,638,32,3,25,15,55,48,12
80,38,34,3,9,2,0,0,2,2,0,8,1,0,1,1,2,0,0,2024,2024-06-24,3097,2724,401,699,150,13,108,386,307,15,646,33,3,26,16,57,48,12
81,38,34,4,7,1,0,2,4,3,0,7,1,0,0,0,0,0,0,2024,2024-06-25,3135,2758,405,706,151,13,110,390,310,15,653,34,3,26,16,57,48,12
82,36,32,4,6,2,0,1,4,3,0,12,0,0,1,0,0,0,0,2024,2024-06-26,3171,2790,409,712,153,13,111,394,313,15,665,34,3,27,16,57,48,12
83,35,31,3,7,1,1,0,3,3,1,8,0,0,1,0,2,0,0,2024,2024-06-28,3206,2821,412,719,154,14,111,397,316,16,673,34,3,28,16,59,48,12
84,54,47,14,16,4,1,1,14,5,1,8,1,0,1,0,1,0,0,2024,2024-06-29,3260,2868,426,735,158,15,112,411,321,17,681,35,3,29,16,60,48,12
85,37,35,4,8,3,0,1,4,2,0,7,0,0,0,0,0,0,0,2024,2024-06-30,3297,2903,430,743,161,15,113,415,323,17,688,35,3,29,16,60,48,12
86,40,37,6,12,4,0,1,6,2,0,7,0,1,0,0,0,0,0,2024,2024-07-02,3337,2940,436,755,165,15,114,421,325,17,695,35,4,29,16,60,48,12
87,36,30,4,6,1,0,2,4,6,0,5,0,0,0,0,2,0,0,2024,2024-07-03,3373,2970,440,761,166,15,116,425,331,17,700,35,4,29,16,62,48,12
88,36,33,3,6,0,0,0,3,3,0,12,0,0,0,0,0,2,0,2024,2024-07-04,3409,3003,443,767,166,15,116,428,334,17,712,35,4,29,16,62,50,12
89,41,34,8,10,1,0,4,8,6,0,10,1,0,0,0,0,0,0,2024,2024-07-05,3450,3037,451,777,167,15,120,436,340,17,722,36,4,29,16,62,50,12
90,40,35,5,9,0,1,3,5,4,0,6,1,0,0,1,0,1,0,2024,2024-07-06,3490,3072,456,786,167,16,123,441,344,17,728,37,4,29,17,62,51,12
91,40,35,2,7,2,0,1,2,5,0,9,0,0,0,1,0,4,0,2024,2024-07-07,3530,3107,458,793,169,16,124,443,349,17,737,37,4,29,18,62,55,12
92,40,33,1,7,0,0,1,1,6,0,12,1,0,0,1,1,1,0,2024,2024-07-09,3570,3140,459,800,169,16,125,444,355,17,749,38,4,29,19,63,56,12
93,36,35,3,9,2,0,0,3,1,0,8,0,0,0,0,0,1,0,2024,2024-07-10,3606,3175,462,809,171,16,125,447,356,17,757,38,4,29,19,63,57,12
94,36,31,1,5,1,0,1,1,5,0,11,0,0,0,1,1,0,0,2024,2024-07-11,3642,3206,463,814,172,16,126,448,361,17,768,38,4,29,20,64,57,12
95,39,37,4,9,1,0,1,4,2,1,10,0,0,0,1,0,0,0,2024,2024-07-12,3681,3243,467,823,173,16,127,452,363,18,778,38,4,29,21,64,57,12
96,48,38,9,12,1,1,2,9,8,1,6,1,0,1,0,1,1,1,2024,2024-07-13,3729,3281,476,835,174,17,129,461,371,19,784,39,4,30,21,65,58,13
97,35,32,3,7,2,0,0,2,3,0,11,0,0,0,0,0,2,2,2024,2024-07-14,3764,3313,479,842,176,17,129,463,374,19,795,39,4,30,21,65,60,15
98,32,28,4,4,2,0,1,4,4,1,10,0,0,0,0,0,0,0,2024,2024-07-19,3796,3341,483,846,178,17,130,467,378,20,805,39,4,30,21,65,60,15
99,47,39,7,12,4,0,2,7,6,2,12,0,1,1,0,1,0,0,2024,2024-07-20,3843,3380,490,858,182,17,132,474,384,22,817,39,5,31,21,66,60,15
100,35,34,9,10,2,0,6,9,1,0,5,0,0,0,0,0,1,0,2024,2024-07-21,3878,3414,499,868,184,17,138,483,385,22,822,39,5,31,21,66,61,15
101,32,29,3,6,1,0,1,3,3,0,6,0,0,0,0,0,0,1,2024,2024-07-22,3910,3443,502,874,185,17,139,486,388,22,828,39,5,31,21,66,61,16
102,39,31,5,9,2,0,0,5,6,0,13,2,0,0,0,0,1,0,2024,2024-07-23,3949,3474,507,883,187,17,139,491,394,22,841,41,5,31,21,66,62,16
103,35,31,3,5,2,0,0,3,2,0,10,2,0,0,0,1,0,0,2024,2024-07-24,3984,3505,510,888,189,17,139,494,396,22,851,43,5,31,21,67,62,16
104,40,36,6,14,3,0,2,5,3,0,7,1,0,0,0,2,0,0,2024,2024-07-25,4024,3541,516,902,192,17,141,499,399,22,858,44,5,31,21,69,62,16
105,34,32,0,6,1,0,0,0,2,0,15,0,0,0,0,0,1,0,2024,2024-07-26,4058,3573,516,908,193,17,141,499,401,22,873,44,5,31,21,69,63,16
106,41,34,6,7,1,0,2,6,6,0,16,1,0,0,0,0,1,0,2024,2024-07-27,4099,3607,522,915,194,17,143,505,407,22,889,45,5,31,21,69,64,16
107,42,34,6,8,0,0,3,6,7,0,11,0,0,1,0,0,1,0,2024,2024-07-28,4141,3641,528,923,194,17,146,511,414,22,900,45,5,32,21,69,65,16
108,42,36,5,7,1,0,1,5,5,1,13,0,0,1,0,0,2,0,2024,2024-07-30,4183,3677,533,930,195,17,147,516,419,23,913,45,5,33,21,69,67,16
109,32,29,1,3,1,0,0,1,3,0,11,0,0,0,0,0,0,0,2024,2024-07-31,4215,3706,534,933,196,17,147,517,422,23,924,45,5,33,21,69,67,16
110,38,33,5,6,1,0,2,5,4,0,11,1,0,0,0,0,0,0,2024,2024-08-02,4253,3739,539,939,197,17,149,522,426,23,935,46,5,33,21,69,67,16
111,46,40,10,14,2,0,0,9,6,0,12,0,0,0,0,0,4,1,2024,2024-08-03,4299,3779,549,953,199,17,149,531,432,23,947,46,5,33,21,69,71,17
112,36,30,3,6,3,0,0,3,5,0,11,0,1,0,0,0,1,1,2024,2024-08-04,4335,3809,552,959,202,17,149,534,437,23,958,46,6,33,21,69,72,18
113,31,30,5,9,4,0,2,5,0,0,5,0,0,1,0,2,1,0,2024,2024-08-05,4366,3839,557,968,206,17,151,539,437,23,963,46,6,34,21,71,73,18
114,36,35,2,7,3,0,1,2,1,0,6,0,0,0,1,0,0,0,2024,2024-08-06,4402,3874,559,975,209,17,152,541,438,23,969,46,6,34,22,71,73,18
115,38,34,4,8,1,0,0,4,2,0,4,2,0,0,0,1,0,0,2024,2024-08-07,4440,3908,563,983,210,17,152,545,440,23,973,48,6,34,22,72,73,18
116,36,32,9,8,2,0,3,9,4,0,8,0,0,0,0,0,3,0,2024,2024-08-09,4476,3940,572,991,212,17,155,554,444,23,981,48,6,34,22,72,76,18
117,34,32,4,8,2,0,1,4,2,1,12,0,0,0,0,0,1,0,2024,2024-08-10,4510,3972,576,999,214,17,156,558,446,24,993,48,6,34,22,72,77,18
118,47,40,6,13,6,1,0,6,6,0,6,0,1,0,0,0,1,1,2024,2024-08-11,4557,4012,582,1012,220,18,156,564,452,24,999,48,7,34,22,72,78,19
119,36,32,5,6,0,0,2,5,3,0,7,0,1,0,0,0,2,0,2024,2024-08-12,4593,4044,587,1018,220,18,158,569,455,24,1006,48,8,34,22,72,80,19
120,41,40,7,13,3,0,4,7,0,0,8,0,0,1,1,0,0,0,2024,2024-08-13,4634,4084,594,1031,223,18,162,576,455,24,1014,48,8,35,23,72,80,19
121,39,35,4,9,2,0,0,4,3,0,10,0,0,1,1,0,2,1,2024,2024-08-14,4673,4119,598,1040,225,18,162,580,458,24,1024,48,8,36,24,72,82,20
122,37,36,4,10,1,0,0,4,1,0,5,0,0,0,0,1,0,0,2024,2024-08-15,4710,4155,602,1050,226,18,162,584,459,24,1029,48,8,36,24,73,82,20
123,39,39,7,12,2,0,3,7,0,0,11,0,0,0,0,0,1,0,2024,2024-08-16,4749,4194,609,1062,228,18,165,591,459,24,1040,48,8,36,24,73,83,20
124,32,30,2,4,0,0,1,2,2,0,6,0,0,0,0,1,2,1,2024,2024-08-17,4781,4224,611,1066,228,18,166,593,461,24,1046,48,8,36,24,74,85,21
125,39,35,2,9,2,0,1,2,4,0,9,0,0,0,0,1,0,0,2024,2024-08-18,4820,4259,613,1075,230,18,167,595,465,24,1055,48,8,36,24,75,85,21
126,34,28,3,4,0,0,2,3,5,0,6,1,0,0,0,0,1,0,2024,2024-08-19,4854,4287,616,1079,230,18,169,598,470,24,1061,49,8,36,24,75,86,21
127,38,33,6,10,3,1,3,6,4,1,9,1,0,0,0,0,1,0,2024,2024-08-20,4892,4320,622,1089,233,19,172,604,474,25,1070,50,8,36,24,75,87,21
128,38,35,8,10,5,1,0,8,2,0,10,0,0,1,2,0,2,0,2024,2024-08-21,4930,4355,630,1099,238,20,172,612,476,25,1080,50,8,37,26,75,89,21
129,37,32,7,9,0,0,2,7,3,0,4,1,1,0,0,1,1,1,2024,2024-08-23,4967,4387,637,1108,238,20,174,619,479,25,1084,51,9,37,26,76,90,22
130,39,36,8,8,2,0,3,8,1,0,7,0,0,1,0,1,0,0,2024,2024-08-24,5006,4423,645,1116,240,20,177,627,480,25,1091,51,9,38,26,77,90,22
131,34,28,3,5,0,0,2,3,4,0,11,2,0,0,0,0,1,0,2024,2024-08-25,5040,4451,648,1121,240,20,179,630,484,25,1102,53,9,38,26,77,91,22
132,36,32,2,7,1,1,0,2,3,0,7,0,0,1,0,1,1,0,2024,2024-08-27,5076,4483,650,1128,241,21,179,632,487,25,1109,53,9,39,26,78,92,22
133,31,31,6,5,0,0,2,5,0,0,6,0,0,0,2,0,4,0,2024,2024-08-28,5107,4514,656,1133,241,21,181,637,487,25,1115,53,9,39,28,78,96,22
134,41,36,6,14,4,0,0,6,4,0,6,0,0,1,0,0,2,0,2024,2024-08-29,5148,4550,662,1147,245,21,181,643,491,25,1121,53,9,40,28,78,98,22
135,42,36,10,10,4,0,3,9,4,1,9,1,0,1,0,0,3,0,2024,2024-08-30,5190,4586,672,1157,249,21,184,652,495,26,1130,54,9,41,28,78,101,22
136,46,41,8,16,3,0,3,8,3,0,5,0,1,1,0,0,1,0,2024,2024-08-31,5236,4627,680,1173,252,21,187,660,498,26,1135,54,10,42,28,78,102,22
137,38,36,3,9,1,0,0,3,2,0,14,0,0,0,0,0,0,0,2024,2024-09-01,5274,4663,683,1182,253,21,187,663,500,26,1149,54,10,42,28,78,102,22
138,46,41,11,17,3,1,2,11,4,1,5,0,0,1,0,1,4,0,2024,2024-09-02,5320,4704,694,1199,256,22,189,674,504,27,1154,54,10,43,28,79,106,22
139,40,36,6,6,0,1,1,6,4,1,16,0,0,0,0,0,1,0,2024,2024-09-03,5360,4740,700,1205,256,23,190,680,508,28,1170,54,10,43,28,79,107,22
140,35,30,1,6,0,0,0,1,5,0,8,0,0,0,0,3,0,0,2024,2024-09-04,5395,4770,701,1211,256,23,190,681,513,28,1178,54,10,43,28,82,107,22
141,34,32,1,6,2,0,1,1,1,1,8,1,0,0,0,1,0,0,2024,2024-09-06,5429,4802,702,1217,258,23,191,682,514,29,1186,55,10,43,28,83,107,22
142,34,30,7,8,1,0,2,7,3,0,8,0,0,1,0,1,1,0,2024,2024-09-07,5463,4832,709,1225,259,23,193,689,517,29,1194,55,10,44,28,84,108,22
143,35,32,4,9,1,1,2,4,3,0,9,0,0,0,0,0,0,0,2024,2024-09-08,5498,4864,713,1234,260,24,195,693,520,29,1203,55,10,44,28,84,108,22
144,41,35,4,10,0,0,1,4,5,0,7,0,0,1,0,1,2,0,2024,2024-09-09,5539,4899,717,1244,260,24,196,697,525,29,1210,55,10,45,28,85,110,22
145,34,33,3,8,0,0,3,3,1,0,4,0,0,0,0,1,0,0,2024,2024-09-10,5573,4932,720,1252,260,24,199,700,526,29,1214,55,10,45,28,86,110,22
146,42,36,10,12,1,0,5,10,6,0,5,0,0,0,0,0,2,0,2024,2024-09-11,5615,4968,730,1264,261,24,204,710,532,29,1219,55,10,45,28,86,112,22
147,32,31,2,5,1,0,1,2,1,0,9,0,0,0,0,1,1,0,2024,2024-09-13,5647,4999,732,1269,262,24,205,712,533,29,1228,55,10,45,28,87,113,22
148,35,32,1,7,3,0,0,1,3,0,7,0,0,0,0,1,0,0,2024,2024-09-14,5682,5031,733,1276,265,24,205,713,536,29,1235,55,10,45,28,88,113,22
149,43,38,9,11,3,1,3,8,5,1,10,0,0,0,0,0,0,0,2024,2024-09-15,5725,5069,742,1287,268,25,208,721,541,30,1245,55,10,45,28,88,113,22
150,39,30,9,4,1,0,1,8,7,0,9,1,0,1,0,1,1,0,2024,2024-09-16,5764,5099,751,1291,269,25,209,729,548,30,1254,56,10,46,28,89,114,22
151,42,38,9,12,2,1,2,9,3,0,9,0,0,1,0,0,1,0,2024,2024-09-17,5806,5137,760,1303,271,26,211,738,551,30,1263,56,10,47,28,89,115,22
152,41,39,8,11,1,0,3,8,1,1,11,1,0,0,1,0,2,0,2024,2024-09-18,5847,5176,768,1314,272,26,214,746,552,31,1274,57,10,47,29,89,117,22
153,53,39,20,16,3,0,3,19,10,0,6,2,0,2,0,0,4,0,2024,2024-09-19,5900,5215,788,1330,275,26,217,765,562,31,1280,59,10,49,29,89,121,22
154,34,32,6,9,1,0,3,6,1,0,2,0,0,1,0,0,2,0,2024,2024-09-20,5934,5247,794,1339,276,26,220,771,563,31,1282,59,10,50,29,89,123,22
155,42,33,3,7,0,0,1,3,7,0,9,2,0,0,1,2,2,0,2024,2024-09-21,5976,5280,797,1346,276,26,221,774,570,31,1291,61,10,50,30,91,125,22
156,38,32,6,11,0,0,4,6,6,0,5,0,0,0,0,3,2,0,2024,2024-09-22,6014,5312,803,1357,276,26,225,780,576,31,1296,61,10,50,30,94,127,22
157,36,32,2,9,2,0,0,1,3,0,5,1,0,0,1,1,0,1,2024,2024-09-24,6050,5344,805,1366,278,26,225,781,579,31,1301,62,10,50,31,95,127,23
158,36,30,4,8,3,0,0,4,6,0,5,0,0,0,0,2,1,0,2024,2024-09-25,6086,5374,809,1374,281,26,225,785,585,31,1306,62,10,50,31,97,128,23
159,39,35,7,11,3,0,2,7,3,2,7,0,0,0,0,0,0,0,2024,2024-09-26,6125,5409,816,1385,284,26,227,792,588,33,1313,62,10,50,31,97,128,23
160,44,40,11,15,3,0,3,10,3,0,8,0,0,1,0,1,3,0,2024,2024-09-27,6169,5449,827,1400,287,26,230,802,591,33,1321,62,10,51,31,98,131,23
161,53,42,13,18,4,0,2,12,9,0,8,2,0,0,0,0,3,0,2024,2024-09-28,6222,5491,840,1418,291,26,232,814,600,33,1329,64,10,51,31,98,134,23
162,33,31,2,5,0,0,1,1,2,0,7,0,0,0,0,1,2,0,2024,2024-09-29,6255,5522,842,1423,291,26,233,815,602,33,1336,64,10,51,31,99,136,23
1,40,34,8,12,2,0,1,8,5,0,12,0,0,1,0,0,0,0,2023,2023-03-30,40,34,8,12,2,0,1,8,5,0,12,0,0,1,0,0,0,0
2,40,31,1,5,1,0,1,1,9,0,9,0,0,0,0,0,0,1,2023,2023-03-31,80,65,9,17,3,0,2,9,14,0,21,0,0,1,0,0,0,1
3,37,30,10,8,2,0,4,10,5,0,7,1,0,1,0,0,0,1,2023,2023-04-01,117,95,19,25,5,0,6,19,19,0,28,1,0,2,0,0,0,2
4,36,31,1,4,0,0,1,1,4,0,11,1,0,0,0,0,1,0,2023,2023-04-02,153,126,20,29,5,0,7,20,23,0,39,2,0,2,0,0,1,2
5,43,36,13,13,2,2,3,13,5,0,11,1,0,1,1,1,0,0,2023,2023-04-03,196,162,33,42,7,2,10,33,28,0,50,3,0,3,1,1,1,2
6,33,28,5,7,2,0,3,5,5,0,9,0,0,0,0,2,0,1,2023,2023-04-04,229,190,38,49,9,2,13,38,33,0,59,3,0,3,1,3,1,3
7,39,32,5,7,3,0,1,4,6,0,8,1,0,0,1,1,0,0,2023,2023-04-06,268,222,43,56,12,2,14,42,39,0,67,4,0,3,2,4,1,3
8,40,30,3,5,1,0,2,3,9,0,10,0,0,1,0,0,0,0,2023,2023-04-07,308,252,46,61,13,2,16,45,48,0,77,4,0,4,2,4,1,3
9,41,35,8,11,5,0,2,8,5,0,9,0,0,1,0,2,0,0,2023,2023-04-08,349,287,54,72,18,2,18,53,53,0,86,4,0,5,2,6,1,3
10,39,33,6,7,2,2,0,6,5,0,4,0,0,1,0,1,0,0,2023,2023-04-09,388,320,60,79,20,4,18,59,58,0,90,4,0,6,2,7,1,3
11,38,36,9,9,0,1,3,9,2,0,11,0,0,0,1,1,1,0,2023,2023-04-10,426,356,69,88,20,5,21,68,60,0,101,4,0,6,3,8,2,3
12,38,30,0,3,0,0,0,0,5,0,11,2,0,0,0,0,0,0,2023,2023-04-11,464,386,69,91,20,5,21,68,65,0,112,6,0,6,3,8,2,3
13,46,38,10,13,2,1,3,10,7,0,9,0,0,1,0,0,0,1,2023,2023-04-12,510,424,79,104,22,6,24,78,72,0,121,6,0,7,3,8,2,4
14,31,30,2,3,0,0,2,2,1,0,10,0,0,0,1,1,0,0,2023,2023-04-14,541,454,81,107,22,6,26,80,73,0,131,6,0,7,4,9,2,4
15,35,31,2,5,1,0,0,2,3,0,13,1,0,0,0,0,0,0,2023,2023-04-15,576,485,83,112,23,6,26,82,76,0,144,7,0,7,4,9,2,4
16,38,34,2,8,1,0,1,2,4,0,11,0,0,0,0,1,0,0,2023,2023-04-16,614,519,85,120,24,6,27,84,80,0,155,7,0,7,4,10,2,4
17,36,36,6,9,2,0,3,6,0,0,9,0,0,0,0,0,0,0,2023,2023-04-17,650,555,91,129,26,6,30,90,80,0,164,7,0,7,4,10,2,4
18,39,31,5,9,0,0,2,5,7,0,8,0,0,1,0,0,1,0,2023,2023-04-18,689,586,96,138,26,6,32,95,87,0,172,7,0,8,4,10,3,4
19,37,31,3,5,2,0,1,3,5,1,7,0,0,1,0,0,0,0,2023,2023-04-19,726,617,99,143,28,6,33,98,92,1,179,7,0,9,4,10,3,4
20,39,34,6,9,1,0,3,6,5,1,10,0,0,0,0,1,3,0,2023,2023-04-20,765,651,105,152,29,6,36,104,97,2,189,7,0,9,4,11,6,4
21,30,28,0,1,0,0,0,0,2,0,13,0,0,0,0,0,0,0,2023,2023-04-21,795,679,105,153,29,6,36,104,99,2,202,7,0,9,4,11,6,4
22,43,38,9,11,2,0,4,8,5,0,8,0,0,0,1,1,2,0,2023,2023-04-22,838,717,114,164,31,6,40,112,104,2,210,7,0,9,5,12,8,4
23,38,35,7,8,2,0,3,7,3,0,10,0,0,0,0,0,0,0,2023,2023-04-23,876,752,121,172,33,6,43,119,107,2,220,7,0,9,5,12,8,4
24,42,36,8,9,3,0,1,8,4,0,7,0,0,1,1,0,0,0,2023,2023-04-25,918,788,129,181,36,6,44,127,111,2,227,7,0,10,6,12,8,4
25,33,31,1,4,0,0,1,1,2,0,10,0,0,0,0,0,1,0,2023,2023-04-26,951,819,130,185,36,6,45,128,113,2,237,7,0,10,6,12,9,4
26,33,32,2,5,0,0,0,2,1,0,13,0,0,0,0,0,2,0,2023,2023-04-27,984,851,132,190,36,6,45,130,114,2,250,7,0,10,6,12,11,4
27,39,33,7,9,3,0,2,7,4,0,10,1,0,0,0,0,0,0,2023,2023-04-28,1023,884,139,199,39,6,47,137,118,2,260,8,0,10,6,12,11,4
28,33,29,1,5,1,0,0,1,4,0,10,0,0,0,0,0,3,0,2023,2023-04-29,1056,913,140,204,40,6,47,138,122,2,270,8,0,10,6,12,14,4
29,40,30,6,7,4,0,0,5,8,1,5,1,0,1,0,0,3,0,2023,2023-04-30,1096,943,146,211,44,6,47,143,130,3,275,9,0,11,6,12,17,4
30,47,39,13,15,3,0,4,13,8,0,13,0,0,0,0,0,1,0,2023,2023-05-01,1143,982,159,226,47,6,51,156,138,3,288,9,0,11,6,12,18,4
31,46,40,13,17,6,0,1,13,5,0,10,0,0,1,0,0,0,0,2023,2023-05-02,1189,1022,172,243,53,6,52,169,143,3,298,9,0,12,6,12,18,4
32,40,35,10,11,3,1,2,8,3,1,7,1,0,1,1,0,3,1,2023,2023-05-03,1229,1057,182,254,56,7,54,177,146,4,305,10,0,13,7,12,21,5
33,32,30,2,4,2,1,0,1,2,0,9,0,0,0,0,0,0,0,2023,2023-05-05,1261,1087,184,258,58,8,54,178,148,4,314,10,0,13,7,12,21,5
34,36,30,2,3,0,0,1,2,5,0,8,1,0,0,0,0,1,0,2023,2023-05-06,1297,1117,186,261,58,8,55,180,153,4,322,11,0,13,7,12,22,5
35,43,37,5,6,2,0,2,5,5,0,11,1,0,0,1,0,0,0,2023,2023-05-07,1340,1154,191,267,60,8,57,185,158,4,333,12,0,13,8,12,22,5
36,36,33,3,6,4,0,1,3,3,0,7,0,0,0,0,0,0,0,2023,2023-05-08,1376,1187,194,273,64,8,58,188,161,4,340,12,0,13,8,12,22,5
37,42,34,6,8,1,0,3,6,6,0,7,1,0,1,0,1,1,0,2023,2023-05-09,1418,1221,200,281,65,8,61,194,167,4,347,13,0,14,8,13,23,5
38,41,35,8,9,1,0,3,8,4,0,6,1,0,1,0,0,1,0,2023,2023-05-10,1459,1256,208,290,66,8,64,202,171,4,353,14,0,15,8,13,24,5
39,34,30,4,6,2,0,2,4,4,0,6,0,0,0,1,1,0,0,2023,2023-05-12,1493,1286,212,296,68,8,66,206,175,4,359,14,0,15,9,14,24,5
40,36,31,4,8,2,0,1,4,5,1,7,0,0,0,0,0,0,0,2023,2023-05-13,1529,1317,216,304,70,8,67,210,180,5,366,14,0,15,9,14,24,5
41,30,26,4,4,2,0,1,4,4,0,4,0,0,0,0,2,0,0,2023,2023-05-14,1559,1343,220,308,72,8,68,214,184,5,370,14,0,15,9,16,24,5
42,50,45,9,11,3,0,3,9,4,2,11,0,0,0,1,0,2,0,2023,2023-05-15,1609,1388,229,319,75,8,71,223,188,7,381,14,0,15,10,16,26,5
43,37,34,1,8,4,0,0,1,3,0,9,0,0,0,0,0,0,1,2023,2023-05-16,1646,1422,230,327,79,8,71,224,191,7,390,14,0,15,10,16,26,6
44,38,32,7,9,0,1,1,7,5,0,8,0,0,1,1,0,1,1,2023,2023-05-17,1684,1454,237,336,79,9,72,231,196,7,398,14,0,16,11,16,27,7
45,42,38,8,9,2,1,2,8,4,0,3,0,0,0,2,0,0,0,2023,2023-05-18,1726,1492,245,345,81,10,74,239,200,7,401,14,0,16,13,16,27,7
46,44,38,5,10,5,0,1,5,5,0,11,1,0,0,1,0,0,0,2023,2023-05-19,1770,1530,250,355,86,10,75,244,205,7,412,15,0,16,14,16,27,7
47,37,35,5,9,4,0,1,5,0,0,5,1,0,1,0,0,0,0,2023,2023-05-20,1807,1565,255,364,90,10,76,249,205,7,417,16,0,17,14,16,27,7
48,38,29,5,6,1,0,0,4,5,0,11,1,0,3,0,1,0,0,2023,2023-05-21,1845,1594,260,370,91,10,76,253,210,7,428,17,0,20,14,17,27,7
49,41,38,8,12,2,1,3,8,3,0,10,0,0,0,0,0,0,1,2023,2023-05-22,1886,1632,268,382,93,11,79,261,213,7,438,17,0,20,14,17,27,8
50,42,37,8,9,2,0,2,8,5,1,11,0,0,0,2,1,0,0,2023,2023-05-23,1928,1669,276,391,95,11,81,269,218,8,449,17,0,20,16,18,27,8
51,40,37,3,12,2,0,1,3,2,0,8,1,0,0,0,1,0,0,2023,2023-05-24,1968,1706,279,403,97,11,82,272,220,8,457,18,0,20,16,19,27,8
52,41,34,3,9,1,0,0,3,6,0,10,1,0,0,0,2,0,0,2023,2023-05-26,2009,1740,282,412,98,11,82,275,226,8,467,19,0,20,16,21,27,8
53,39,36,6,9,4,0,2,5,3,0,14,0,0,0,0,0,1,0,2023,2023-05-27,2048,1776,288,421,102,11,84,280,229,8,481,19,0,20,16,21,28,8
54,44,38,10,12,2,0,5,9,4,1,9,0,0,2,1,1,0,0,2023,2023-05-28,2092,1814,298,433,104,11,89,289,233,9,490,19,0,22,17,22,28,8
55,33,29,6,6,1,0,1,6,3,0,5,0,0,1,0,1,1,0,2023,2023-05-29,2125,1843,304,439,105,11,90,295,236,9,495,19,0,23,17,23,29,8
56,39,35,9,14,1,0,3,7,2,0,3,1,0,1,0,1,1,0,2023,2023-05-30,2164,1878,313,453,106,11,93,302,238,9,498,20,0,24,17,24,30,8
57,44,37,6,11,2,0,3,6,7,1,9,0,0,0,1,2,6,0,2023,2023-05-31,2208,1915,319,464,108,11,96,308,245,10,507,20,0,24,18,26,36,8
58,38,35,8,13,1,0,4,8,2,0,4,0,0,1,0,0,1,0,2023,2023-06-02,2246,1950,327,477,109,11,100,316,247,10,511,20,0,25,18,26,37,8
59,38,33,3,7,0,1,0,3,4,0,8,1,0,0,0,1,0,1,2023,2023-06-03,2284,1983,330,484,109,12,100,319,251,10,519,21,0,25,18,27,37,9
60,32,29,1,4,1,0,1,1,3,0,8,0,0,0,0,0,1,1,2023,2023-06-04,2316,2012,331,488,110,12,101,320,254,10,527,21,0,25,18,27,38,10
61,40,34,8,8,1,0,2,8,5,0,10,0,0,1,0,0,1,0,2023,2023-06-06,2356,2046,339,496,111,12,103,328,259,10,537,21,0,26,18,27,39,10
62,37,35,6,8,3,0,3,6,2,0,7,0,0,0,0,0,0,0,2023,2023-06-07,2393,2081,345,504,114,12,106,334,261,10,544,21,0,26,18,27,39,10
63,46,37,6,12,1,0,1,6,5,1,4,3,0,1,0,1,0,0,2023,2023-06-08,2439,2118,351,516,115,12,107,340,266,11,548,24,0,27,18,28,39,10
64,38,34,4,7,3,0,2,4,4,0,13,0,0,0,0,0,0,0,2023,2023-06-09,2477,2152,355,523,118,12,109,344,270,11,561,24,0,27,18,28,39,10
65,40,36,9,9,2,0,2,8,3,0,9,1,0,0,0,0,1,0,2023,2023-06-10,2517,2188,364,532,120,12,111,352,273,11,570,25,0,27,18,28,40,10
66,36,32,3,5,1,0,2,3,4,0,9,0,0,0,0,0,1,0,2023,2023-06-11,2553,2220,367,537,121,12,113,355,277,11,579,25,0,27,18,28,41,10
67,34,31,5,8,1,0,2,5,2,0,10,0,0,1,0,0,0,0,2023,2023-06-13,2587,2251,372,545,122,12,115,360,279,11,589,25,0,28,18,28,41,10
68,41,34,4,7,1,0,0,3,6,0,9,1,0,0,0,1,2,0,2023,2023-06-14,2628,2285,376,552,123,12,115,363,285,11,598,26,0,28,18,29,43,10
69,47,39,5,9,0,0,1,5,8,1,16,0,0,0,0,0,1,0,2023,2023-06-15,2675,2324,381,561,123,12,116,368,293,12,614,26,0,28,18,29,44,10
70,47,42,5,10,1,0,0,5,4,1,11,1,0,0,1,0,1,1,2023,2023-06-16,2722,2366,386,571,124,12,116,373,297,13,625,27,0,28,19,29,45,11
71,33,31,0,6,1,0,0,0,1,0,6,1,0,0,0,2,0,0,2023,2023-06-17,2755,2397,386,577,125,12,116,373,298,13,631,28,0,28,19,31,45,11
72,41,35,3,9,2,0,0,3,3,0,8,2,1,0,0,1,0,0,2023,2023-06-18,2796,2432,389,586,127,12,116,376,301,13,639,30,1,28,19,32,45,11
73,34,33,2,6,1,0,0,2,1,0,9,0,0,0,0,0,1,0,2023,2023-06-20,2830,2465,391,592,128,12,116,378,302,13,648,30,1,28,19,32,46,11
74,36,32,2,6,1,0,2,2,4,0,13,0,0,0,0,0,0,0,2023,2023-06-21,2866,2497,393,598,129,12,118,380,306,13,661,30,1,28,19,32,46,11
75,34,31,3,9,1,0,1,3,2,0,8,0,0,1,0,0,1,0,2023,2023-06-23,2900,2528,396,607,130,12,119,383,308,13,669,30,1,29,19,32,47,11
76,36,28,8,5,2,0,3,7,6,0,8,1,0,1,0,0,0,0,2023,2023-06-24,2936,2556,404,612,132,12,122,390,314,13,677,31,1,30,19,32,47,11
77,41,37,5,6,2,0,2,5,2,0,12,1,0,1,0,1,2,0,2023,2023-06-25,2977,2593,409,618,134,12,124,395,316,13,689,32,1,31,19,33,49,11
78,37,34,5,8,3,0,2,5,1,0,4,1,0,1,1,1,0,0,2023,2023-06-27,3014,2627,414,626,137,12,126,400,317,13,693,33,1,32,20,34,49,11
79,43,34,8,9,0,0,1,8,8,0,13,0,0,1,0,0,2,0,2023,2023-06-28,3057,2661,422,635,137,12,127,408,325,13,706,33,1,33,20,34,51,11
80,50,44,14,18,5,1,1,14,3,0,11,2,0,1,0,0,0,0,2023,2023-06-29,3107,2705,436,653,142,13,128,422,328,13,717,35,1,34,20,34,51,11
81,47,35,9,11,4,1,2,9,9,0,7,1,0,2,1,0,1,1,2023,2023-06-30,3154,2740,445,664,146,14,130,431,337,13,724,36,1,36,21,34,52,12
82,41,36,4,9,2,0,0,4,4,0,7,0,0,1,1,0,0,0,2023,2023-07-01,3195,2776,449,673,148,14,130,435,341,13,731,36,1,37,22,34,52,12
83,36,32,1,6,1,0,0,1,3,0,7,0,0,1,0,0,0,0,2023,2023-07-02,3231,2808,450,679,149,14,130,436,344,13,738,36,1,38,22,34,52,12
84,36,34,5,9,3,0,1,4,1,0,10,1,0,0,1,0,0,0,2023,2023-07-03,3267,2842,455,688,152,14,131,440,345,13,748,37,1,38,23,34,52,12
85,42,38,7,11,0,0,4,7,3,0,10,0,0,1,1,0,0,0,2023,2023-07-04,3309,2880,462,699,152,14,135,447,348,13,758,37,1,39,24,34,52,12
86,37,27,6,6,1,0,2,6,6,0,7,3,0,1,0,2,1,0,2023,2023-07-05,3346,2907,468,705,153,14,137,453,354,13,765,40,1,40,24,36,53,12
87,33,31,5,7,4,0,2,5,2,0,8,0,0,0,0,0,1,0,2023,2023-07-06,3379,2938,473,712,157,14,139,458,356,13,773,40,1,40,24,36,54,12
88,40,35,11,11,3,0,5,10,5,1,5,0,0,0,0,0,0,0,2023,2023-07-07,3419,2973,484,723,160,14,144,468,361,14,778,40,1,40,24,36,54,12
89,42,34,10,10,1,0,5,10,5,1,6,3,0,0,0,0,0,0,2023,2023-07-08,3461,3007,494,733,161,14,149,478,366,15,784,43,1,40,24,36,54,12
90,41,32,6,7,2,0,1,6,9,0,11,0,0,0,0,0,0,1,2023,2023-07-14,3502,3039,500,740,163,14,150,484,375,15,795,43,1,40,24,36,54,13
91,43,38,5,11,1,0,1,4,3,1,11,2,0,0,2,1,0,0,2023,2023-07-15,3545,3077,505,751,164,14,151,488,378,16,806,45,1,40,26,37,54,13
92,37,33,1,4,1,0,0,1,4,0,7,0,0,0,0,0,0,0,2023,2023-07-16,3582,3110,506,755,165,14,151,489,382,16,813,45,1,40,26,37,54,13
93,38,35,6,11,1,1,1,6,3,0,5,0,0,0,0,1,0,1,2023,2023-07-17,3620,3145,512,766,166,15,152,495,385,16,818,45,1,40,26,38,54,14
94,52,43,10,13,2,0,1,8,8,0,11,1,0,0,1,0,2,0,2023,2023-07-18,3672,3188,522,779,168,15,153,503,393,16,829,46,1,40,27,38,56,14
95,37,33,5,7,1,0,2,5,4,0,6,0,0,0,0,1,0,0,2023,2023-07-19,3709,3221,527,786,169,15,155,508,397,16,835,46,1,40,27,39,56,14
96,47,37,11,13,4,0,1,11,8,1,8,1,1,0,0,1,1,0,2023,2023-07-21,3756,3258,538,799,173,15,156,519,405,17,843,47,2,40,27,40,57,14
97,49,41,16,18,3,0,5,15,7,0,9,0,0,1,0,3,0,0,2023,2023-07-22,3805,3299,554,817,176,15,161,534,412,17,852,47,2,41,27,43,57,14
98,36,34,4,8,3,0,1,4,2,0,8,0,0,0,0,1,0,0,2023,2023-07-23,3841,3333,558,825,179,15,162,538,414,17,860,47,2,41,27,44,57,14
99,46,39,3,7,2,0,2,3,7,1,9,0,0,0,0,1,0,0,2023,2023-07-24,3887,3372,561,832,181,15,164,541,421,18,869,47,2,41,27,45,57,14
100,44,38,8,12,2,0,2,8,5,0,11,0,0,1,0,0,1,0,2023,2023-07-25,3931,3410,569,844,183,15,166,549,426,18,880,47,2,42,27,45,58,14
101,37,33,1,8,1,0,0,1,3,0,12,1,0,0,0,2,0,0,2023,2023-07-26,3968,3443,570,852,184,15,166,550,429,18,892,48,2,42,27,47,58,14
102,40,34,5,12,4,0,0,5,6,0,4,0,0,0,0,3,1,0,2023,2023-07-28,4008,3477,575,864,188,15,166,555,435,18,896,48,2,42,27,50,59,14
103,29,27,3,2,0,0,2,3,2,0,5,0,0,0,1,0,0,0,2023,2023-07-29,4037,3504,578,866,188,15,168,558,437,18,901,48,2,42,28,50,59,14
104,31,30,0,6,0,0,0,0,0,0,6,1,0,0,0,3,1,0,2023,2023-07-30,4068,3534,578,872,188,15,168,558,437,18,907,49,2,42,28,53,60,14
105,41,31,7,7,3,0,1,7,9,1,8,1,0,0,0,0,1,0,2023,2023-08-01,4109,3565,585,879,191,15,169,565,446,19,915,50,2,42,28,53,61,14
106,39,35,10,13,5,0,4,10,3,0,5,1,0,0,0,2,0,0,2023,2023-08-02,4148,3600,595,892,196,15,173,575,449,19,920,51,2,42,28,55,61,14
107,43,36,8,14,6,0,1,8,4,0,7,2,1,0,1,2,0,0,2023,2023-08-03,4191,3636,603,906,202,15,174,583,453,19,927,53,3,42,29,57,61,14
108,43,37,10,11,3,0,1,10,4,1,5,1,0,1,0,0,3,0,2023,2023-08-04,4234,3673,613,917,205,15,175,593,457,20,932,54,3,43,29,57,64,14
109,36,30,3,6,1,0,1,3,5,0,10,0,0,1,0,2,4,0,2023,2023-08-05,4270,3703,616,923,206,15,176,596,462,20,942,54,3,44,29,59,68,14
110,44,39,8,12,3,0,3,8,3,0,13,2,0,0,0,0,3,0,2023,2023-08-06,4314,3742,624,935,209,15,179,604,465,20,955,56,3,44,29,59,71,14
111,45,40,13,14,4,0,2,13,4,1,7,0,0,1,1,1,0,0,2023,2023-08-07,4359,3782,637,949,213,15,181,617,469,21,962,56,3,45,30,60,71,14
112,38,34,5,9,3,0,0,5,3,0,6,0,0,1,1,1,1,0,2023,2023-08-08,4397,3816,642,958,216,15,181,622,472,21,968,56,3,46,31,61,72,14
113,36,32,2,8,1,0,0,2,4,1,4,0,0,0,0,2,1,1,2023,2023-08-09,4433,3848,644,966,217,15,181,624,476,22,972,56,3,46,31,63,73,15
114,32,26,2,5,1,0,1,2,5,0,3,1,0,0,0,3,0,0,2023,2023-08-10,4465,3874,646,971,218,15,182,626,481,22,975,57,3,46,31,66,73,15
115,38,30,6,11,2,0,0,6,3,0,3,3,0,2,1,1,0,2,2023,2023-08-11,4503,3904,652,982,220,15,182,632,484,22,978,60,3,48,32,67,73,17
116,33,31,4,8,1,0,3,4,1,0,5,1,0,0,0,0,0,1,2023,2023-08-12,4536,3935,656,990,221,15,185,636,485,22,983,61,3,48,32,67,73,18
117,38,31,8,10,3,0,1,7,5,1,4,0,0,2,0,1,2,0,2023,2023-08-13,4574,3966,664,1000,224,15,186,643,490,23,987,61,3,50,32,68,75,18
118,36,36,6,10,2,0,0,6,0,0,8,0,0,0,1,0,0,0,2023,2023-08-15,4610,4002,670,1010,226,15,186,649,490,23,995,61,3,50,33,68,75,18
119,40,33,7,10,1,0,2,6,4,0,6,0,0,1,1,1,0,0,2023,2023-08-16,4650,4035,677,1020,227,15,188,655,494,23,1001,61,3,51,34,69,75,18
120,30,28,1,4,0,0,1,1,2,0,10,0,0,0,0,0,0,0,2023,2023-08-17,4680,4063,678,1024,227,15,189,656,496,23,1011,61,3,51,34,69,75,18
121,40,36,3,10,0,0,3,3,4,0,9,0,0,0,0,1,0,0,2023,2023-08-18,4720,4099,681,1034,227,15,192,659,500,23,1020,61,3,51,34,70,75,18
122,32,30,3,6,2,0,0,3,2,1,11,0,0,0,0,0,0,0,2023,,4752,4129,684,1040,229,15,192,662,502,24,1031,61,3,51,34,70,75,18
123,29,29,3,5,1,0,2,3,0,0,8,0,0,0,0,0,0,0,2023,,4781,4158,687,1045,230,15,194,665,502,24,1039,61,3,51,34,70,75,18
124,33,32,3,6,1,0,1,3,1,0,9,0,0,0,0,1,3,0,2023,2023-08-22,4814,4190,690,1051,231,15,195,668,503,24,1048,61,3,51,34,71,78,18
125,44,38,6,14,4,0,0,6,5,0,8,0,0,1,0,1,0,0,2023,,4858,4228,696,1065,235,15,195,674,508,24,1056,61,3,52,34,72,78,18
126,46,41,9,15,4,1,2,8,4,0,5,0,0,1,1,0,0,0,2023,2023-08-24,4904,4269,705,1080,239,16,197,682,512,24,1061,61,3,53,35,72,78,18
127,42,36,7,10,4,0,0,7,5,0,11,0,0,1,0,0,1,0,2023,2023-08-25,4946,4305,712,1090,243,16,197,689,517,24,1072,61,3,54,35,72,79,18
128,46,37,5,10,2,0,1,5,8,0,12,1,0,0,0,0,1,0,2023,2023-08-26,4992,4342,717,1100,245,16,198,694,525,24,1084,62,3,54,35,72,80,18
129,43,41,7,14,6,0,2,7,2,0,9,0,0,0,0,0,1,0,2023,2023-08-27,5035,4383,724,1114,251,16,200,701,527,24,1093,62,3,54,35,72,81,18
130,39,34,7,11,0,0,4,7,5,0,4,0,0,0,0,1,0,0,2023,2023-08-28,5074,4417,731,1125,251,16,204,708,532,24,1097,62,3,54,35,73,81,18
131,39,35,9,16,5,0,2,9,3,0,3,0,0,1,0,2,1,1,2023,2023-08-29,5113,4452,740,1141,256,16,206,717,535,24,1100,62,3,55,35,75,82,19
132,39,35,7,11,2,0,2,7,4,0,7,0,0,0,1,1,1,0,2023,2023-08-30,5152,4487,747,1152,258,16,208,724,539,24,1107,62,3,55,36,76,83,19
133,41,36,7,9,0,0,4,7,5,0,14,0,0,0,0,0,0,0,2023,2023-08-31,5193,4523,754,1161,258,16,212,731,544,24,1121,62,3,55,36,76,83,19
134,36,32,3,6,0,0,1,3,4,0,13,0,0,0,0,2,0,0,2023,2023-09-01,5229,4555,757,1167,258,16,213,734,548,24,1134,62,3,55,36,78,83,19
135,41,34,2,6,2,0,0,1,6,1,9,0,0,1,0,1,1,0,2023,2023-09-02,5270,4589,759,1173,260,16,213,735,554,25,1143,62,3,56,36,79,84,19
136,36,32,3,11,3,0,0,3,4,0,5,0,0,0,1,2,1,0,2023,2023-09-03,5306,4621,762,1184,263,16,213,738,558,25,1148,62,3,56,37,81,85,19
137,36,34,3,7,0,0,1,3,2,0,10,0,0,0,0,0,1,0,2023,2023-09-05,5342,4655,765,1191,263,16,214,741,560,25,1158,62,3,56,37,81,86,19
138,37,33,4,6,1,0,2,3,4,0,12,0,0,0,1,1,0,0,2023,2023-09-06,5379,4688,769,1197,264,16,216,744,564,25,1170,62,3,56,38,82,86,19
139,48,41,10,16,3,1,1,10,5,0,6,2,0,0,0,1,1,1,2023,2023-09-07,5427,4729,779,1213,267,17,217,754,569,25,1176,64,3,56,38,83,87,20
140,43,31,8,10,2,0,3,8,9,1,7,1,1,1,0,1,0,2,2023,2023-09-08,5470,4760,787,1223,269,17,220,762,578,26,1183,65,4,57,38,84,87,22
141,48,38,6,9,2,0,1,6,6,1,10,1,1,2,0,1,5,0,2023,2023-09-09,5518,4798,793,1232,271,17,221,768,584,27,1193,66,5,59,38,85,92,22
142,45,39,7,14,2,0,1,7,4,1,9,1,0,1,0,1,0,0,2023,2023-09-10,5563,4837,800,1246,273,17,222,775,588,28,1202,67,5,60,38,86,92,22
143,43,36,8,9,2,0,2,8,5,0,6,2,0,0,0,0,0,0,2023,2023-09-11,5606,4873,808,1255,275,17,224,783,593,28,1208,69,5,60,38,86,92,22
144,41,32,11,11,2,0,2,11,6,0,8,1,0,2,0,0,0,0,2023,2023-09-12,5647,4905,819,1266,277,17,226,794,599,28,1216,70,5,62,38,86,92,22
145,31,30,1,3,0,0,1,1,1,0,13,0,0,0,0,0,2,0,2023,2023-09-13,5678,4935,820,1269,277,17,227,795,600,28,1229,70,5,62,38,86,94,22
146,37,33,6,8,0,1,2,6,2,0,11,2,0,0,0,1,1,1,2023,2023-09-15,5715,4968,826,1277,277,18,229,801,602,28,1240,72,5,62,38,87,95,23
147,46,41,6,10,3,0,0,6,3,1,10,1,0,1,0,1,1,0,2023,2023-09-16,5761,5009,832,1287,280,18,229,807,605,29,1250,73,5,63,38,88,96,23
148,40,38,6,10,2,1,3,6,2,0,8,0,0,0,1,0,1,0,2023,2023-09-17,5801,5047,838,1297,282,19,232,813,607,29,1258,73,5,63,39,88,97,23
149,35,31,8,9,0,0,3,8,3,0,7,0,0,1,0,0,1,0,2023,2023-09-18,5836,5078,846,1306,282,19,235,821,610,29,1265,73,5,64,39,88,98,23
150,40,36,3,11,2,0,1,3,3,0,4,1,0,0,0,1,1,0,2023,2023-09-19,5876,5114,849,1317,284,19,236,824,613,29,1269,74,5,64,39,89,99,23
151,34,31,2,3,1,0,1,2,3,0,9,0,0,0,1,0,0,0,2023,2023-09-20,5910,5145,851,1320,285,19,237,826,616,29,1278,74,5,64,40,89,99,23
152,35,32,7,9,2,1,1,5,1,0,5,0,0,2,1,0,1,0,2023,2023-09-21,5945,5177,858,1329,287,20,238,831,617,29,1283,74,5,66,41,89,100,23
153,33,32,1,5,0,0,0,1,1,0,5,0,0,0,0,1,0,0,2023,2023-09-22,5978,5209,859,1334,287,20,238,832,618,29,1288,74,5,66,41,90,100,23
154,39,34,7,10,5,0,1,7,5,0,9,0,0,0,0,0,1,0,2023,2023-09-23,6017,5243,866,1344,292,20,239,839,623,29,1297,74,5,66,41,90,101,23
155,34,33,3,6,2,0,1,3,1,0,9,0,0,0,0,1,0,0,2023,2023-09-24,6051,5276,869,1350,294,20,240,842,624,29,1306,74,5,66,41,91,101,23
156,39,35,1,9,2,0,0,0,2,0,8,2,0,0,0,1,1,0,2023,,6090,5311,870,1359,296,20,240,842,626,29,1314,76,5,66,41,92,102,23
157,52,43,11,18,1,0,1,11,6,0,9,1,0,2,0,0,1,0,2023,,6142,5354,881,1377,297,20,241,853,632,29,1323,77,5,68,41,92,103,23
158,44,35,8,12,3,0,2,8,5,0,8,3,0,1,0,1,1,1,2023,2023-09-27,6186,5389,889,1389,300,20,243,861,637,29,1331,80,5,69,41,93,104,24
159,39,37,5,12,0,0,2,4,2,0,5,0,0,0,0,2,0,0,2023,2023-09-28,6225,5426,894,1401,300,20,245,865,639,29,1336,80,5,69,41,95,104,24
160,34,32,6,6,1,0,3,6,0,0,9,2,0,0,0,1,0,0,2023,2023-09-29,6259,5458,900,1407,301,20,248,871,639,29,1345,82,5,69,41,96,104,24
161,34,32,1,8,2,0,0,1,2,0,6,0,0,0,0,2,0,1,2023,2023-09-30,6293,5490,901,1415,303,20,248,872,641,29,1351,82,5,69,41,98,104,25
162,40,34,5,7,0,0,1,5,3,0,8,3,0,0,0,0,1,0,2023,2023-10-01,6333,5524,906,1422,303,20,249,877,644,29,1359,85,5,69,41,98,105,25
1,41,36,5,8,2,0,0,4,4,0,11,1,0,0,0,0,0,0,2022,2022-04-08,41,36,5,8,2,0,0,4,4,0,11,1,0,0,0,0,0,0
2,34,34,2,7,0,0,1,2,0,0,9,0,0,0,0,0,0,0,2022,2022-04-09,75,70,7,15,2,0,1,6,4,0,20,1,0,0,0,0,0,0
3,38,35,4,10,1,0,0,1,2,0,7,0,0,1,1,1,0,0,2022,2022-04-10,113,105,11,25,3,0,1,7,6,0,27,1,0,1,1,1,0,0
4,45,35,7,9,3,1,0,7,9,0,10,0,0,1,0,0,3,0,2022,2022-04-12,158,140,18,34,6,1,1,14,15,0,37,1,0,2,1,1,3,0
5,44,38,7,11,3,0,4,7,4,0,7,1,0,1,1,0,1,0,2022,2022-04-13,202,178,25,45,9,1,5,21,19,0,44,2,0,3,2,1,4,0
6,39,36,9,14,1,0,1,8,3,0,7,0,0,0,0,2,1,0,2022,2022-04-14,241,214,34,59,10,1,6,29,22,0,51,2,0,3,2,3,5,0
7,36,29,3,7,1,2,0,3,6,0,7,1,0,0,0,0,3,1,2022,2022-04-15,277,243,37,66,11,3,6,32,28,0,58,3,0,3,2,3,8,1
8,33,30,5,8,0,0,1,5,2,0,7,0,0,1,0,2,0,0,2022,2022-04-16,310,273,42,74,11,3,7,37,30,0,65,3,0,4,2,5,8,1
9,41,34,9,10,4,0,0,9,7,0,10,0,0,0,0,0,2,0,2022,2022-04-17,351,307,51,84,15,3,7,46,37,0,75,3,0,4,2,5,10,1
10,38,31,7,7,3,0,2,7,7,0,7,0,0,0,0,0,1,0,2022,2022-04-18,389,338,58,91,18,3,9,53,44,0,82,3,0,4,2,5,11,1
11,29,28,1,2,0,0,0,1,1,0,10,0,0,0,0,1,0,0,2022,2022-04-19,418,366,59,93,18,3,9,54,45,0,92,3,0,4,2,6,11,1
12,37,32,5,8,1,1,2,5,5,0,8,0,0,0,0,0,0,0,2022,2022-04-20,455,398,64,101,19,4,11,59,50,0,100,3,0,4,2,6,11,1
13,40,32,6,8,0,0,3,6,7,0,6,0,0,1,0,1,2,0,2022,2022-04-22,495,430,70,109,19,4,14,65,57,0,106,3,0,5,2,7,13,1
14,37,33,2,5,1,0,0,2,3,0,12,1,0,0,0,1,0,0,2022,2022-04-23,532,463,72,114,20,4,14,67,60,0,118,4,0,5,2,8,13,1
15,42,35,10,8,0,0,3,10,4,0,10,1,0,2,0,0,0,0,2022,2022-04-24,574,498,82,122,20,4,17,77,64,0,128,5,0,7,2,8,13,1
16,38,35,4,9,4,0,1,4,3,0,7,0,0,0,0,0,1,0,2022,2022-04-25,612,533,86,131,24,4,18,81,67,0,135,5,0,7,2,8,14,1
17,36,30,3,9,2,0,0,3,6,1,5,0,0,0,0,4,0,1,2022,2022-04-26,648,563,89,140,26,4,18,84,73,1,140,5,0,7,2,12,14,2
18,34,31,1,5,1,0,0,1,2,0,8,1,0,0,0,0,0,1,2022,2022-04-27,682,594,90,145,27,4,18,85,75,1,148,6,0,7,2,12,14,3
19,34,29,5,6,0,0,2,4,4,0,8,0,0,1,0,0,2,0,2022,2022-04-29,716,623,95,151,27,4,20,89,79,1,156,6,0,8,2,12,16,3
20,33,30,1,4,1,0,1,1,3,0,5,0,0,0,0,1,0,0,2022,2022-04-30,749,653,96,155,28,4,21,90,82,1,161,6,0,8,2,13,16,3
21,34,34,6,8,2,0,0,4,0,0,9,0,0,0,2,0,0,0,2022,2022-05-01,783,687,102,163,30,4,21,94,82,1,170,6,0,8,4,13,16,3
22,32,29,3,5,3,0,0,2,3,0,5,0,0,0,0,0,0,0,2022,2022-05-03,815,716,105,168,33,4,21,96,85,1,175,6,0,8,4,13,16,3
23,37,32,9,11,1,1,2,9,4,1,9,0,0,1,0,2,0,0,2022,2022-05-04,852,748,114,179,34,5,23,105,89,2,184,6,0,9,4,15,16,3
24,40,36,7,11,5,0,1,6,4,0,7,0,0,0,0,2,0,0,2022,,892,784,121,190,39,5,24,111,93,2,191,6,0,9,4,17,16,3
25,39,30,6,3,1,0,1,6,9,0,10,0,0,0,0,0,0,0,2022,,931,814,127,193,40,5,25,117,102,2,201,6,0,9,4,17,16,3
26,40,34,7,10,1,0,0,3,4,0,7,0,0,2,0,2,0,0,2022,2022-05-08,971,848,134,203,41,5,25,120,106,2,208,6,0,11,4,19,16,3
27,37,31,1,4,1,0,1,1,5,0,7,1,0,0,0,0,0,0,2022,2022-05-09,1008,879,135,207,42,5,26,121,111,2,215,7,0,11,4,19,16,3
28,44,41,11,15,8,1,1,11,3,0,10,0,0,0,0,1,1,0,2022,2022-05-10,1052,920,146,222,50,6,27,132,114,2,225,7,0,11,4,20,17,3
29,37,32,3,5,2,0,0,3,5,0,7,0,0,0,1,0,0,0,2022,2022-05-11,1089,952,149,227,52,6,27,135,119,2,232,7,0,11,5,20,17,3
30,44,39,7,12,3,0,1,7,5,0,10,0,0,0,0,0,0,0,2022,2022-05-12,1133,991,156,239,55,6,28,142,124,2,242,7,0,11,5,20,17,3
31,48,41,10,12,3,0,2,9,6,0,9,1,0,0,0,1,0,0,2022,2022-05-13,1181,1032,166,251,58,6,30,151,130,2,251,8,0,11,5,21,17,3
32,36,32,3,5,2,0,1,3,4,0,10,0,0,0,0,0,0,0,2022,2022-05-14,1217,1064,169,256,60,6,31,154,134,2,261,8,0,11,5,21,17,3
33,36,30,5,7,3,1,1,5,5,0,8,1,0,0,0,2,2,1,2022,2022-05-15,1253,1094,174,263,63,7,32,159,139,2,269,9,0,11,5,23,19,4
34,38,32,5,9,2,0,1,4,6,1,4,0,0,0,0,0,0,0,2022,2022-05-16,1291,1126,179,272,65,7,33,163,145,3,273,9,0,11,5,23,19,4
35,34,32,7,9,1,0,4,7,2,0,8,0,0,0,0,1,0,0,2022,,1325,1158,186,281,66,7,37,170,147,3,281,9,0,11,5,24,19,4
36,41,34,12,10,5,0,1,12,7,1,8,0,0,0,2,1,0,0,2022,,1366,1192,198,291,71,7,38,182,154,4,289,9,0,11,7,25,19,4
37,33,33,5,9,3,0,1,5,0,0,6,0,0,0,0,0,2,0,2022,2022-05-18,1399,1225,203,300,74,7,39,187,154,4,295,9,0,11,7,25,21,4
38,41,33,4,9,2,0,0,4,7,0,9,0,0,1,0,2,2,0,2022,2022-05-20,1440,1258,207,309,76,7,39,191,161,4,304,9,0,12,7,27,23,4
39,43,39,7,13,2,0,3,6,4,1,12,0,0,0,0,0,0,1,2022,2022-05-21,1483,1297,214,322,78,7,42,197,165,5,316,9,0,12,7,27,23,5
40,42,37,3,6,1,0,2,3,5,2,14,0,0,0,1,1,1,0,2022,2022-05-22,1525,1334,217,328,79,7,44,200,170,7,330,9,0,12,8,28,24,5
41,45,39,10,12,4,1,0,10,5,0,8,1,0,0,0,0,1,0,2022,2022-05-23,1570,1373,227,340,83,8,44,210,175,7,338,10,0,12,8,28,25,5
42,44,36,9,9,0,0,4,9,7,0,9,1,0,0,0,0,0,0,2022,2022-05-24,1614,1409,236,349,83,8,48,219,182,7,347,11,0,12,8,28,25,5
43,36,32,0,6,2,0,0,0,4,1,9,0,0,0,0,1,2,0,2022,2022-05-25,1650,1441,236,355,85,8,48,219,186,8,356,11,0,12,8,29,27,5
44,54,50,14,24,7,1,2,14,4,0,2,0,0,0,1,1,0,0,2022,2022-05-26,1704,1491,250,379,92,9,50,233,190,8,358,11,0,12,9,30,27,5
45,37,34,6,8,0,1,3,6,3,0,4,0,0,0,1,1,1,0,2022,2022-05-27,1741,1525,256,387,92,10,53,239,193,8,362,11,0,12,10,31,28,5
46,36,32,3,10,3,0,1,3,3,0,9,0,0,1,0,0,1,1,2022,2022-05-28,1777,1557,259,397,95,10,54,242,196,8,371,11,0,13,10,31,29,6
47,32,30,3,4,0,0,1,3,2,0,5,0,0,0,0,0,0,0,2022,2022-05-29,1809,1587,262,401,95,10,55,245,198,8,376,11,0,13,10,31,29,6
48,40,37,5,10,4,0,3,5,3,0,10,0,0,0,0,1,0,0,2022,2022-05-30,1849,1624,267,411,99,10,58,250,201,8,386,11,0,13,10,32,29,6
49,38,30,3,4,0,0,1,2,7,0,11,1,0,0,0,0,1,0,2022,2022-05-31,1887,1654,270,415,99,10,59,252,208,8,397,12,0,13,10,32,30,6
50,38,35,4,12,3,0,1,4,3,0,7,0,0,0,0,2,0,0,2022,2022-06-01,1925,1689,274,427,102,10,60,256,211,8,404,12,0,13,10,34,30,6
51,34,32,2,9,2,0,0,2,2,0,4,0,0,0,0,0,2,0,2022,2022-06-02,1959,1721,276,436,104,10,60,258,213,8,408,12,0,13,10,34,32,6
52,35,33,6,8,0,0,3,6,2,0,11,0,0,0,1,0,1,0,2022,2022-06-03,1994,1754,282,444,104,10,63,264,215,8,419,12,0,13,11,34,33,6
53,38,33,4,6,1,0,0,4,5,0,10,0,0,0,0,1,1,0,2022,2022-06-04,2032,1787,286,450,105,10,63,268,220,8,429,12,0,13,11,35,34,6
54,40,39,4,9,3,0,2,4,0,0,7,0,0,0,0,0,1,0,2022,2022-06-05,2072,1826,290,459,108,10,65,272,220,8,436,12,0,13,11,35,35,6
55,33,30,0,5,0,0,0,0,3,0,9,0,0,0,0,2,2,0,2022,2022-06-07,2105,1856,290,464,108,10,65,272,223,8,445,12,0,13,11,37,37,6
56,34,33,4,6,0,0,3,4,1,0,9,0,0,0,0,0,0,0,2022,2022-06-08,2139,1889,294,470,108,10,68,276,224,8,454,12,0,13,11,37,37,6
57,46,39,11,12,4,0,1,10,7,1,15,0,0,0,0,0,1,1,2022,2022-06-09,2185,1928,305,482,112,10,69,286,231,9,469,12,0,13,11,37,38,7
58,35,33,2,6,1,0,1,2,2,0,6,0,0,0,0,0,0,0,2022,2022-06-10,2220,1961,307,488,113,10,70,288,233,9,475,12,0,13,11,37,38,7
59,43,40,2,13,1,0,1,2,3,0,5,0,0,0,0,1,0,0,2022,2022-06-11,2263,2001,309,501,114,10,71,290,236,9,480,12,0,13,11,38,38,7
60,36,32,0,5,3,0,0,0,4,0,10,0,0,0,0,0,0,0,2022,2022-06-12,2299,2033,309,506,117,10,71,290,240,9,490,12,0,13,11,38,38,7
61,32,27,2,3,1,0,1,2,5,0,8,0,0,0,0,0,1,0,2022,2022-06-14,2331,2060,311,509,118,10,72,292,245,9,498,12,0,13,11,38,39,7
62,33,30,4,6,0,0,2,4,3,0,8,0,0,0,0,0,2,0,2022,2022-06-15,2364,2090,315,515,118,10,74,296,248,9,506,12,0,13,11,38,41,7
63,41,38,1,8,2,0,1,1,3,0,6,0,0,0,2,1,1,0,2022,2022-06-17,2405,2128,316,523,120,10,75,297,251,9,512,12,0,13,13,39,42,7
64,42,35,7,11,3,1,1,6,6,0,10,0,0,1,1,0,0,0,2022,2022-06-18,2447,2163,323,534,123,11,76,303,257,9,522,12,0,14,14,39,42,7
65,36,34,3,8,2,0,1,2,2,0,13,0,0,0,0,1,2,0,2022,2022-06-19,2483,2197,326,542,125,11,77,305,259,9,535,12,0,14,14,40,44,7
66,43,39,8,17,4,1,1,8,1,0,6,0,1,2,0,1,0,0,2022,2022-06-21,2526,2236,334,559,129,12,78,313,260,9,541,12,1,16,14,41,44,7
67,43,34,8,9,2,0,1,8,5,0,11,2,0,2,0,0,0,0,2022,2022-06-22,2569,2270,342,568,131,12,79,321,265,9,552,14,1,18,14,41,44,7
68,44,39,10,16,3,0,5,10,4,0,8,0,0,1,0,0,1,0,2022,2022-06-23,2613,2309,352,584,134,12,84,331,269,9,560,14,1,19,14,41,45,7
69,40,35,4,9,1,0,1,4,4,0,11,0,0,1,0,0,0,0,2022,2022-06-24,2653,2344,356,593,135,12,85,335,273,9,571,14,1,20,14,41,45,7
70,37,35,3,9,1,0,1,3,2,0,16,0,0,0,0,1,2,0,2022,2022-06-25,2690,2379,359,602,136,12,86,338,275,9,587,14,1,20,14,42,47,7
71,48,45,5,12,3,0,0,5,3,2,13,0,0,0,0,0,3,0,2022,2022-06-26,2738,2424,364,614,139,12,86,343,278,11,600,14,1,20,14,42,50,7
72,29,29,0,3,1,0,0,0,0,0,5,0,0,0,0,0,0,0,2022,2022-06-27,2767,2453,364,617,140,12,86,343,278,11,605,14,1,20,14,42,50,7
73,38,35,4,9,1,0,3,4,3,0,9,0,0,0,0,0,2,0,2022,2022-06-28,2805,2488,368,626,141,12,89,347,281,11,614,14,1,20,14,42,52,7
74,42,36,8,11,1,0,3,8,5,0,6,0,0,1,0,1,0,0,2022,2022-06-29,2847,2524,376,637,142,12,92,355,286,11,620,14,1,21,14,43,52,7
75,29,28,3,5,0,1,2,3,1,0,12,0,0,0,0,0,0,0,2022,2022-06-30,2876,2552,379,642,142,13,94,358,287,11,632,14,1,21,14,43,52,7
76,38,33,5,10,4,0,2,5,4,0,17,0,0,1,0,0,2,0,2022,2022-07-01,2914,2585,384,652,146,13,96,363,291,11,649,14,1,22,14,43,54,7
77,36,31,7,8,2,0,3,7,3,0,10,0,0,2,1,0,0,0,2022,2022-07-02,2950,2616,391,660,148,13,99,370,294,11,659,14,1,24,15,43,54,7
78,40,32,2,8,3,0,0,2,4,0,6,3,0,1,0,1,0,0,2022,2022-07-03,2990,2648,393,668,151,13,99,372,298,11,665,17,1,25,15,44,54,7
79,35,32,5,8,2,0,1,5,3,0,7,0,0,0,0,0,0,0,2022,2022-07-04,3025,2680,398,676,153,13,100,377,301,11,672,17,1,25,15,44,54,7
80,35,30,5,8,1,1,2,5,5,0,10,0,0,0,0,2,1,0,2022,2022-07-05,3060,2710,403,684,154,14,102,382,306,11,682,17,1,25,15,46,55,7
81,37,31,2,8,0,0,0,1,5,0,4,1,0,0,0,2,1,0,2022,2022-07-06,3097,2741,405,692,154,14,102,383,311,11,686,18,1,25,15,48,56,7
82,32,30,5,7,2,0,4,5,0,0,6,2,0,0,0,0,0,0,2022,2022-07-07,3129,2771,410,699,156,14,106,388,311,11,692,20,1,25,15,48,56,7
83,40,33,4,6,1,1,1,3,5,1,11,1,0,1,1,0,1,0,2022,2022-07-08,3169,2804,414,705,157,15,107,391,316,12,703,21,1,26,16,48,57,7
84,35,34,4,10,1,0,1,4,1,0,5,0,0,0,1,0,0,1,2022,2022-07-09,3204,2838,418,715,158,15,108,395,317,12,708,21,1,26,17,48,57,8
85,45,37,11,14,3,0,1,9,7,0,8,0,0,1,1,1,1,0,2022,2022-07-10,3249,2875,429,729,161,15,109,404,324,12,716,21,1,27,18,49,58,8
86,43,36,6,10,2,0,2,6,6,0,7,0,0,0,0,1,0,0,2022,2022-07-12,3292,2911,435,739,163,15,111,410,330,12,723,21,1,27,18,50,58,8
87,46,37,7,12,3,0,1,7,6,0,11,2,0,1,0,0,0,0,2022,2022-07-13,3338,2948,442,751,166,15,112,417,336,12,734,23,1,28,18,50,58,8
88,36,31,4,8,3,0,1,4,2,0,3,3,0,0,0,1,0,1,2022,2022-07-14,3374,2979,446,759,169,15,113,421,338,12,737,26,1,28,18,51,58,9
89,45,38,9,13,1,2,0,9,6,0,7,0,0,1,0,0,0,0,2022,2022-07-15,3419,3017,455,772,170,17,113,430,344,12,744,26,1,29,18,51,58,9
90,37,33,7,7,1,0,4,7,4,0,11,0,0,0,0,0,0,0,2022,2022-07-16,3456,3050,462,779,171,17,117,437,348,12,755,26,1,29,18,51,58,9
91,38,34,9,10,5,1,2,9,4,1,9,0,0,0,0,0,1,0,2022,2022-07-21,3494,3084,471,789,176,18,119,446,352,13,764,26,1,29,18,51,59,9
92,37,31,5,8,0,0,1,5,5,0,4,1,0,0,1,1,0,1,2022,2022-07-22,3531,3115,476,797,176,18,120,451,357,13,768,27,1,29,19,52,59,10
93,35,31,4,7,1,1,3,4,3,0,9,1,0,0,0,0,0,0,2022,2022-07-23,3566,3146,480,804,177,19,123,455,360,13,777,28,1,29,19,52,59,10
94,39,35,7,12,5,0,0,7,3,0,6,1,0,0,0,0,0,1,2022,2022-07-24,3605,3181,487,816,182,19,123,462,363,13,783,29,1,29,19,52,59,11
95,37,36,1,8,1,0,1,1,1,0,8,0,0,0,1,0,0,0,2022,2022-07-25,3642,3217,488,824,183,19,124,463,364,13,791,29,1,29,20,52,59,11
96,37,33,3,6,1,0,2,3,3,0,8,0,0,1,0,0,0,0,2022,2022-07-26,3679,3250,491,830,184,19,126,466,367,13,799,29,1,30,20,52,59,11
97,39,32,7,11,4,0,0,7,7,0,5,0,0,0,0,3,0,0,2022,2022-07-27,3718,3282,498,841,188,19,126,473,374,13,804,29,1,30,20,55,59,11
98,47,42,13,14,5,0,0,11,5,0,8,0,0,0,1,1,2,0,2022,2022-07-28,3765,3324,511,855,193,19,126,484,379,13,812,29,1,30,21,56,61,11
99,45,36,5,10,2,1,2,5,7,0,7,1,0,1,1,1,1,0,2022,2022-07-29,3810,3360,516,865,195,20,128,489,386,13,819,30,1,31,22,57,62,11
100,35,34,3,7,3,0,1,3,0,0,7,1,0,0,0,0,1,0,2022,2022-07-30,3845,3394,519,872,198,20,129,492,386,13,826,31,1,31,22,57,63,11
101,41,37,7,12,4,0,1,6,3,0,5,0,0,1,0,1,1,0,2022,2022-07-31,3886,3431,526,884,202,20,130,498,389,13,831,31,1,32,22,58,64,11
102,40,35,8,11,5,0,2,8,3,0,5,1,0,1,0,2,0,0,2022,2022-08-01,3926,3466,534,895,207,20,132,506,392,13,836,32,1,33,22,60,64,11
103,41,37,9,13,2,2,1,9,1,0,9,1,0,2,0,1,0,1,2022,2022-08-02,3967,3503,543,908,209,22,133,515,393,13,845,33,1,35,22,61,64,12
104,37,32,3,6,1,0,0,3,4,0,10,0,0,1,0,0,2,0,2022,2022-08-03,4004,3535,546,914,210,22,133,518,397,13,855,33,1,36,22,61,66,12
105,37,35,5,8,2,0,2,5,2,0,14,0,0,0,1,0,0,0,2022,2022-08-04,4041,3570,551,922,212,22,135,523,399,13,869,33,1,36,23,61,66,12
106,39,36,8,12,4,0,0,7,2,0,9,1,0,0,0,0,1,0,2022,2022-08-05,4080,3606,559,934,216,22,135,530,401,13,878,34,1,36,23,61,67,12
107,37,33,8,10,2,0,2,8,1,0,4,1,0,2,0,0,2,0,2022,2022-08-06,4117,3639,567,944,218,22,137,538,402,13,882,35,1,38,23,61,69,12
108,35,35,4,11,3,0,2,4,0,0,7,0,0,0,0,0,1,0,2022,2022-08-07,4152,3674,571,955,221,22,139,542,402,13,889,35,1,38,23,61,70,12
109,41,39,10,15,8,0,1,10,2,0,8,0,0,0,0,0,1,0,2022,2022-08-09,4193,3713,581,970,229,22,140,552,404,13,897,35,1,38,23,61,71,12
110,37,33,8,10,4,0,3,8,3,1,9,0,0,1,1,0,2,1,2022,2022-08-10,4230,3746,589,980,233,22,143,560,407,14,906,35,1,39,24,61,73,13
111,42,34,8,8,2,0,1,7,7,0,5,0,0,1,1,1,0,0,2022,2022-08-12,4272,3780,597,988,235,22,144,567,414,14,911,35,1,40,25,62,73,13
112,48,42,13,16,1,0,6,12,6,0,8,0,0,0,0,0,0,0,2022,2022-08-13,4320,3822,610,1004,236,22,150,579,420,14,919,35,1,40,25,62,73,13
113,34,29,0,3,1,0,0,0,4,0,14,1,0,0,0,1,1,0,2022,2022-08-14,4354,3851,610,1007,237,22,150,579,424,14,933,36,1,40,25,63,74,13
114,39,33,4,6,2,0,2,4,4,0,7,1,0,1,1,0,0,0,2022,2022-08-15,4393,3884,614,1013,239,22,152,583,428,14,940,37,1,41,26,63,74,13
115,44,41,4,8,1,0,3,4,3,0,15,0,0,0,0,0,0,0,2022,2022-08-16,4437,3925,618,1021,240,22,155,587,431,14,955,37,1,41,26,63,74,13
116,33,30,2,6,1,0,2,2,3,0,7,0,0,0,0,2,1,1,2022,2022-08-17,4470,3955,620,1027,241,22,157,589,434,14,962,37,1,41,26,65,75,14
117,36,32,3,6,1,1,0,3,4,0,12,0,0,0,0,1,0,0,2022,2022-08-18,4506,3987,623,1033,242,23,157,592,438,14,974,37,1,41,26,66,75,14
118,33,30,2,6,2,1,0,2,3,1,9,0,0,0,0,1,1,0,2022,2022-08-19,4539,4017,625,1039,244,24,157,594,441,15,983,37,1,41,26,67,76,14
119,38,35,7,12,1,0,2,7,3,0,9,0,0,0,0,1,0,0,2022,2022-08-20,4577,4052,632,1051,245,24,159,601,444,15,992,37,1,41,26,68,76,14
120,44,39,10,16,3,1,2,9,4,0,10,1,0,0,0,0,2,0,2022,2022-08-21,4621,4091,642,1067,248,25,161,610,448,15,1002,38,1,41,26,68,78,14
121,36,33,0,8,0,0,0,0,3,0,7,0,0,0,0,1,0,0,2022,2022-08-22,4657,4124,642,1075,248,25,161,610,451,15,1009,38,1,41,26,69,78,14
122,42,36,10,11,4,0,1,10,4,0,6,2,0,0,1,1,1,0,2022,2022-08-23,4699,4160,652,1086,252,25,162,620,455,15,1015,40,1,41,27,70,79,14
123,43,35,12,13,6,0,1,12,6,0,6,0,0,2,1,1,0,0,2022,2022-08-24,4742,4195,664,1099,258,25,163,632,461,15,1021,40,1,43,28,71,79,14
124,51,45,10,16,4,0,2,10,5,0,8,0,0,1,1,1,1,0,2022,2022-08-26,4793,4240,674,1115,262,25,165,642,466,15,1029,40,1,44,29,72,80,14
125,34,32,1,6,1,0,1,1,2,0,10,0,0,0,0,0,0,0,2022,2022-08-27,4827,4272,675,1121,263,25,166,643,468,15,1039,40,1,44,29,72,80,14
126,44,39,8,14,3,0,2,7,4,0,9,1,0,0,0,1,1,0,2022,2022-08-28,4871,4311,683,1135,266,25,168,650,472,15,1048,41,1,44,29,73,81,14
127,41,37,3,7,1,0,1,3,4,0,11,0,0,0,1,1,0,0,2022,2022-08-29,4912,4348,686,1142,267,25,169,653,476,15,1059,41,1,44,30,74,81,14
128,43,34,4,7,3,0,0,4,8,1,5,1,0,0,0,0,0,0,2022,2022-08-30,4955,4382,690,1149,270,25,169,657,484,16,1064,42,1,44,30,74,81,14
129,31,30,1,3,0,0,1,1,1,0,12,0,0,0,0,0,2,0,2022,2022-08-31,4986,4412,691,1152,270,25,170,658,485,16,1076,42,1,44,30,74,83,14
130,37,30,3,6,1,0,0,3,5,0,9,1,0,1,0,1,1,0,2022,2022-09-01,5023,4442,694,1158,271,25,170,661,490,16,1085,43,1,45,30,75,84,14
131,36,31,1,4,2,0,0,1,3,0,11,2,0,0,0,0,0,0,2022,2022-09-02,5059,4473,695,1162,273,25,170,662,493,16,1096,45,1,45,30,75,84,14
132,42,37,12,13,2,2,4,12,4,0,6,1,0,0,0,0,1,0,2022,2022-09-03,5101,4510,707,1175,275,27,174,674,497,16,1102,46,1,45,30,75,85,14
133,41,33,9,9,4,0,2,9,6,0,10,1,0,1,1,0,1,0,2022,2022-09-04,5142,4543,716,1184,279,27,176,683,503,16,1112,47,1,46,31,75,86,14
134,35,35,4,9,2,0,2,4,0,0,11,0,0,0,1,0,0,1,2022,2022-09-05,5177,4578,720,1193,281,27,178,687,503,16,1123,47,1,46,32,75,86,15
135,33,31,6,8,2,0,3,6,2,0,6,0,0,0,0,0,1,0,2022,2022-09-06,5210,4609,726,1201,283,27,181,693,505,16,1129,47,1,46,32,75,87,15
136,42,35,7,11,2,0,2,7,6,0,9,1,0,0,0,0,0,0,2022,2022-09-07,5252,4644,733,1212,285,27,183,700,511,16,1138,48,1,46,32,75,87,15
137,39,35,4,6,0,0,2,4,2,0,12,1,0,1,0,0,1,0,2022,2022-09-09,5291,4679,737,1218,285,27,185,704,513,16,1150,49,1,47,32,75,88,15
138,41,36,8,11,4,1,1,8,5,0,10,0,0,0,0,2,0,0,2022,2022-09-10,5332,4715,745,1229,289,28,186,712,518,16,1160,49,1,47,32,77,88,15
139,41,37,11,12,2,0,4,11,3,2,8,1,0,0,0,2,0,0,2022,2022-09-11,5373,4752,756,1241,291,28,190,723,521,18,1168,50,1,47,32,79,88,15
140,38,34,6,7,2,1,1,6,3,1,9,0,0,1,0,0,0,0,2022,2022-09-12,5411,4786,762,1248,293,29,191,729,524,19,1177,50,1,48,32,79,88,15
141,43,36,4,9,3,0,3,4,7,1,12,0,0,0,0,0,1,0,2022,2022-09-13,5454,4822,766,1257,296,29,194,733,531,20,1189,50,1,48,32,79,89,15
142,40,36,3,5,0,0,2,2,4,0,9,0,0,0,1,0,0,0,2022,2022-09-14,5494,4858,769,1262,296,29,196,735,535,20,1198,50,1,48,33,79,89,15
143,39,36,5,9,3,0,0,5,3,0,8,0,0,0,0,0,4,0,2022,2022-09-16,5533,4894,774,1271,299,29,196,740,538,20,1206,50,1,48,33,79,93,15
144,43,39,7,13,2,0,1,7,4,0,4,0,0,0,0,1,0,0,2022,2022-09-17,5576,4933,781,1284,301,29,197,747,542,20,1210,50,1,48,33,80,93,15
145,42,34,4,6,3,0,0,4,7,1,8,0,1,0,0,0,1,1,2022,2022-09-18,5618,4967,785,1290,304,29,197,751,549,21,1218,50,2,48,33,80,94,16
146,34,30,5,9,2,0,2,5,4,0,8,0,0,0,0,0,0,1,2022,2022-09-19,5652,4997,790,1299,306,29,199,756,553,21,1226,50,2,48,33,80,94,17
147,45,37,6,13,0,0,1,6,5,0,9,1,1,1,2,0,0,0,2022,,5697,5034,796,1312,306,29,200,762,558,21,1235,51,3,49,35,80,94,17
148,35,34,2,8,0,0,1,2,1,0,9,0,0,0,0,1,0,0,2022,,5732,5068,798,1320,306,29,201,764,559,21,1244,51,3,49,35,81,94,17
149,31,29,1,3,0,0,1,1,2,0,7,0,0,0,0,1,0,0,2022,2022-09-21,5763,5097,799,1323,306,29,202,765,561,21,1251,51,3,49,35,82,94,17
150,33,32,3,6,2,1,0,3,1,1,14,0,0,0,0,0,0,0,2022,2022-09-22,5796,5129,802,1329,308,30,202,768,562,22,1265,51,3,49,35,82,94,17
151,34,32,0,7,1,0,0,0,2,0,7,0,0,0,0,2,0,0,2022,2022-09-23,5830,5161,802,1336,309,30,202,768,564,22,1272,51,3,49,35,84,94,17
152,35,32,6,9,1,1,3,6,3,0,6,0,0,0,0,1,0,0,2022,2022-09-24,5865,5193,808,1345,310,31,205,774,567,22,1278,51,3,49,35,85,94,17
153,35,31,4,7,2,0,0,4,3,0,7,1,0,0,0,0,0,0,2022,2022-09-25,5900,5224,812,1352,312,31,205,778,570,22,1285,52,3,49,35,85,94,17
154,46,37,3,6,1,0,0,2,8,0,11,1,0,0,1,0,0,0,2022,2022-09-27,5946,5261,815,1358,313,31,205,780,578,22,1296,53,3,49,36,85,94,17
155,41,35,1,5,2,0,0,1,5,0,13,1,0,0,0,0,0,0,2022,2022-09-28,5987,5296,816,1363,315,31,205,781,583,22,1309,54,3,49,36,85,94,17
156,37,33,5,7,1,0,1,5,2,0,9,1,0,1,0,0,2,0,2022,2022-09-29,6024,5329,821,1370,316,31,206,786,585,22,1318,55,3,50,36,85,96,17
157,42,39,10,15,5,0,1,10,3,0,8,0,0,0,0,0,0,0,2022,2022-09-30,6066,5368,831,1385,321,31,207,796,588,22,1326,55,3,50,36,85,96,17
158,45,32,6,10,2,0,0,6,10,0,10,1,0,2,1,0,1,1,2022,2022-10-01,6111,5400,837,1395,323,31,207,802,598,22,1336,56,3,52,37,85,97,18
159,34,30,1,4,0,0,0,1,3,0,15,0,0,1,0,0,1,0,2022,2022-10-02,6145,5430,838,1399,323,31,207,803,601,22,1351,56,3,53,37,85,98,18
160,32,32,1,6,0,0,1,1,0,0,6,0,0,0,0,0,0,0,2022,2022-10-03,6177,5462,839,1405,323,31,208,804,601,22,1357,56,3,53,37,85,98,18
161,34,32,2,5,1,0,1,2,2,0,8,0,0,0,0,0,0,0,2022,2022-10-04,6211,5494,841,1410,324,31,209,806,603,22,1365,56,3,53,37,85,98,18
162,36,32,6,8,1,0,3,6,4,0,9,0,0,0,0,0,0,0,2022,2022-10-05,6247,5526,847,1418,325,31,212,812,607,22,1374,56,3,53,37,85,98,18
1,46,36,5,15,3,1,0,5,8,0,6,1,0,1,0,3,0,0,2021,2021-04-01,46,36,5,15,3,1,0,5,8,0,6,1,0,1,0,3,0,0
2,47,41,11,16,5,2,0,11,2,0,7,1,2,1,0,0,0,0,2021,2021-04-02,93,77,16,31,8,3,0,16,10,0,13,2,2,2,0,3,0,0
3,45,39,6,12,3,1,1,6,4,1,14,1,1,0,1,0,1,0,2021,2021-04-03,138,116,22,43,11,4,1,22,14,1,27,3,3,2,1,3,1,0
4,38,27,4,4,1,0,1,3,9,0,8,0,1,1,0,0,0,1,2021,2021-04-04,176,143,26,47,12,4,2,25,23,1,35,3,4,3,1,3,1,1
5,51,41,10,14,2,0,2,9,8,0,10,1,0,1,0,0,0,0,2021,2021-04-05,227,184,36,61,14,4,4,34,31,1,45,4,4,4,1,3,1,1
6,39,36,5,11,2,0,3,5,2,0,7,1,0,0,0,2,2,0,2021,2021-04-06,266,220,41,72,16,4,7,39,33,1,52,5,4,4,1,5,3,1
7,46,38,3,8,2,0,0,3,7,1,11,1,0,0,0,0,0,0,2021,2021-04-07,312,258,44,80,18,4,7,42,40,2,63,6,4,4,1,5,3,1
8,29,27,1,4,1,0,1,1,2,0,6,0,0,0,0,1,0,0,2021,2021-04-09,341,285,45,84,19,4,8,43,42,2,69,6,4,4,1,6,3,1
9,39,32,9,9,4,0,1,9,7,2,9,0,0,0,0,1,0,0,2021,2021-04-10,380,317,54,93,23,4,9,52,49,4,78,6,4,4,1,7,3,1
10,29,28,3,5,2,0,1,3,1,0,7,0,0,0,0,0,0,0,2021,2021-04-11,409,345,57,98,25,4,10,55,50,4,85,6,4,4,1,7,3,1
11,39,34,7,10,2,0,4,6,4,0,6,0,1,0,1,0,0,0,2021,2021-04-13,448,379,64,108,27,4,14,61,54,4,91,6,5,4,2,7,3,1
12,39,31,4,9,2,0,2,4,5,0,8,1,1,1,0,0,0,0,2021,2021-04-14,487,410,68,117,29,4,16,65,59,4,99,7,6,5,2,7,3,1
13,37,32,7,9,2,0,2,6,5,0,9,0,0,0,0,1,0,0,2021,2021-04-15,524,442,75,126,31,4,18,71,64,4,108,7,6,5,2,8,3,1
14,55,48,11,12,1,0,2,9,5,0,12,1,0,1,1,2,0,0,2021,2021-04-16,579,490,86,138,32,4,20,80,69,4,120,8,6,6,3,10,3,1
15,33,30,2,3,1,0,1,2,2,0,13,1,0,0,0,0,0,0,2021,2021-04-17,612,520,88,141,33,4,21,82,71,4,133,9,6,6,3,10,3,1
16,32,30,2,3,0,0,1,2,2,0,14,0,0,0,0,0,0,0,2021,2021-04-18,644,550,90,144,33,4,22,84,73,4,147,9,6,6,3,10,3,1
17,38,31,3,5,2,0,1,3,5,0,9,2,0,0,0,1,1,0,2021,2021-04-19,682,581,93,149,35,4,23,87,78,4,156,11,6,6,3,11,4,1
18,32,28,1,2,1,0,0,1,4,0,7,0,0,0,0,1,1,0,2021,2021-04-20,714,609,94,151,36,4,23,88,82,4,163,11,6,6,3,12,5,1
19,37,32,2,6,1,0,2,2,3,1,10,2,0,0,0,1,0,0,2021,2021-04-22,751,641,96,157,37,4,25,90,85,5,173,13,6,6,3,13,5,1
20,34,29,1,4,1,0,0,1,3,0,11,2,0,0,0,1,1,0,2021,2021-04-23,785,670,97,161,38,4,25,91,88,5,184,15,6,6,3,14,6,1
21,39,35,5,12,1,0,0,5,4,0,10,0,0,0,1,1,1,1,2021,2021-04-24,824,705,102,173,39,4,25,96,92,5,194,15,6,6,4,15,7,2
22,56,43,7,10,0,2,2,7,9,3,16,3,0,1,1,0,1,0,2021,2021-04-25,880,748,109,183,39,6,27,103,101,8,210,18,6,7,5,15,8,2
23,42,34,3,6,1,0,1,3,5,0,12,3,0,0,0,2,1,0,2021,2021-04-26,922,782,112,189,40,6,28,106,106,8,222,21,6,7,5,17,9,2
24,40,31,5,4,1,0,1,5,8,0,9,1,0,0,0,0,0,0,2021,2021-04-27,962,813,117,193,41,6,29,111,114,8,231,22,6,7,5,17,9,2
25,39,31,8,8,1,1,1,7,8,1,11,0,0,0,0,1,1,0,2021,2021-04-28,1001,844,125,201,42,7,30,118,122,9,242,22,6,7,5,18,10,2
26,37,34,1,9,0,0,0,1,3,0,6,0,0,0,0,2,0,0,2021,2021-04-29,1038,878,126,210,42,7,30,119,125,9,248,22,6,7,5,20,10,2
27,31,29,1,2,0,0,1,1,1,0,11,1,0,0,0,0,0,0,2021,2021-04-30,1069,907,127,212,42,7,31,120,126,9,259,23,6,7,5,20,10,2
28,47,39,5,8,0,2,1,5,7,2,12,1,0,0,0,1,1,1,2021,2021-05-01,1116,946,132,220,42,9,32,125,133,11,271,24,6,7,5,21,11,3
29,52,44,16,18,2,0,3,16,4,0,3,3,1,0,0,0,0,0,2021,2021-05-02,1168,990,148,238,44,9,35,141,137,11,274,27,7,7,5,21,11,3
30,30,28,1,7,0,0,1,1,1,0,6,1,0,0,1,2,0,0,2021,,1198,1018,149,245,44,9,36,142,138,11,280,28,7,7,6,23,11,3
31,34,30,3,5,1,0,2,2,4,1,10,0,0,0,0,2,1,0,2021,,1232,1048,152,250,45,9,38,144,142,12,290,28,7,7,6,25,12,3
32,46,40,5,9,2,0,1,5,4,0,14,1,0,1,0,0,0,0,2021,2021-05-05,1278,1088,157,259,47,9,39,149,146,12,304,29,7,8,6,25,12,3
33,39,34,2,8,4,0,1,2,5,0,7,0,0,0,0,0,0,0,2021,2021-05-07,1317,1122,159,267,51,9,40,151,151,12,311,29,7,8,6,25,12,3
34,52,44,14,17,3,0,0,14,8,1,9,0,0,0,1,1,1,0,2021,2021-05-08,1369,1166,173,284,54,9,40,165,159,13,320,29,7,8,7,26,13,3
35,40,31,1,4,1,0,0,1,9,0,10,0,0,0,1,1,0,0,2021,2021-05-09,1409,1197,174,288,55,9,40,166,168,13,330,29,7,8,8,27,13,3
36,36,33,6,9,1,1,2,6,2,0,15,1,0,0,0,0,1,0,2021,2021-05-11,1445,1230,180,297,56,10,42,172,170,13,345,30,7,8,8,27,14,3
37,40,36,7,11,3,0,1,7,4,0,5,0,0,0,1,0,0,0,2021,2021-05-12,1485,1266,187,308,59,10,43,179,174,13,350,30,7,8,9,27,14,3
38,39,36,9,12,3,0,1,8,3,0,6,0,0,0,0,0,1,0,2021,2021-05-14,1524,1302,196,320,62,10,44,187,177,13,356,30,7,8,9,27,15,3
39,38,28,7,6,0,0,0,7,7,0,6,2,0,1,0,0,0,0,2021,2021-05-15,1562,1330,203,326,62,10,44,194,184,13,362,32,7,9,9,27,15,3
40,37,36,2,10,3,0,0,2,1,0,8,0,0,0,0,0,0,0,2021,2021-05-16,1599,1366,205,336,65,10,44,196,185,13,370,32,7,9,9,27,15,3
41,36,29,3,5,2,0,1,3,7,2,10,0,0,0,0,0,0,0,2021,2021-05-17,1635,1395,208,341,67,10,45,199,192,15,380,32,7,9,9,27,15,3
42,41,34,9,10,0,0,3,9,6,0,9,1,0,0,0,0,0,0,2021,2021-05-18,1676,1429,217,351,67,10,48,208,198,15,389,33,7,9,9,27,15,3
43,35,30,4,7,2,0,0,3,3,0,7,1,0,1,2,2,1,0,2021,2021-05-19,1711,1459,221,358,69,10,48,211,201,15,396,34,7,10,11,29,16,3
44,30,29,3,7,1,0,2,3,1,0,13,0,0,0,0,1,0,0,2021,2021-05-20,1741,1488,224,365,70,10,50,214,202,15,409,34,7,10,11,30,16,3
45,37,35,2,10,2,0,1,2,2,1,11,0,0,0,0,1,0,1,2021,2021-05-21,1778,1523,226,375,72,10,51,216,204,16,420,34,7,10,11,31,16,4
46,37,34,6,9,2,0,2,6,1,0,5,0,2,0,1,1,0,0,2021,2021-05-22,1815,1557,232,384,74,10,53,222,205,16,425,34,9,10,12,32,16,4
47,41,37,11,11,2,0,2,11,4,1,7,0,0,0,0,0,0,1,2021,2021-05-23,1856,1594,243,395,76,10,55,233,209,17,432,34,9,10,12,32,16,5
48,44,34,9,7,0,0,1,8,9,0,8,1,0,0,0,0,0,0,2021,2021-05-25,1900,1628,252,402,76,10,56,241,218,17,440,35,9,10,12,32,16,5
49,34,31,2,4,0,0,1,2,3,0,10,0,0,0,0,0,0,0,2021,2021-05-26,1934,1659,254,406,76,10,57,243,221,17,450,35,9,10,12,32,16,5
50,31,30,4,6,1,1,3,4,0,0,11,1,0,0,0,0,0,0,2021,2021-05-27,1965,1689,258,412,77,11,60,247,221,17,461,36,9,10,12,32,16,5
51,46,38,5,8,0,0,2,5,7,0,5,0,1,0,1,0,0,0,2021,2021-05-28,2011,1727,263,420,77,11,62,252,228,17,466,36,10,10,13,32,16,5
52,40,36,6,8,3,0,2,6,2,0,13,1,1,0,1,0,1,0,2021,2021-05-29,2051,1763,269,428,80,11,64,258,230,17,479,37,11,10,14,32,17,5
53,35,34,4,5,2,0,2,4,1,0,11,0,0,0,2,0,0,0,2021,2021-05-30,2086,1797,273,433,82,11,66,262,231,17,490,37,11,10,16,32,17,5
54,38,33,9,10,4,0,3,9,4,1,12,1,0,0,0,0,0,1,2021,2021-05-31,2124,1830,282,443,86,11,69,271,235,18,502,38,11,10,16,32,17,6
55,37,32,2,7,1,0,1,2,5,0,7,0,0,0,0,2,0,0,2021,2021-06-01,2161,1862,284,450,87,11,70,273,240,18,509,38,11,10,16,34,17,6
56,45,35,14,10,2,0,1,13,10,0,8,0,0,0,1,0,1,0,2021,2021-06-02,2206,1897,298,460,89,11,71,286,250,18,517,38,11,10,17,34,18,6
57,40,31,9,4,3,0,0,8,8,0,10,0,1,0,1,2,0,0,2021,2021-06-04,2246,1928,307,464,92,11,71,294,258,18,527,38,12,10,18,36,18,6
58,38,34,4,5,0,0,0,1,2,0,11,2,0,0,3,1,1,0,2021,2021-06-05,2284,1962,311,469,92,11,71,295,260,18,538,40,12,10,21,37,19,6
59,34,34,2,7,1,0,1,2,0,0,5,0,0,0,0,0,0,0,2021,2021-06-06,2318,1996,313,476,93,11,72,297,260,18,543,40,12,10,21,37,19,6
60,38,36,5,10,1,1,1,5,1,0,6,1,0,0,0,1,0,0,2021,2021-06-08,2356,2032,318,486,94,12,73,302,261,18,549,41,12,10,21,38,19,6
61,39,34,2,7,0,0,2,2,5,0,2,0,0,0,0,0,0,0,2021,2021-06-09,2395,2066,320,493,94,12,75,304,266,18,551,41,12,10,21,38,19,6
62,40,29,6,10,0,0,1,6,7,1,7,2,1,1,0,1,1,0,2021,2021-06-10,2435,2095,326,503,94,12,76,310,273,19,558,43,13,11,21,39,20,6
63,45,38,12,16,2,0,5,12,3,0,4,2,1,1,1,0,0,0,2021,2021-06-11,2480,2133,338,519,96,12,81,322,276,19,562,45,14,12,22,39,20,6
64,34,32,1,6,1,0,1,1,2,0,10,0,0,0,0,1,0,0,2021,2021-06-12,2514,2165,339,525,97,12,82,323,278,19,572,45,14,12,22,40,20,6
65,36,32,5,11,2,0,1,5,3,0,9,1,0,0,0,2,0,1,2021,2021-06-13,2550,2197,344,536,99,12,83,328,281,19,581,46,14,12,22,42,20,7
66,28,27,3,3,0,0,2,3,1,0,7,0,0,0,0,0,0,0,2021,2021-06-14,2578,2224,347,539,99,12,85,331,282,19,588,46,14,12,22,42,20,7
67,38,33,5,11,2,0,1,5,3,0,5,2,0,0,0,2,0,0,2021,2021-06-15,2616,2257,352,550,101,12,86,336,285,19,593,48,14,12,22,44,20,7
68,37,31,0,5,0,0,0,0,4,0,10,2,0,0,0,1,0,0,2021,2021-06-16,2653,2288,352,555,101,12,86,336,289,19,603,50,14,12,22,45,20,7
69,35,27,3,3,1,0,1,2,7,0,7,0,0,1,0,3,0,0,2021,2021-06-18,2688,2315,355,558,102,12,87,338,296,19,610,50,14,13,22,48,20,7
70,46,36,9,11,3,1,2,9,7,0,7,0,2,1,0,0,0,0,2021,2021-06-19,2734,2351,364,569,105,13,89,347,303,19,617,50,16,14,22,48,20,7
71,48,40,9,15,3,1,1,8,6,0,8,1,1,0,0,1,1,0,2021,2021-06-20,2782,2391,373,584,108,14,90,355,309,19,625,51,17,14,22,49,21,7
72,35,31,2,3,0,0,2,2,3,0,16,1,0,0,1,0,0,0,2021,2021-06-21,2817,2422,375,587,108,14,92,357,312,19,641,52,17,14,23,49,21,7
73,39,34,2,8,1,0,1,1,5,0,9,0,0,0,0,1,0,0,2021,2021-06-22,2856,2456,377,595,109,14,93,358,317,19,650,52,17,14,23,50,21,7
74,35,31,3,5,2,0,0,2,3,0,6,1,0,0,0,0,0,0,2021,2021-06-23,2891,2487,380,600,111,14,93,360,320,19,656,53,17,14,23,50,21,7
75,33,25,0,0,0,0,0,0,8,0,7,0,0,0,0,1,0,0,2021,2021-06-24,2924,2512,380,600,111,14,93,360,328,19,663,53,17,14,23,51,21,7
76,39,34,6,8,2,0,3,6,5,1,6,0,0,0,1,0,2,0,2021,2021-06-25,2963,2546,386,608,113,14,96,366,333,20,669,53,17,14,24,51,23,7
77,36,33,3,10,4,0,1,3,3,0,11,0,0,0,0,1,0,1,2021,2021-06-26,2999,2579,389,618,117,14,97,369,336,20,680,53,17,14,24,52,23,8
78,36,31,7,8,1,1,2,7,3,0,12,1,0,1,1,1,1,0,2021,2021-06-27,3035,2610,396,626,118,15,99,376,339,20,692,54,17,15,25,53,24,8
79,30,28,3,5,0,0,3,3,2,0,10,0,0,0,0,1,0,0,2021,2021-06-28,3065,2638,399,631,118,15,102,379,341,20,702,54,17,15,25,54,24,8
80,33,26,3,3,1,0,1,3,5,0,7,1,1,0,0,0,0,0,2021,2021-06-29,3098,2664,402,634,119,15,103,382,346,20,709,55,18,15,25,54,24,8
81,26,25,6,9,0,0,2,6,1,0,2,0,0,0,0,0,0,0,2021,2021-07-01,3124,2689,408,643,119,15,105,388,347,20,711,55,18,15,25,54,24,8
82,42,37,10,11,2,0,2,10,4,0,10,1,0,0,0,0,0,0,2021,2021-07-02,3166,2726,418,654,121,15,107,398,351,20,721,56,18,15,25,54,24,8
83,38,31,5,5,1,0,0,5,4,1,7,1,0,2,0,0,1,0,2021,2021-07-03,3204,2757,423,659,122,15,107,403,355,21,728,57,18,17,25,54,25,8
84,41,38,5,11,3,0,1,5,0,0,15,3,0,0,0,0,0,0,2021,2021-07-04,3245,2795,428,670,125,15,108,408,355,21,743,60,18,17,25,54,25,8
85,42,36,4,8,3,0,0,4,5,0,13,0,0,1,2,0,0,0,2021,2021-07-05,3287,2831,432,678,128,15,108,412,360,21,756,60,18,18,27,54,25,8
86,44,38,1,9,0,0,0,1,5,1,12,1,0,0,1,2,1,0,2021,2021-07-06,3331,2869,433,687,128,15,108,413,365,22,768,61,18,18,28,56,26,8
87,38,37,6,10,2,0,4,6,1,0,13,0,0,0,0,0,0,0,2021,2021-07-07,3369,2906,439,697,130,15,112,419,366,22,781,61,18,18,28,56,26,8
88,43,39,6,11,1,0,0,4,2,0,7,1,0,1,1,0,1,0,2021,2021-07-08,3412,2945,445,708,131,15,112,423,368,22,788,62,18,19,29,56,27,8
89,35,32,2,5,2,0,1,2,3,0,7,0,0,0,0,0,0,0,2021,2021-07-09,3447,2977,447,713,133,15,113,425,371,22,795,62,18,19,29,56,27,8
90,53,44,22,21,2,1,8,22,8,0,4,1,0,0,1,2,0,0,2021,2021-07-10,3500,3021,469,734,135,16,121,447,379,22,799,63,18,19,30,58,27,8
91,38,32,7,10,2,0,2,7,3,1,6,1,1,1,1,1,0,0,2021,2021-07-11,3538,3053,476,744,137,16,123,454,382,23,805,64,19,20,31,59,27,8
92,48,40,10,14,3,0,1,10,5,0,10,1,1,1,1,0,0,0,2021,2021-07-16,3586,3093,486,758,140,16,124,464,387,23,815,65,20,21,32,59,27,8
93,40,39,9,12,4,0,4,9,1,0,9,0,0,0,0,0,0,0,2021,2021-07-17,3626,3132,495,770,144,16,128,473,388,23,824,65,20,21,32,59,27,8
94,41,38,5,9,1,0,2,5,3,0,12,0,0,0,0,1,1,0,2021,2021-07-18,3667,3170,500,779,145,16,130,478,391,23,836,65,20,21,32,60,28,8
95,36,31,2,4,1,0,2,2,4,0,11,1,0,0,0,0,0,0,2021,2021-07-19,3703,3201,502,783,146,16,132,480,395,23,847,66,20,21,32,60,28,8
96,39,33,8,10,3,0,3,8,3,0,10,3,0,0,0,1,0,0,2021,2021-07-20,3742,3234,510,793,149,16,135,488,398,23,857,69,20,21,32,61,28,8
97,33,30,2,3,1,0,1,2,3,0,9,0,0,0,0,0,1,0,2021,2021-07-21,3775,3264,512,796,150,16,136,490,401,23,866,69,20,21,32,61,29,8
98,36,34,3,7,1,0,1,3,2,0,9,0,0,0,1,1,0,0,2021,2021-07-22,3811,3298,515,803,151,16,137,493,403,23,875,69,20,21,33,62,29,8
99,45,40,6,10,3,1,1,6,4,0,12,1,0,0,0,0,1,0,2021,2021-07-23,3856,3338,521,813,154,17,138,499,407,23,887,70,20,21,33,62,30,8
100,28,28,1,5,0,0,1,1,0,0,7,0,0,0,1,2,0,0,2021,2021-07-24,3884,3366,522,818,154,17,139,500,407,23,894,70,20,21,34,64,30,8
101,34,31,3,7,1,0,3,3,3,0,6,0,0,0,0,0,1,0,2021,2021-07-25,3918,3397,525,825,155,17,142,503,410,23,900,70,20,21,34,64,31,8
102,33,32,1,6,2,0,0,1,1,0,7,0,0,0,0,0,0,0,2021,2021-07-27,3951,3429,526,831,157,17,142,504,411,23,907,70,20,21,34,64,31,8
103,47,42,8,13,1,1,1,8,3,0,9,2,0,0,1,0,1,0,2021,2021-07-28,3998,3471,534,844,158,18,143,512,414,23,916,72,20,21,35,64,32,8
104,31,28,0,4,0,0,0,0,2,0,11,0,1,0,0,2,0,0,2021,2021-07-29,4029,3499,534,848,158,18,143,512,416,23,927,72,21,21,35,66,32,8
105,44,40,5,11,0,1,1,5,2,0,9,1,0,1,1,1,1,0,2021,2021-07-30,4073,3539,539,859,158,19,144,517,418,23,936,73,21,22,36,67,33,8
106,45,43,8,16,2,0,1,7,2,0,8,0,0,0,0,0,3,0,2021,2021-07-31,4118,3582,547,875,160,19,145,524,420,23,944,73,21,22,36,67,36,8
107,50,39,13,14,5,0,2,12,7,0,8,3,1,0,0,1,0,0,2021,2021-08-01,4168,3621,560,889,165,19,147,536,427,23,952,76,22,22,36,68,36,8
108,37,33,0,5,0,0,0,0,3,0,13,1,0,0,0,0,0,0,2021,2021-08-03,4205,3654,560,894,165,19,147,536,430,23,965,77,22,22,36,68,36,8
109,37,33,7,9,2,0,4,7,3,0,6,1,0,0,0,1,0,0,2021,2021-08-04,4242,3687,567,903,167,19,151,543,433,23,971,78,22,22,36,69,36,8
110,43,40,3,11,2,0,0,3,2,0,7,0,0,1,0,0,0,0,2021,2021-08-06,4285,3727,570,914,169,19,151,546,435,23,978,78,22,23,36,69,36,8
111,36,33,5,9,3,0,1,5,2,0,7,1,0,0,0,0,1,0,2021,2021-08-07,4321,3760,575,923,172,19,152,551,437,23,985,79,22,23,36,69,37,8
112,40,36,8,11,3,0,2,8,3,2,7,1,0,0,0,0,3,0,2021,2021-08-08,4361,3796,583,934,175,19,154,559,440,25,992,80,22,23,36,69,40,8
113,42,38,5,12,3,0,2,5,4,1,15,0,0,0,0,1,0,0,2021,2021-08-10,4403,3834,588,946,178,19,156,564,444,26,1007,80,22,23,36,70,40,8
114,45,39,8,13,1,0,2,7,5,0,8,1,0,0,0,0,1,0,2021,2021-08-11,4448,3873,596,959,179,19,158,571,449,26,1015,81,22,23,36,70,41,8
115,36,30,1,3,0,0,0,1,5,1,6,1,0,0,0,0,1,0,2021,2021-08-12,4484,3903,597,962,179,19,158,572,454,27,1021,82,22,23,36,70,42,8
116,42,34,6,9,3,0,1,6,4,0,12,1,0,3,0,1,0,1,2021,2021-08-13,4526,3937,603,971,182,19,159,578,458,27,1033,83,22,26,36,71,42,9
117,36,33,2,4,2,0,1,2,3,0,13,0,0,0,0,1,0,0,2021,2021-08-14,4562,3970,605,975,184,19,160,580,461,27,1046,83,22,26,36,72,42,9
118,51,42,14,16,3,1,5,14,6,0,10,2,0,1,0,0,1,0,2021,2021-08-15,4613,4012,619,991,187,20,165,594,467,27,1056,85,22,27,36,72,43,9
119,32,28,2,5,1,0,2,2,2,0,7,2,0,0,0,1,0,0,2021,2021-08-16,4645,4040,621,996,188,20,167,596,469,27,1063,87,22,27,36,73,43,9
120,36,31,4,8,6,0,0,4,3,0,10,1,1,0,0,0,0,0,2021,2021-08-17,4681,4071,625,1004,194,20,167,600,472,27,1073,88,23,27,36,73,43,9
121,40,33,9,9,1,0,4,9,7,0,9,0,0,0,0,0,0,0,2021,2021-08-18,4721,4104,634,1013,195,20,171,609,479,27,1082,88,23,27,36,73,43,9
122,31,28,4,6,2,0,0,4,2,0,6,1,0,0,0,1,1,1,2021,2021-08-19,4752,4132,638,1019,197,20,171,613,481,27,1088,89,23,27,36,74,44,10
123,30,29,3,5,2,0,0,3,1,0,10,0,0,0,0,0,0,0,2021,2021-08-20,4782,4161,641,1024,199,20,171,616,482,27,1098,89,23,27,36,74,44,10
124,34,31,4,8,0,0,3,4,3,0,4,0,0,0,0,1,1,0,2021,2021-08-21,4816,4192,645,1032,199,20,174,620,485,27,1102,89,23,27,36,75,45,10
125,33,31,2,5,1,0,0,2,2,0,8,0,0,0,0,0,1,1,2021,2021-08-22,4849,4223,647,1037,200,20,174,622,487,27,1110,89,23,27,36,75,46,11
126,35,30,5,6,2,0,1,5,3,0,9,0,0,2,0,0,1,0,2021,2021-08-24,4884,4253,652,1043,202,20,175,627,490,27,1119,89,23,29,36,75,47,11
127,63,57,5,10,1,0,2,5,5,3,18,0,1,0,0,0,2,0,2021,2021-08-25,4947,4310,657,1053,203,20,177,632,495,30,1137,89,24,29,36,75,49,11
128,34,31,4,5,2,1,1,4,2,0,8,0,0,1,0,0,0,0,2021,2021-08-26,4981,4341,661,1058,205,21,178,636,497,30,1145,89,24,30,36,75,49,11
129,33,33,2,6,0,0,2,2,0,0,12,0,0,0,0,0,0,0,2021,2021-08-27,5014,4374,663,1064,205,21,180,638,497,30,1157,89,24,30,36,75,49,11
130,35,27,5,7,0,0,1,4,8,0,9,0,0,0,0,1,1,0,2021,2021-08-28,5049,4401,668,1071,205,21,181,642,505,30,1166,89,24,30,36,76,50,11
131,34,30,0,3,0,0,0,0,3,0,8,1,0,0,0,0,0,0,2021,2021-08-29,5083,4431,668,1074,205,21,181,642,508,30,1174,90,24,30,36,76,50,11
132,35,33,5,10,0,0,4,5,1,0,9,1,0,0,0,0,1,0,2021,2021-08-30,5118,4464,673,1084,205,21,185,647,509,30,1183,91,24,30,36,76,51,11
133,35,29,3,6,2,0,1,3,5,1,10,0,0,1,0,0,0,0,2021,2021-08-31,5153,4493,676,1090,207,21,186,650,514,31,1193,91,24,31,36,76,51,11
134,34,31,4,7,1,1,2,4,3,0,12,0,0,0,0,0,0,0,2021,2021-09-01,5187,4524,680,1097,208,22,188,654,517,31,1205,91,24,31,36,76,51,11
135,44,39,2,8,1,0,0,2,4,0,9,0,0,1,0,1,0,0,2021,2021-09-03,5231,4563,682,1105,209,22,188,656,521,31,1214,91,24,32,36,77,51,11
136,39,28,6,6,1,0,2,5,6,0,8,1,2,2,1,0,3,2,2021,2021-09-04,5270,4591,688,1111,210,22,190,661,527,31,1222,92,26,34,37,77,54,13
137,40,34,4,6,0,0,1,4,6,0,9,0,0,0,1,0,0,0,2021,2021-09-05,5310,4625,692,1117,210,22,191,665,533,31,1231,92,26,34,38,77,54,13
138,33,31,5,5,1,0,1,4,2,0,6,0,0,0,0,1,0,0,2021,2021-09-06,5343,4656,697,1122,211,22,192,669,535,31,1237,92,26,34,38,78,54,13
139,39,38,7,11,2,0,4,7,1,0,8,0,0,0,0,0,0,0,2021,2021-09-07,5382,4694,704,1133,213,22,196,676,536,31,1245,92,26,34,38,78,54,13
140,33,32,4,7,1,0,1,4,0,0,5,0,0,1,0,0,0,0,2021,2021-09-08,5415,4726,708,1140,214,22,197,680,536,31,1250,92,26,35,38,78,54,13
141,34,31,1,4,2,0,0,1,3,0,7,0,0,0,0,0,0,0,2021,2021-09-09,5449,4757,709,1144,216,22,197,681,539,31,1257,92,26,35,38,78,54,13
142,33,26,3,4,1,0,1,3,5,1,8,1,0,1,0,1,0,0,2021,2021-09-10,5482,4783,712,1148,217,22,198,684,544,32,1265,93,26,36,38,79,54,13
143,29,24,5,4,1,0,1,5,3,0,6,0,1,1,0,1,0,1,2021,2021-09-11,5511,4807,717,1152,218,22,199,689,547,32,1271,93,27,37,38,80,54,14
144,40,31,8,9,2,0,3,8,4,1,7,3,1,1,0,0,1,0,2021,2021-09-12,5551,4838,725,1161,220,22,202,697,551,33,1278,96,28,38,38,80,55,14
145,40,34,5,11,4,0,1,5,3,0,5,2,1,0,1,0,0,0,2021,2021-09-13,5591,4872,730,1172,224,22,203,702,554,33,1283,98,29,38,39,80,55,14
146,37,31,8,9,2,0,3,7,4,0,6,0,0,2,1,2,1,0,2021,2021-09-14,5628,4903,738,1181,226,22,206,709,558,33,1289,98,29,40,40,82,56,14
147,39,34,5,14,2,0,1,5,3,1,3,1,1,0,1,2,2,1,2021,2021-09-15,5667,4937,743,1195,228,22,207,714,561,34,1292,99,30,40,41,84,58,15
148,36,33,1,6,1,0,0,1,2,0,12,1,0,0,0,0,0,0,2021,2021-09-17,5703,4970,744,1201,229,22,207,715,563,34,1304,100,30,40,41,84,58,15
149,39,35,5,7,1,1,0,5,3,0,10,0,1,0,2,0,1,0,2021,2021-09-18,5742,5005,749,1208,230,23,207,720,566,34,1314,100,31,40,43,84,59,15
150,43,37,8,12,1,0,3,7,5,0,8,1,0,0,0,1,0,1,2021,2021-09-19,5785,5042,757,1220,231,23,210,727,571,34,1322,101,31,40,43,85,59,16
151,37,36,5,9,1,0,0,5,0,0,7,0,0,1,0,0,0,0,2021,2021-09-21,5822,5078,762,1229,232,23,210,732,571,34,1329,101,31,41,43,85,59,16
152,38,32,5,7,1,0,1,5,4,0,7,1,0,1,0,1,0,0,2021,2021-09-22,5860,5110,767,1236,233,23,211,737,575,34,1336,102,31,42,43,86,59,16
153,45,43,7,14,2,0,1,7,2,0,8,0,0,0,0,1,3,0,2021,2021-09-23,5905,5153,774,1250,235,23,212,744,577,34,1344,102,31,42,43,87,62,16
154,39,33,4,10,2,1,1,4,4,0,6,0,1,1,0,2,0,0,2021,2021-09-24,5944,5186,778,1260,237,24,213,748,581,34,1350,102,32,43,43,89,62,16
155,33,31,2,5,0,0,2,2,2,0,8,0,0,0,0,1,0,0,2021,2021-09-25,5977,5217,780,1265,237,24,215,750,583,34,1358,102,32,43,43,90,62,16
156,40,33,3,7,1,0,3,3,6,0,6,1,0,0,0,1,0,0,2021,2021-09-26,6017,5250,783,1272,238,24,218,753,589,34,1364,103,32,43,43,91,62,16
157,39,30,2,6,2,0,0,2,9,1,10,0,0,0,1,1,1,0,2021,2021-09-28,6056,5280,785,1278,240,24,218,755,598,35,1374,103,32,43,44,92,63,16
158,39,36,11,12,3,0,6,11,3,0,7,0,0,0,0,0,1,0,2021,2021-09-29,6095,5316,796,1290,243,24,224,766,601,35,1381,103,32,43,44,92,64,16
159,35,32,8,11,1,0,5,8,2,0,8,0,0,1,0,1,0,1,2021,2021-09-30,6130,5348,804,1301,244,24,229,774,603,35,1389,103,32,44,44,93,64,17
160,37,33,8,10,0,0,3,7,3,1,3,1,0,0,0,1,1,0,2021,2021-10-01,6167,5381,812,1311,244,24,232,781,606,36,1392,104,32,44,44,94,65,17
161,33,31,8,9,2,0,3,8,1,0,9,0,0,1,0,1,0,0,2021,2021-10-02,6200,5412,820,1320,246,24,235,789,607,36,1401,104,32,45,44,95,65,17
162,39,33,10,10,1,0,2,10,6,0,7,0,0,0,0,1,0,0,2021,2021-10-03,6239,5445,830,1330,247,24,237,799,613,36,1408,104,32,45,44,96,65,17
1,43,37,8,12,4,0,1,8,5,0,6,1,0,0,1,1,0,0,2020,2020-07-23,43,37,8,12,4,0,1,8,5,0,6,1,0,0,1,1,0,0
2,46,37,9,13,3,0,2,8,8,0,3,0,0,1,1,0,1,1,2020,2020-07-24,89,74,17,25,7,0,3,16,13,0,9,1,0,1,2,1,1,1
3,39,33,4,9,2,0,1,4,2,0,6,3,0,0,1,0,0,0,2020,2020-07-25,128,107,21,34,9,0,4,20,15,0,15,4,0,1,3,1,1,1
4,38,34,1,7,1,0,0,1,3,0,8,1,0,0,0,0,1,0,2020,2020-07-26,166,141,22,41,10,0,4,21,18,0,23,5,0,1,3,1,2,1
5,43,37,5,10,1,0,0,4,6,0,5,0,0,0,0,1,0,0,2020,2020-07-28,209,178,27,51,11,0,4,25,24,0,28,5,0,1,3,2,2,1
6,47,44,4,5,2,0,2,4,3,1,13,0,0,0,0,0,0,0,2020,2020-07-29,256,222,31,56,13,0,6,29,27,1,41,5,0,1,3,2,2,1
7,41,32,6,7,1,0,3,6,8,0,7,0,0,1,0,1,0,0,2020,2020-07-30,297,254,37,63,14,0,9,35,35,1,48,5,0,2,3,3,2,1
8,39,35,3,9,2,0,2,3,2,0,15,1,1,0,0,0,2,0,2020,2020-07-31,336,289,40,72,16,0,11,38,37,1,63,6,1,2,3,3,4,1
9,43,39,11,11,2,1,4,11,4,0,9,0,0,0,1,0,0,0,2020,2020-08-01,379,328,51,83,18,1,15,49,41,1,72,6,1,2,4,3,4,1
10,36,36,3,9,1,0,2,3,0,0,9,0,0,0,0,0,0,0,2020,2020-08-02,415,364,54,92,19,1,17,52,41,1,81,6,1,2,4,3,4,1
11,34,32,4,6,2,0,2,4,2,0,10,0,0,0,0,1,0,0,2020,2020-08-03,449,396,58,98,21,1,19,56,43,1,91,6,1,2,4,4,4,1
12,41,34,5,6,1,0,1,4,4,0,5,3,0,0,1,0,0,0,2020,2020-08-04,490,430,63,104,22,1,20,60,47,1,96,9,1,2,5,4,4,1
13,36,34,7,8,2,1,2,7,2,0,7,0,0,0,0,1,0,0,2020,2020-08-05,526,464,70,112,24,2,22,67,49,1,103,9,1,2,5,5,4,1
14,39,33,7,9,1,0,4,7,4,0,7,2,0,0,0,0,0,0,2020,2020-08-07,565,497,77,121,25,2,26,74,53,1,110,11,1,2,5,5,4,1
15,33,29,4,2,0,1,1,4,4,0,4,0,0,0,0,0,0,0,2020,2020-08-08,598,526,81,123,25,3,27,78,57,1,114,11,1,2,5,5,4,1
16,31,30,6,7,1,0,2,6,1,0,8,0,0,0,0,1,0,0,2020,2020-08-09,629,556,87,130,26,3,29,84,58,1,122,11,1,2,5,6,4,1
17,34,30,1,4,0,0,0,1,3,0,6,1,0,0,0,0,0,0,2020,2020-08-10,663,586,88,134,26,3,29,85,61,1,128,12,1,2,5,6,4,1
18,37,34,2,9,3,0,0,2,2,0,7,1,0,0,1,2,0,0,2020,2020-08-11,700,620,90,143,29,3,29,87,63,1,135,13,1,2,6,8,4,1
19,33,30,6,8,1,0,1,6,2,0,6,0,1,0,1,2,0,0,2020,2020-08-12,733,650,96,151,30,3,30,93,65,1,141,13,2,2,7,10,4,1
20,41,36,11,13,3,0,6,11,4,0,6,1,0,0,0,0,0,1,2020,2020-08-13,774,686,107,164,33,3,36,104,69,1,147,14,2,2,7,10,4,2
21,38,36,7,9,1,0,2,7,2,0,9,0,0,0,1,1,1,0,2020,2020-08-14,812,722,114,173,34,3,38,111,71,1,156,14,2,2,8,11,5,2
22,45,39,6,11,1,0,1,6,5,1,9,0,0,1,0,1,3,0,2020,2020-08-15,857,761,120,184,35,3,39,117,76,2,165,14,2,3,8,12,8,2
23,37,36,8,10,1,0,4,8,1,0,11,0,0,0,1,0,1,1,2020,2020-08-16,894,797,128,194,36,3,43,125,77,2,176,14,2,3,9,12,9,3
24,41,34,11,13,0,0,3,10,6,0,7,1,0,0,0,2,0,0,2020,2020-08-17,935,831,139,207,36,3,46,135,83,2,183,15,2,3,9,14,9,3
25,31,29,2,6,1,0,0,2,2,0,11,0,0,0,0,1,1,0,2020,2020-08-18,966,860,141,213,37,3,46,137,85,2,194,15,2,3,9,15,10,3
26,38,35,4,7,1,0,3,4,3,0,11,0,0,0,2,0,0,0,2020,2020-08-19,1004,895,145,220,38,3,49,141,88,2,205,15,2,3,11,15,10,3
27,39,34,6,7,2,0,1,4,5,0,7,0,0,0,0,0,1,0,2020,2020-08-20,1043,929,151,227,40,3,50,145,93,2,212,15,2,3,11,15,11,3
28,36,31,5,10,5,0,0,5,3,0,1,1,0,1,0,2,0,0,2020,2020-08-21,1079,960,156,237,45,3,50,150,96,2,213,16,2,4,11,17,11,3
29,32,25,4,5,1,0,2,2,6,0,9,1,0,0,0,3,0,0,2020,2020-08-22,1111,985,160,242,46,3,52,152,102,2,222,17,2,4,11,20,11,3
30,40,33,11,12,0,0,7,11,5,0,2,1,0,1,0,1,3,0,2020,2020-08-23,1151,1018,171,254,46,3,59,163,107,2,224,18,2,5,11,21,14,3
31,50,45,8,12,3,0,2,6,5,1,13,0,0,0,0,1,0,0,2020,2020-08-25,1201,1063,179,266,49,3,61,169,112,3,237,18,2,5,11,22,14,3
32,35,30,7,11,2,0,1,7,3,0,7,2,0,0,0,1,0,0,2020,,1236,1093,186,277,51,3,62,176,115,3,244,20,2,5,11,23,14,3
33,27,23,2,3,2,0,1,2,3,0,8,1,0,0,0,1,0,0,2020,,1263,1116,188,280,53,3,63,178,118,3,252,21,2,5,11,24,14,3
34,37,34,2,7,2,0,0,2,3,0,11,0,0,0,0,0,1,0,2020,2020-08-28,1300,1150,190,287,55,3,63,180,121,3,263,21,2,5,11,24,15,3
35,42,34,7,8,3,0,2,6,7,0,11,0,0,1,0,0,3,0,2020,2020-08-29,1342,1184,197,295,58,3,65,186,128,3,274,21,2,6,11,24,18,3
36,44,36,7,11,1,0,3,7,6,0,14,1,0,1,0,0,1,1,2020,2020-08-30,1386,1220,204,306,59,3,68,193,134,3,288,22,2,7,11,24,19,4
37,41,31,6,8,4,0,0,6,8,1,7,0,0,2,2,1,0,0,2020,2020-09-01,1427,1251,210,314,63,3,68,199,142,4,295,22,2,9,13,25,19,4
38,34,31,3,4,1,0,1,2,2,0,8,0,1,0,0,1,0,0,2020,2020-09-02,1461,1282,213,318,64,3,69,201,144,4,303,22,3,9,13,26,19,4
39,37,35,5,10,1,0,1,4,2,0,7,0,0,0,1,0,0,0,2020,2020-09-03,1498,1317,218,328,65,3,70,205,146,4,310,22,3,9,14,26,19,4
40,39,37,10,15,0,0,5,10,1,0,5,0,0,1,1,2,2,0,2020,2020-09-04,1537,1354,228,343,65,3,75,215,147,4,315,22,3,10,15,28,21,4
41,35,32,2,6,3,0,0,2,3,0,8,0,0,0,0,1,0,0,2020,2020-09-05,1572,1386,230,349,68,3,75,217,150,4,323,22,3,10,15,29,21,4
42,38,32,6,9,1,0,4,6,6,0,6,0,0,0,0,1,0,1,2020,2020-09-06,1610,1418,236,358,69,3,79,223,156,4,329,22,3,10,15,30,21,5
43,54,41,10,10,1,0,2,9,12,1,9,1,0,0,0,1,2,0,2020,2020-09-08,1664,1459,246,368,70,3,81,232,168,5,338,23,3,10,15,31,23,5
44,45,40,6,9,0,0,2,6,5,1,11,0,0,0,1,0,0,0,2020,2020-09-09,1709,1499,252,377,70,3,83,238,173,6,349,23,3,10,16,31,23,5
45,41,34,2,9,1,0,2,2,7,1,7,0,0,0,1,1,0,1,2020,2020-09-10,1750,1533,254,386,71,3,85,240,180,7,356,23,3,10,17,32,23,6
46,36,34,5,10,2,1,2,5,1,0,13,0,0,1,0,1,0,1,2020,2020-09-12,1786,1567,259,396,73,4,87,245,181,7,369,23,3,11,17,33,23,7
47,35,35,8,12,3,0,3,8,0,0,8,0,0,0,0,1,0,0,2020,2020-09-13,1821,1602,267,408,76,4,90,253,181,7,377,23,3,11,17,34,23,7
48,34,30,2,4,2,0,0,1,4,0,14,0,0,0,0,0,0,1,2020,2020-09-14,1855,1632,269,412,78,4,90,254,185,7,391,23,3,11,17,34,23,8
49,35,34,3,9,0,0,1,3,1,0,9,0,0,0,0,1,0,0,2020,2020-09-15,1890,1666,272,421,78,4,91,257,186,7,400,23,3,11,17,35,23,8
50,39,36,7,8,2,0,2,7,3,0,10,0,0,0,1,0,3,0,2020,2020-09-16,1929,1702,279,429,80,4,93,264,189,7,410,23,3,11,18,35,26,8
51,43,36,9,11,3,0,2,7,6,0,7,1,0,0,1,3,0,0,2020,2020-09-17,1972,1738,288,440,83,4,95,271,195,7,417,24,3,11,19,38,26,8
52,48,43,15,17,3,1,3,15,4,0,3,1,0,0,0,2,0,0,2020,2020-09-18,2020,1781,303,457,86,5,98,286,199,7,420,25,3,11,19,40,26,8
53,37,33,6,7,1,1,2,4,3,0,3,1,0,0,0,1,1,0,2020,2020-09-19,2057,1814,309,464,87,6,100,290,202,7,423,26,3,11,19,41,27,8
54,39,32,3,7,2,0,0,3,5,0,5,2,0,0,0,1,0,0,2020,2020-09-20,2096,1846,312,471,89,6,100,293,207,7,428,28,3,11,19,42,27,8
55,37,33,7,11,2,0,4,7,4,0,6,0,0,0,1,2,0,0,2020,2020-09-22,2133,1879,319,482,91,6,104,300,211,7,434,28,3,11,20,44,27,8
56,35,34,4,7,0,0,3,4,1,0,7,0,0,0,0,0,0,0,2020,2020-09-23,2168,1913,323,489,91,6,107,304,212,7,441,28,3,11,20,44,27,8
57,37,31,5,8,3,0,1,5,4,0,3,1,0,1,0,0,0,0,2020,2020-09-24,2205,1944,328,497,94,6,108,309,216,7,444,29,3,12,20,44,27,8
58,41,36,9,12,1,0,5,8,5,0,6,0,0,0,0,0,2,0,2020,2020-09-25,2246,1980,337,509,95,6,113,317,221,7,450,29,3,12,20,44,29,8
59,36,32,7,8,1,0,3,7,3,0,14,1,0,0,0,1,0,0,2020,2020-09-26,2282,2012,344,517,96,6,116,324,224,7,464,30,3,12,20,45,29,8
60,34,30,5,6,1,0,2,3,4,0,7,0,0,0,1,1,0,0,2020,2020-09-27,2316,2042,349,523,97,6,118,327,228,7,471,30,3,12,21,46,29,8
1,39,35,12,12,1,0,8,12,3,0,3,0,1,0,0,0,0,0,2019,2019-03-28,39,35,12,12,1,0,8,12,3,0,3,0,1,0,0,0,0,0
2,60,45,4,11,1,0,1,4,12,0,14,1,2,0,0,1,1,1,2019,2019-03-29,99,80,16,23,2,0,9,16,15,0,17,1,3,0,0,1,1,1
3,51,41,18,19,3,0,4,18,6,1,4,3,1,0,1,1,0,0,2019,2019-03-30,150,121,34,42,5,0,13,34,21,1,21,4,4,0,1,2,1,1
4,41,32,8,8,2,0,1,7,6,0,8,1,0,2,2,0,0,0,2019,2019-03-31,191,153,42,50,7,0,14,41,27,1,29,5,4,2,3,2,1,1
5,34,32,2,7,0,0,2,2,2,0,8,0,0,0,0,2,0,0,2019,2019-04-01,225,185,44,57,7,0,16,43,29,1,37,5,4,2,3,4,1,1
6,34,30,6,7,1,0,1,6,3,1,5,0,0,1,1,0,0,0,2019,2019-04-02,259,215,50,64,8,0,17,49,32,2,42,5,4,3,4,4,1,1
7,36,31,5,7,4,0,1,5,5,0,10,0,0,0,0,0,0,0,2019,2019-04-03,295,246,55,71,12,0,18,54,37,2,52,5,4,3,4,4,1,1
8,45,37,10,13,2,1,3,10,6,0,5,0,1,1,1,1,0,0,2019,2019-04-05,340,283,65,84,14,1,21,64,43,2,57,5,5,4,5,5,1,1
9,39,31,7,11,1,2,1,7,3,0,9,1,1,3,0,2,0,1,2019,2019-04-06,379,314,72,95,15,3,22,71,46,2,66,6,6,7,5,7,1,2
10,48,35,12,12,5,0,2,9,10,1,4,0,2,1,1,2,0,0,2019,2019-04-07,427,349,84,107,20,3,24,80,56,3,70,6,8,8,6,9,1,2
11,36,30,3,5,2,0,0,3,3,0,5,3,0,0,0,1,0,0,2019,2019-04-08,463,379,87,112,22,3,24,83,59,3,75,9,8,8,6,10,1,2
12,40,32,0,7,2,0,0,0,8,1,11,0,0,0,0,1,0,0,2019,2019-04-09,503,411,87,119,24,3,24,83,67,4,86,9,8,8,6,11,1,2
13,33,31,2,5,0,0,2,2,1,0,11,1,0,0,0,1,0,0,2019,2019-04-10,536,442,89,124,24,3,26,85,68,4,97,10,8,8,6,12,1,2
14,39,35,7,10,1,1,3,7,1,0,11,1,0,2,0,0,0,0,2019,2019-04-11,575,477,96,134,25,4,29,92,69,4,108,11,8,10,6,12,1,2
15,43,37,5,12,3,0,3,5,4,0,6,0,2,0,0,0,1,0,2019,2019-04-12,618,514,101,146,28,4,32,97,73,4,114,11,10,10,6,12,2,2
16,32,32,1,8,0,0,1,1,0,0,6,0,0,0,0,3,1,0,2019,2019-04-13,650,546,102,154,28,4,33,98,73,4,120,11,10,10,6,15,3,2
17,40,35,7,11,2,0,2,7,5,0,8,0,0,0,0,0,1,0,2019,2019-04-14,690,581,109,165,30,4,35,105,78,4,128,11,10,10,6,15,4,2
18,37,29,4,5,1,0,1,4,6,0,10,1,1,0,1,0,0,0,2019,2019-04-15,727,610,113,170,31,4,36,109,84,4,138,12,11,10,7,15,4,2
19,36,35,6,13,3,0,1,6,1,1,5,0,0,0,0,2,0,0,2019,2019-04-16,763,645,119,183,34,4,37,115,85,5,143,12,11,10,7,17,4,2
20,29,27,3,3,0,0,1,3,2,1,11,0,0,0,0,0,1,0,2019,2019-04-17,792,672,122,186,34,4,38,118,87,6,154,12,11,10,7,17,5,2
21,35,30,3,6,1,1,2,3,4,0,5,0,1,0,0,0,0,1,2019,2019-04-18,827,702,125,192,35,5,40,121,91,6,159,12,12,10,7,17,5,3
22,42,32,5,7,1,0,1,5,9,1,10,0,0,1,0,1,0,0,2019,2019-04-19,869,734,130,199,36,5,41,126,100,7,169,12,12,11,7,18,5,3
23,34,29,0,2,0,0,0,0,5,0,8,0,0,0,0,0,0,0,2019,2019-04-20,903,763,130,201,36,5,41,126,105,7,177,12,12,11,7,18,5,3
24,41,36,6,10,2,0,3,6,5,0,12,0,0,0,0,0,1,1,2019,2019-04-21,944,799,136,211,38,5,44,132,110,7,189,12,12,11,7,18,6,4
25,36,33,2,7,2,0,0,2,2,0,11,0,1,0,0,0,0,0,2019,2019-04-23,980,832,138,218,40,5,44,134,112,7,200,12,13,11,7,18,6,4
26,38,31,6,6,0,0,2,6,7,0,10,0,0,0,0,2,0,0,2019,2019-04-24,1018,863,144,224,40,5,46,140,119,7,210,12,13,11,7,20,6,4
27,35,30,2,4,1,1,0,1,3,0,10,1,0,1,1,1,0,0,2019,2019-04-25,1053,893,146,228,41,6,46,141,122,7,220,13,13,12,8,21,6,4
28,37,31,6,9,1,0,2,6,5,0,10,0,1,0,0,0,0,0,2019,2019-04-26,1090,924,152,237,42,6,48,147,127,7,230,13,14,12,8,21,6,4
29,33,29,3,6,0,1,0,3,2,0,7,1,0,1,1,1,1,0,2019,2019-04-27,1123,953,155,243,42,7,48,150,129,7,237,14,14,13,9,22,7,4
30,36,32,7,10,1,1,1,7,2,0,7,0,1,1,0,1,0,0,2019,2019-04-28,1159,985,162,253,43,8,49,157,131,7,244,14,15,14,9,23,7,4
31,37,34,2,9,1,0,0,2,3,0,4,0,0,0,0,0,0,0,2019,2019-04-29,1196,1019,164,262,44,8,49,159,134,7,248,14,15,14,9,23,7,4
32,42,37,10,10,2,0,3,10,5,0,6,0,0,0,0,0,0,0,2019,2019-04-30,1238,1056,174,272,46,8,52,169,139,7,254,14,15,14,9,23,7,4
33,36,34,1,6,1,0,0,1,2,0,12,0,0,0,2,1,3,0,2019,2019-05-01,1274,1090,175,278,47,8,52,170,141,7,266,14,15,14,11,24,10,4
34,38,35,4,9,2,0,2,4,2,0,13,0,0,1,0,0,0,0,2019,2019-05-03,1312,1125,179,287,49,8,54,174,143,7,279,14,15,15,11,24,10,4
35,44,38,7,11,2,0,1,7,5,0,10,1,0,0,0,0,0,0,2019,2019-05-04,1356,1163,186,298,51,8,55,181,148,7,289,15,15,15,11,24,10,4
36,39,33,5,8,3,0,2,5,4,0,3,1,1,0,0,1,0,0,2019,2019-05-05,1395,1196,191,306,54,8,57,186,152,7,292,16,16,15,11,25,10,4
37,38,32,5,9,2,0,0,4,5,0,9,0,0,1,0,0,1,0,2019,2019-05-06,1433,1228,196,315,56,8,57,190,157,7,301,16,16,16,11,25,11,4
38,39,33,9,11,1,0,3,9,3,0,5,1,1,1,0,0,0,0,2019,2019-05-07,1472,1261,205,326,57,8,60,199,160,7,306,17,17,17,11,25,11,4
39,40,33,9,9,1,0,3,8,7,2,5,0,0,0,0,0,1,0,2019,2019-05-08,1512,1294,214,335,58,8,63,207,167,9,311,17,17,17,11,25,12,4
40,36,31,0,6,0,0,0,0,4,0,9,1,0,0,0,2,0,0,2019,2019-05-09,1548,1325,214,341,58,8,63,207,171,9,320,18,17,17,11,27,12,4
41,37,33,5,9,1,1,3,5,4,1,6,0,0,0,0,0,2,0,2019,2019-05-10,1585,1358,219,350,59,9,66,212,175,10,326,18,17,17,11,27,14,4
42,35,31,2,5,1,0,1,2,2,0,8,2,0,0,0,1,0,0,2019,2019-05-11,1620,1389,221,355,60,9,67,214,177,10,334,20,17,17,11,28,14,4
43,36,28,6,7,1,0,1,6,4,1,8,1,2,1,0,0,1,0,2019,2019-05-12,1656,1417,227,362,61,9,68,220,181,11,342,21,19,18,11,28,15,4
44,35,32,6,8,2,0,2,6,1,0,5,1,1,0,1,0,0,0,2019,2019-05-14,1691,1449,233,370,63,9,70,226,182,11,347,22,20,18,12,28,15,4
45,37,32,2,8,2,0,0,2,2,0,6,2,1,0,1,0,1,0,2019,2019-05-15,1728,1481,235,378,65,9,70,228,184,11,353,24,21,18,13,28,16,4
46,38,36,6,10,2,0,4,6,2,1,8,0,0,0,0,2,0,0,2019,2019-05-17,1766,1517,241,388,67,9,74,234,186,12,361,24,21,18,13,30,16,4
47,36,33,0,6,0,0,0,0,2,0,9,1,0,0,0,0,0,0,2019,2019-05-18,1802,1550,241,394,67,9,74,234,188,12,370,25,21,18,13,30,16,4
48,43,34,8,6,2,0,2,7,9,1,13,0,0,0,0,0,0,0,2019,2019-05-19,1845,1584,249,400,69,9,76,241,197,13,383,25,21,18,13,30,16,4
49,44,38,7,12,3,0,0,6,5,1,8,0,0,1,0,0,2,0,2019,2019-05-21,1889,1622,256,412,72,9,76,247,202,14,391,25,21,19,13,30,18,4
50,35,31,1,5,0,0,1,1,3,0,6,1,0,0,0,0,0,0,2019,2019-05-22,1924,1653,257,417,72,9,77,248,205,14,397,26,21,19,13,30,18,4
51,44,39,10,13,4,1,2,10,5,0,6,0,0,0,1,2,1,0,2019,2019-05-24,1968,1692,267,430,76,10,79,258,210,14,403,26,21,19,14,32,19,4
52,43,37,7,13,8,0,0,7,4,0,3,0,1,1,0,0,0,0,2019,2019-05-25,2011,1729,274,443,84,10,79,265,214,14,406,26,22,20,14,32,19,4
53,50,36,11,12,1,0,2,11,8,0,4,3,2,1,1,1,0,0,2019,2019-05-26,2061,1765,285,455,85,10,81,276,222,14,410,29,24,21,15,33,19,4
54,44,40,9,17,1,0,3,9,2,1,3,1,0,1,0,0,0,0,2019,2019-05-27,2105,1805,294,472,86,10,84,285,224,15,413,30,24,22,15,33,19,4
55,39,34,3,8,2,0,1,3,5,0,9,0,0,0,0,1,0,0,2019,2019-05-28,2144,1839,297,480,88,10,85,288,229,15,422,30,24,22,15,34,19,4
56,43,38,9,15,8,0,3,9,4,1,5,0,0,1,0,0,1,0,2019,2019-05-29,2187,1877,306,495,96,10,88,297,233,16,427,30,24,23,15,34,20,4
57,34,31,2,9,2,1,0,2,3,0,7,0,0,0,0,2,1,0,2019,2019-05-30,2221,1908,308,504,98,11,88,299,236,16,434,30,24,23,15,36,21,4
58,36,35,6,12,0,0,4,6,1,0,7,0,0,0,0,0,0,1,2019,2019-05-31,2257,1943,314,516,98,11,92,305,237,16,441,30,24,23,15,36,21,5
59,35,30,4,8,0,0,2,4,4,1,7,0,0,1,0,1,0,1,2019,2019-06-01,2292,1973,318,524,98,11,94,309,241,17,448,30,24,24,15,37,21,6
60,38,32,8,10,3,0,2,7,4,0,9,0,1,1,1,1,1,0,2019,2019-06-02,2330,2005,326,534,101,11,96,316,245,17,457,30,25,25,16,38,22,6
61,34,33,3,7,1,0,1,3,1,0,12,0,0,0,0,0,1,0,2019,2019-06-03,2364,2038,329,541,102,11,97,319,246,17,469,30,25,25,16,38,23,6
62,43,38,9,12,6,1,1,8,4,2,9,0,1,0,1,0,0,0,2019,2019-06-04,2407,2076,338,553,108,12,98,327,250,19,478,30,26,25,17,38,23,6
63,42,39,2,7,1,0,1,2,3,0,9,0,0,0,0,1,0,0,2019,2019-06-05,2449,2115,340,560,109,12,99,329,253,19,487,30,26,25,17,39,23,6
64,34,32,1,6,0,0,1,1,2,0,11,0,0,0,0,0,0,0,2019,2019-06-07,2483,2147,341,566,109,12,100,330,255,19,498,30,26,25,17,39,23,6
65,47,39,7,11,6,0,0,7,6,3,10,1,0,1,1,0,0,0,2019,2019-06-08,2530,2186,348,577,115,12,100,337,261,22,508,31,26,26,18,39,23,6
66,32,30,1,6,0,0,1,1,2,0,7,0,0,0,0,2,0,1,2019,2019-06-09,2562,2216,349,583,115,12,101,338,263,22,515,31,26,26,18,41,23,7
67,37,34,3,8,3,0,0,3,1,0,7,2,0,0,0,1,0,0,2019,2019-06-10,2599,2250,352,591,118,12,101,341,264,22,522,33,26,26,18,42,23,7
68,45,39,3,12,0,0,3,3,5,0,10,1,0,0,0,0,0,0,2019,2019-06-11,2644,2289,355,603,118,12,104,344,269,22,532,34,26,26,18,42,23,7
69,36,32,7,11,1,0,4,7,3,0,9,0,1,0,0,2,0,0,2019,2019-06-13,2680,2321,362,614,119,12,108,351,272,22,541,34,27,26,18,44,23,7
70,37,31,5,7,2,0,2,5,6,0,6,0,0,0,0,0,0,0,2019,2019-06-14,2717,2352,367,621,121,12,110,356,278,22,547,34,27,26,18,44,23,7
71,33,31,1,5,0,0,1,1,2,0,12,0,0,0,0,0,1,0,2019,2019-06-15,2750,2383,368,626,121,12,111,357,280,22,559,34,27,26,18,44,24,7
72,36,31,3,7,2,0,1,3,5,1,6,0,0,0,0,0,0,0,2019,2019-06-16,2786,2414,371,633,123,12,112,360,285,23,565,34,27,26,18,44,24,7
73,37,32,2,5,1,0,1,2,5,0,9,0,0,0,0,0,0,0,2019,2019-06-17,2823,2446,373,638,124,12,113,362,290,23,574,34,27,26,18,44,24,7
74,43,36,9,14,3,0,2,9,5,1,4,0,2,0,0,0,0,0,2019,2019-06-18,2866,2482,382,652,127,12,115,371,295,24,578,34,29,26,18,44,24,7
75,37,35,9,13,2,0,4,9,1,0,7,0,0,1,0,0,0,0,2019,2019-06-19,2903,2517,391,665,129,12,119,380,296,24,585,34,29,27,18,44,24,7
76,43,38,9,16,4,0,3,9,2,0,8,2,1,0,0,1,2,0,2019,2019-06-20,2946,2555,400,681,133,12,122,389,298,24,593,36,30,27,18,45,26,7
77,33,31,4,6,1,0,2,4,1,0,9,0,0,1,0,0,0,0,2019,2019-06-21,2979,2586,404,687,134,12,124,393,299,24,602,36,30,28,18,45,26,7
78,47,42,5,14,4,0,2,5,3,0,9,0,2,0,1,1,0,0,2019,2019-06-22,3026,2628,409,701,138,12,126,398,302,24,611,36,32,28,19,46,26,7
79,37,34,6,7,2,0,2,6,3,1,6,0,0,0,1,0,0,0,2019,2019-06-23,3063,2662,415,708,140,12,128,404,305,25,617,36,32,28,20,46,26,7
80,42,37,5,10,2,0,0,5,3,2,11,2,0,0,1,1,0,0,2019,2019-06-24,3105,2699,420,718,142,12,128,409,308,27,628,38,32,28,21,47,26,7
81,36,30,3,5,2,0,2,3,4,1,10,1,1,0,0,0,3,0,2019,2019-06-25,3141,2729,423,723,144,12,130,412,312,28,638,39,33,28,21,47,29,7
82,35,30,2,5,2,0,1,2,4,0,7,0,0,1,1,2,0,0,2019,2019-06-26,3176,2759,425,728,146,12,131,414,316,28,645,39,33,29,22,49,29,7
83,46,44,12,17,3,0,6,12,2,0,6,0,0,0,0,0,0,0,2019,2019-06-27,3222,2803,437,745,149,12,137,426,318,28,651,39,33,29,22,49,29,7
84,45,38,9,9,3,0,2,7,7,1,5,0,0,0,2,1,0,0,2019,2019-06-28,3267,2841,446,754,152,12,139,433,325,29,656,39,33,29,24,50,29,7
85,38,34,3,8,1,1,0,3,2,0,13,1,1,0,1,1,0,0,2019,2019-06-29,3305,2875,449,762,153,13,139,436,327,29,669,40,34,29,25,51,29,7
86,47,40,10,14,4,0,0,10,5,0,8,1,1,0,1,1,0,0,2019,2019-06-30,3352,2915,459,776,157,13,139,446,332,29,677,41,35,29,26,52,29,7
87,40,32,5,7,2,1,1,5,8,0,5,0,0,0,0,0,0,0,2019,2019-07-02,3392,2947,464,783,159,14,140,451,340,29,682,41,35,29,26,52,29,7
88,40,37,5,10,1,0,2,5,3,0,9,0,0,0,0,1,0,0,2019,2019-07-03,3432,2984,469,793,160,14,142,456,343,29,691,41,35,29,26,53,29,7
89,34,28,5,6,1,0,2,5,2,0,11,2,0,2,0,0,0,0,2019,2019-07-04,3466,3012,474,799,161,14,144,461,345,29,702,43,35,31,26,53,29,7
90,37,34,2,6,1,0,0,2,1,0,9,1,1,0,2,2,0,0,2019,2019-07-05,3503,3046,476,805,162,14,144,463,346,29,711,44,36,31,28,55,29,7
91,35,33,1,6,2,0,0,0,1,0,8,1,0,0,0,0,0,0,2019,2019-07-06,3538,3079,477,811,164,14,144,463,347,29,719,45,36,31,28,55,29,7
92,33,33,3,7,1,0,2,3,0,0,7,0,0,0,0,1,1,0,2019,2019-07-07,3571,3112,480,818,165,14,146,466,347,29,726,45,36,31,28,56,30,7
93,34,32,1,5,0,0,1,1,2,0,12,0,0,0,0,0,0,0,2019,2019-07-12,3605,3144,481,823,165,14,147,467,349,29,738,45,36,31,28,56,30,7
94,46,39,11,14,3,1,4,10,4,0,12,2,0,1,0,1,0,0,2019,2019-07-13,3651,3183,492,837,168,15,151,477,353,29,750,47,36,32,28,57,30,7
95,55,45,7,9,2,0,1,7,7,1,15,2,0,0,1,0,0,0,2019,2019-07-14,3706,3228,499,846,170,15,152,484,360,30,765,49,36,32,29,57,30,7
96,53,44,16,19,5,0,4,15,5,0,7,1,2,1,1,0,2,0,2019,2019-07-15,3759,3272,515,865,175,15,156,499,365,30,772,50,38,33,30,57,32,7
97,37,34,8,7,0,0,5,8,2,0,12,1,0,0,1,1,0,0,2019,2019-07-16,3796,3306,523,872,175,15,161,507,367,30,784,51,38,33,31,58,32,7
98,46,33,7,7,0,0,2,7,10,0,13,2,0,1,0,0,1,0,2019,2019-07-17,3842,3339,530,879,175,15,163,514,377,30,797,53,38,34,31,58,33,7
99,39,36,6,10,2,0,4,6,3,1,9,0,0,0,0,1,0,0,2019,2019-07-18,3881,3375,536,889,177,15,167,520,380,31,806,53,38,34,31,59,33,7
100,35,31,2,6,1,0,0,1,4,0,6,0,0,0,1,0,1,0,2019,2019-07-19,3916,3406,538,895,178,15,167,521,384,31,812,53,38,34,32,59,34,7
101,41,34,10,12,3,0,3,10,7,0,6,0,0,0,0,1,0,0,2019,2019-07-20,3957,3440,548,907,181,15,170,531,391,31,818,53,38,34,32,60,34,7
102,37,34,9,9,1,0,3,9,3,0,9,0,0,0,1,0,1,0,2019,2019-07-21,3994,3474,557,916,182,15,173,540,394,31,827,53,38,34,33,60,35,7
103,42,33,4,9,1,0,0,4,7,0,10,0,0,2,1,0,0,0,2019,2019-07-23,4036,3507,561,925,183,15,173,544,401,31,837,53,38,36,34,60,35,7
104,35,30,2,5,0,0,1,2,5,0,5,0,0,0,0,2,0,0,2019,2019-07-24,4071,3537,563,930,183,15,174,546,406,31,842,53,38,36,34,62,35,7
105,35,32,4,5,0,0,1,4,3,0,7,0,0,0,0,0,0,0,2019,2019-07-26,4106,3569,567,935,183,15,175,550,409,31,849,53,38,36,34,62,35,7
106,41,35,9,10,4,0,1,9,4,1,12,0,1,1,0,0,0,0,2019,2019-07-27,4147,3604,576,945,187,15,176,559,413,32,861,53,39,37,34,62,35,7
107,35,30,4,4,2,0,1,4,3,0,9,2,0,0,0,0,0,0,2019,2019-07-28,4182,3634,580,949,189,15,177,563,416,32,870,55,39,37,34,62,35,7
108,33,30,1,4,2,0,0,1,3,0,6,0,0,0,0,1,0,0,2019,2019-07-29,4215,3664,581,953,191,15,177,564,419,32,876,55,39,37,34,63,35,7
109,40,35,9,9,2,0,4,8,5,0,9,0,0,0,0,0,0,1,2019,2019-07-30,4255,3699,590,962,193,15,181,572,424,32,885,55,39,37,34,63,35,8
110,39,35,5,8,1,0,2,5,4,0,16,0,0,0,1,1,0,0,2019,2019-07-31,4294,3734,595,970,194,15,183,577,428,32,901,55,39,37,35,64,35,8
111,37,32,8,11,4,0,2,8,4,0,8,0,1,0,0,1,0,0,2019,2019-08-01,4331,3766,603,981,198,15,185,585,432,32,909,55,40,37,35,65,35,8
112,31,31,2,4,0,0,1,2,0,0,8,0,0,0,0,0,0,0,2019,2019-08-02,4362,3797,605,985,198,15,186,587,432,32,917,55,40,37,35,65,35,8
113,33,30,4,7,2,0,1,4,2,0,5,0,1,0,0,0,0,0,2019,2019-08-03,4395,3827,609,992,200,15,187,591,434,32,922,55,41,37,35,65,35,8
114,40,36,11,11,5,0,3,11,3,0,10,1,0,0,1,1,0,0,2019,2019-08-04,4435,3863,620,1003,205,15,190,602,437,32,932,56,41,37,36,66,35,8
115,41,34,8,12,3,0,2,8,6,0,5,0,1,0,0,0,1,0,2019,2019-08-05,4476,3897,628,1015,208,15,192,610,443,32,937,56,42,37,36,66,36,8
116,33,31,3,7,2,0,0,3,2,0,8,0,0,0,0,0,0,0,2019,2019-08-06,4509,3928,631,1022,210,15,192,613,445,32,945,56,42,37,36,66,36,8
117,35,33,2,7,2,0,0,2,1,0,13,1,0,0,0,0,0,0,2019,2019-08-07,4544,3961,633,1029,212,15,192,615,446,32,958,57,42,37,36,66,36,8
118,39,33,2,2,2,0,0,2,4,1,10,0,1,1,0,0,0,0,2019,2019-08-09,4583,3994,635,1031,214,15,192,617,450,33,968,57,43,38,36,66,36,8
119,36,29,4,6,1,0,1,4,5,1,6,0,2,0,0,0,0,0,2019,2019-08-10,4619,4023,639,1037,215,15,193,621,455,34,974,57,45,38,36,66,36,8
120,40,34,9,14,4,0,4,8,3,1,4,1,1,1,0,2,0,0,2019,2019-08-11,4659,4057,648,1051,219,15,197,629,458,35,978,58,46,39,36,68,36,8
121,48,43,15,15,6,1,6,14,5,0,7,0,0,0,1,0,0,0,2019,2019-08-13,4707,4100,663,1066,225,16,203,643,463,35,985,58,46,39,37,68,36,8
122,43,37,9,12,2,0,4,9,4,0,9,1,1,0,0,0,0,0,2019,2019-08-14,4750,4137,672,1078,227,16,207,652,467,35,994,59,47,39,37,68,36,8
123,43,34,7,7,0,0,4,7,7,0,6,2,0,0,0,0,1,0,2019,2019-08-15,4793,4171,679,1085,227,16,211,659,474,35,1000,61,47,39,37,68,37,8
124,39,35,8,11,3,0,4,8,4,0,8,0,0,0,0,3,0,0,2019,2019-08-16,4832,4206,687,1096,230,16,215,667,478,35,1008,61,47,39,37,71,37,8
125,40,36,3,9,1,0,2,3,4,0,11,0,0,0,1,0,1,0,2019,2019-08-17,4872,4242,690,1105,231,16,217,670,482,35,1019,61,47,39,38,71,38,8
126,37,34,3,9,1,0,1,3,3,1,10,0,0,0,0,1,0,0,2019,2019-08-18,4909,4276,693,1114,232,16,218,673,485,36,1029,61,47,39,38,72,38,8
127,47,37,16,15,5,0,5,16,10,1,8,0,0,0,0,0,0,0,2019,2019-08-20,4956,4313,709,1129,237,16,223,689,495,37,1037,61,47,39,38,72,38,8
128,38,31,2,6,1,1,2,2,7,1,10,0,0,0,0,1,1,0,2019,2019-08-21,4994,4344,711,1135,238,17,225,691,502,38,1047,61,47,39,38,73,39,8
129,33,29,3,4,2,0,0,3,3,0,6,1,0,0,0,0,0,0,2019,2019-08-22,5027,4373,714,1139,240,17,225,694,505,38,1053,62,47,39,38,73,39,8
130,34,32,2,6,3,0,0,2,1,0,15,0,1,0,0,0,0,0,2019,2019-08-23,5061,4405,716,1145,243,17,225,696,506,38,1068,62,48,39,38,73,39,8
131,32,30,2,6,0,0,1,2,2,0,12,0,0,0,0,0,2,0,2019,2019-08-24,5093,4435,718,1151,243,17,226,698,508,38,1080,62,48,39,38,73,41,8
132,35,31,1,5,3,0,1,1,3,0,12,1,0,0,0,0,0,1,2019,2019-08-25,5128,4466,719,1156,246,17,227,699,511,38,1092,63,48,39,38,73,41,9
133,39,34,3,7,2,0,2,3,4,1,13,1,0,0,0,0,0,0,2019,2019-08-26,5167,4500,722,1163,248,17,229,702,515,39,1105,64,48,39,38,73,41,9
134,42,39,9,14,2,0,2,9,3,0,4,0,0,0,1,2,1,0,2019,2019-08-27,5209,4539,731,1177,250,17,231,711,518,39,1109,64,48,39,39,75,42,9
135,47,38,6,9,2,0,0,5,8,1,11,1,0,0,1,1,1,0,2019,2019-08-28,5256,4577,737,1186,252,17,231,716,526,40,1120,65,48,39,40,76,43,9
136,40,32,5,7,3,0,1,5,6,2,7,0,0,2,0,0,0,0,2019,2019-08-29,5296,4609,742,1193,255,17,232,721,532,42,1127,65,48,41,40,76,43,9
137,39,37,4,10,3,1,0,4,1,0,11,1,0,0,0,0,0,0,2019,2019-08-30,5335,4646,746,1203,258,18,232,725,533,42,1138,66,48,41,40,76,43,9
138,37,32,5,10,4,0,2,4,4,0,7,0,0,1,0,3,0,0,2019,2019-08-31,5372,4678,751,1213,262,18,234,729,537,42,1145,66,48,42,40,79,43,9
139,41,41,4,9,2,0,4,4,0,0,10,0,0,0,0,1,0,0,2019,2019-09-01,5413,4719,755,1222,264,18,238,733,537,42,1155,66,48,42,40,80,43,9
140,48,40,16,17,4,0,7,16,6,2,6,1,1,0,1,1,2,0,2019,2019-09-02,5461,4759,771,1239,268,18,245,749,543,44,1161,67,49,42,41,81,45,9
141,32,29,5,6,0,0,3,5,3,0,4,0,0,0,0,1,0,0,2019,2019-09-03,5493,4788,776,1245,268,18,248,754,546,44,1165,67,49,42,41,82,45,9
142,34,31,7,8,0,0,2,7,2,0,8,0,1,0,0,0,0,0,2019,2019-09-04,5527,4819,783,1253,268,18,250,761,548,44,1173,67,50,42,41,82,45,9
143,35,33,4,6,1,0,3,4,2,0,8,0,0,0,0,0,0,0,2019,2019-09-06,5562,4852,787,1259,269,18,253,765,550,44,1181,67,50,42,41,82,45,9
144,34,29,0,4,0,0,0,0,4,0,7,1,0,0,0,2,0,0,2019,2019-09-07,5596,4881,787,1263,269,18,253,765,554,44,1188,68,50,42,41,84,45,9
145,33,28,5,5,1,0,2,5,3,0,7,0,2,0,1,0,0,0,2019,2019-09-08,5629,4909,792,1268,270,18,255,770,557,44,1195,68,52,42,42,84,45,9
146,44,38,7,13,3,0,3,7,4,0,8,2,0,0,0,2,0,0,2019,2019-09-10,5673,4947,799,1281,273,18,258,777,561,44,1203,70,52,42,42,86,45,9
147,34,32,3,6,1,0,1,3,2,0,8,0,0,0,0,1,0,0,2019,2019-09-11,5707,4979,802,1287,274,18,259,780,563,44,1211,70,52,42,42,87,45,9
148,37,34,4,6,2,0,0,2,2,0,8,1,0,0,1,1,4,0,2019,2019-09-12,5744,5013,806,1293,276,18,259,782,565,44,1219,71,52,42,43,88,49,9
149,41,38,9,11,1,0,2,9,3,0,6,0,0,0,0,0,1,0,2019,2019-09-13,5785,5051,815,1304,277,18,261,791,568,44,1225,71,52,42,43,88,50,9
150,31,30,0,3,0,0,0,0,0,0,12,1,0,0,0,0,0,0,2019,2019-09-14,5816,5081,815,1307,277,18,261,791,568,44,1237,72,52,42,43,88,50,9
151,38,36,3,9,4,0,0,3,2,1,13,0,0,0,0,0,0,0,2019,2019-09-15,5854,5117,818,1316,281,18,261,794,570,45,1250,72,52,42,43,88,50,9
152,35,31,7,6,4,0,0,7,3,0,8,1,0,0,1,0,1,0,2019,2019-09-17,5889,5148,825,1322,285,18,261,801,573,45,1258,73,52,42,44,88,51,9
153,47,44,7,12,2,0,1,6,2,1,13,0,0,1,1,1,1,0,2019,2019-09-18,5936,5192,832,1334,287,18,262,807,575,46,1271,73,52,43,45,89,52,9
154,43,33,12,13,3,0,2,12,4,0,7,3,2,1,0,1,3,0,2019,2019-09-20,5979,5225,844,1347,290,18,264,819,579,46,1278,76,54,44,45,90,55,9
155,34,33,2,6,1,1,0,2,1,0,12,0,0,0,1,0,0,0,2019,2019-09-21,6013,5258,846,1353,291,19,264,821,580,46,1290,76,54,44,46,90,55,9
156,39,34,7,11,1,0,4,7,5,0,7,0,0,0,0,1,0,0,2019,2019-09-22,6052,5292,853,1364,292,19,268,828,585,46,1297,76,54,44,46,91,55,9
157,39,33,6,7,2,0,2,6,5,0,8,1,0,0,0,1,0,0,2019,2019-09-24,6091,5325,859,1371,294,19,270,834,590,46,1305,77,54,44,46,92,55,9
158,38,34,6,10,2,0,4,6,2,0,13,1,0,1,0,1,1,1,2019,2019-09-25,6129,5359,865,1381,296,19,274,840,592,46,1318,78,54,45,46,93,56,10
159,33,30,1,5,1,0,0,1,2,0,11,0,1,0,1,2,0,0,2019,2019-09-26,6162,5389,866,1386,297,19,274,841,594,46,1329,78,55,45,47,95,56,10
160,39,35,9,9,2,1,3,9,3,1,10,1,0,0,0,2,1,0,2019,2019-09-27,6201,5424,875,1395,299,20,277,850,597,47,1339,79,55,45,47,97,57,10
161,33,32,2,7,2,0,1,2,1,0,9,0,0,0,0,1,0,0,2019,2019-09-28,6234,5456,877,1402,301,20,278,852,598,47,1348,79,55,45,47,98,57,10
162,48,37,9,12,1,0,1,9,9,0,8,2,0,0,0,2,0,0,2019,2019-09-29,6282,5493,886,1414,302,20,279,861,607,47,1356,81,55,45,47,100,57,10
1,36,31,0,6,0,0,0,0,5,0,10,0,0,0,0,2,2,0,2018,2018-03-29,36,31,0,6,0,0,0,0,5,0,10,0,0,0,0,2,2,0
2,27,27,0,1,0,0,0,0,0,0,8,0,0,0,0,1,0,0,2018,2018-03-30,63,58,0,7,0,0,0,0,5,0,18,0,0,0,0,3,2,0
3,31,26,5,4,1,1,0,3,3,0,5,0,0,2,2,2,0,0,2018,2018-03-31,94,84,5,11,1,1,0,3,8,0,23,0,0,2,2,5,2,0
4,37,36,9,13,3,0,1,8,0,0,7,1,0,0,0,0,0,1,2018,2018-04-01,131,120,14,24,4,1,1,11,8,0,30,1,0,2,2,5,2,1
5,71,61,7,19,2,0,2,7,8,1,11,0,2,0,0,1,0,0,2018,2018-04-02,202,181,21,43,6,1,3,18,16,1,41,1,2,2,2,6,2,1
6,32,29,1,4,2,0,0,1,1,0,4,0,1,1,0,0,0,0,2018,2018-04-03,234,210,22,47,8,1,3,19,17,1,45,1,3,3,2,6,2,1
7,31,28,0,1,1,0,0,0,3,0,15,0,0,0,0,0,0,0,2018,2018-04-04,265,238,22,48,9,1,3,19,20,1,60,1,3,3,2,6,2,1
8,62,53,5,12,1,0,1,4,9,1,10,0,0,0,1,2,0,0,2018,2018-04-07,327,291,27,60,10,1,4,23,29,2,70,1,3,3,3,8,2,1
9,41,37,2,10,2,0,0,2,4,1,5,0,0,0,0,2,1,1,2018,2018-04-08,368,328,29,70,12,1,4,25,33,3,75,1,3,3,3,10,3,2
10,35,33,4,11,2,0,3,4,2,0,9,0,0,0,0,1,0,0,2018,2018-04-10,403,361,33,81,14,1,7,29,35,3,84,1,3,3,3,11,3,2
11,40,39,6,12,3,0,2,6,0,0,5,0,0,1,1,0,0,0,2018,2018-04-11,443,400,39,93,17,1,9,35,35,3,89,1,3,4,4,11,3,2
12,41,37,7,11,1,0,2,7,3,0,8,1,0,0,0,1,0,0,2018,2018-04-13,484,437,46,104,18,1,11,42,38,3,97,2,3,4,4,12,3,2
13,36,34,1,8,3,0,0,1,2,0,5,0,0,0,0,0,0,1,2018,2018-04-14,520,471,47,112,21,1,11,43,40,3,102,2,3,4,4,12,3,3
14,40,32,7,8,2,0,1,7,7,0,13,0,0,1,1,0,0,0,2018,2018-04-15,560,503,54,120,23,1,12,50,47,3,115,2,3,5,5,12,3,3
15,43,36,10,9,2,1,2,10,7,1,11,0,0,0,2,1,0,0,2018,2018-04-16,603,539,64,129,25,2,14,60,54,4,126,2,3,5,7,13,3,3
16,54,46,7,11,3,1,1,7,6,2,8,1,0,1,1,1,1,0,2018,2018-04-17,657,585,71,140,28,3,15,67,60,6,134,3,3,6,8,14,4,3
17,48,44,13,18,5,0,1,11,3,0,11,0,1,0,0,0,0,0,2018,2018-04-18,705,629,84,158,33,3,16,78,63,6,145,3,4,6,8,14,4,3
18,38,32,2,6,1,1,0,2,4,0,12,2,0,0,0,1,0,0,2018,2018-04-20,743,661,86,164,34,4,16,80,67,6,157,5,4,6,8,15,4,3
19,33,29,4,7,0,0,3,4,3,1,10,1,0,0,0,1,1,1,2018,2018-04-21,776,690,90,171,34,4,19,84,70,7,167,6,4,6,8,16,5,4
20,32,26,4,5,4,0,0,4,4,0,8,1,0,1,0,0,0,2,2018,2018-04-22,808,716,94,176,38,4,19,88,74,7,175,7,4,7,8,16,5,6
21,32,29,2,6,2,0,1,2,2,0,11,0,0,1,0,0,0,0,2018,2018-04-23,840,745,96,182,40,4,20,90,76,7,186,7,4,8,8,16,5,6
22,37,32,2,5,3,0,0,2,5,0,7,0,0,0,0,0,0,0,2018,2018-04-24,877,777,98,187,43,4,20,92,81,7,193,7,4,8,8,16,5,6
23,40,36,6,9,1,1,2,6,4,0,12,0,0,0,0,0,0,0,2018,2018-04-25,917,813,104,196,44,5,22,98,85,7,205,7,4,8,8,16,5,6
24,41,33,4,8,3,0,0,4,7,0,7,0,1,0,0,0,2,1,2018,2018-04-27,958,846,108,204,47,5,22,102,92,7,212,7,5,8,8,16,7,7
25,55,46,15,20,6,2,1,14,6,0,8,3,0,0,0,0,1,0,2018,,1013,892,123,224,53,7,23,116,98,7,220,10,5,8,8,16,8,7
26,36,30,3,5,1,0,1,2,5,0,6,0,1,0,0,1,0,0,2018,,1049,922,126,229,54,7,24,118,103,7,226,10,6,8,8,17,8,7
27,34,33,2,8,2,0,0,2,1,0,6,0,0,0,0,1,1,0,2018,2018-04-29,1083,955,128,237,56,7,24,120,104,7,232,10,6,8,8,18,9,7
28,37,33,5,7,3,1,1,5,1,0,11,2,0,1,0,0,0,0,2018,2018-04-30,1120,988,133,244,59,8,25,125,105,7,243,12,6,9,8,18,9,7
29,38,30,3,4,1,0,1,3,7,1,7,1,0,0,1,2,0,0,2018,2018-05-01,1158,1018,136,248,60,8,26,128,112,8,250,13,6,9,9,20,9,7
30,34,29,2,6,2,0,0,2,3,0,6,1,0,1,0,3,0,0,2018,2018-05-02,1192,1047,138,254,62,8,26,130,115,8,256,14,6,10,9,23,9,7
31,38,32,5,7,3,0,1,3,4,1,8,1,0,1,0,1,1,0,2018,2018-05-03,1230,1079,143,261,65,8,27,133,119,9,264,15,6,11,9,24,10,7
32,37,34,4,9,1,1,2,4,3,0,9,0,0,0,0,1,0,0,2018,2018-05-04,1267,1113,147,270,66,9,29,137,122,9,273,15,6,11,9,25,10,7
33,40,33,4,10,2,0,1,4,5,0,10,1,1,0,0,2,1,0,2018,2018-05-05,1307,1146,151,280,68,9,30,141,127,9,283,16,7,11,9,27,11,7
34,40,37,0,9,1,0,0,0,3,0,12,0,0,0,1,0,0,0,2018,2018-05-06,1347,1183,151,289,69,9,30,141,130,9,295,16,7,11,10,27,11,7
35,52,43,5,9,2,0,2,5,7,1,11,1,1,0,0,1,0,0,2018,2018-05-08,1399,1226,156,298,71,9,32,146,137,10,306,17,8,11,10,28,11,7
36,38,30,6,8,1,0,0,4,6,0,10,1,0,1,0,0,1,0,2018,2018-05-09,1437,1256,162,306,72,9,32,150,143,10,316,18,8,12,10,28,12,7
37,36,31,1,4,0,0,0,1,4,0,7,0,1,0,1,1,0,0,2018,2018-05-10,1473,1287,163,310,72,9,32,151,147,10,323,18,9,12,11,29,12,7
38,34,32,2,5,1,2,1,2,1,0,9,1,0,0,0,0,0,0,2018,2018-05-11,1507,1319,165,315,73,11,33,153,148,10,332,19,9,12,11,29,12,7
39,41,37,3,12,2,0,1,3,3,1,7,0,1,0,0,0,0,0,2018,2018-05-12,1548,1356,168,327,75,11,34,156,151,11,339,19,10,12,11,29,12,7
40,32,32,3,5,0,0,2,3,0,0,12,0,0,0,1,1,0,0,2018,2018-05-13,1580,1388,171,332,75,11,36,159,151,11,351,19,10,12,12,30,12,7
41,35,31,2,5,0,0,2,2,3,0,5,0,1,0,0,0,0,0,2018,2018-05-15,1615,1419,173,337,75,11,38,161,154,11,356,19,11,12,12,30,12,7
42,39,37,5,10,3,0,1,5,1,0,7,1,0,0,1,1,0,0,2018,2018-05-16,1654,1456,178,347,78,11,39,166,155,11,363,20,11,12,13,31,12,7
43,44,36,7,10,4,0,1,7,7,0,7,0,1,0,0,0,0,0,2018,2018-05-17,1698,1492,185,357,82,11,40,173,162,11,370,20,12,12,13,31,12,7
44,37,32,4,7,2,1,0,4,2,0,9,1,0,2,1,1,0,0,2018,,1735,1524,189,364,84,12,40,177,164,11,379,21,12,14,14,32,12,7
45,40,36,5,10,3,1,2,5,4,1,15,0,0,0,0,2,1,0,2018,,1775,1560,194,374,87,13,42,182,168,12,394,21,12,14,14,34,13,7
46,39,33,7,7,3,0,3,7,6,0,9,0,0,0,0,1,1,0,2018,2018-05-20,1814,1593,201,381,90,13,45,189,174,12,403,21,12,14,14,35,14,7
47,33,29,1,3,1,0,1,1,3,0,7,1,0,0,1,1,0,0,2018,2018-05-21,1847,1622,202,384,91,13,46,190,177,12,410,22,12,14,15,36,14,7
48,33,30,5,6,2,0,2,5,3,0,6,0,0,0,0,0,0,0,2018,2018-05-22,1880,1652,207,390,93,13,48,195,180,12,416,22,12,14,15,36,14,7
49,32,26,3,6,2,0,0,3,3,1,3,1,1,1,0,1,0,0,2018,2018-05-23,1912,1678,210,396,95,13,48,198,183,13,419,23,13,15,15,37,14,7
50,31,28,4,5,0,0,2,4,3,0,5,0,0,0,1,1,0,0,2018,2018-05-25,1943,1706,214,401,95,13,50,202,186,13,424,23,13,15,16,38,14,7
51,40,35,5,8,1,0,2,5,5,0,8,0,0,0,1,1,0,0,2018,2018-05-26,1983,1741,219,409,96,13,52,207,191,13,432,23,13,15,17,39,14,7
52,34,32,6,10,1,0,2,5,2,0,5,0,0,0,0,1,0,1,2018,2018-05-27,2017,1773,225,419,97,13,54,212,193,13,437,23,13,15,17,40,14,8
53,33,31,5,7,2,0,0,5,2,0,11,0,0,0,1,1,1,0,2018,2018-05-28,2050,1804,230,426,99,13,54,217,195,13,448,23,13,15,18,41,15,8
54,36,34,1,9,1,0,0,1,2,0,7,0,0,0,0,2,0,0,2018,2018-05-29,2086,1838,231,435,100,13,54,218,197,13,455,23,13,15,18,43,15,8
55,42,35,8,13,2,0,2,8,4,1,10,0,1,2,1,0,1,0,2018,2018-05-30,2128,1873,239,448,102,13,56,226,201,14,465,23,14,17,19,43,16,8
56,31,30,1,2,1,0,0,1,1,0,9,0,0,0,1,0,0,0,2018,2018-05-31,2159,1903,240,450,103,13,56,227,202,14,474,23,14,17,20,43,16,8
57,45,35,11,12,3,1,3,11,6,0,6,1,0,3,0,0,0,0,2018,2018-06-01,2204,1938,251,462,106,14,59,238,208,14,480,24,14,20,20,43,16,8
58,45,39,12,13,1,1,3,11,6,0,10,0,0,0,0,1,0,0,2018,2018-06-02,2249,1977,263,475,107,15,62,249,214,14,490,24,14,20,20,44,16,8
59,41,39,10,11,3,0,3,8,2,0,8,0,0,0,1,0,1,0,2018,2018-06-03,2290,2016,273,486,110,15,65,257,216,14,498,24,14,20,21,44,17,8
60,36,33,5,7,0,0,3,5,2,0,11,0,0,1,0,0,1,0,2018,2018-06-05,2326,2049,278,493,110,15,68,262,218,14,509,24,14,21,21,44,18,8
61,41,33,9,8,2,0,2,8,8,0,6,0,0,0,0,1,0,0,2018,2018-06-06,2367,2082,287,501,112,15,70,270,226,14,515,24,14,21,21,45,18,8
62,43,38,8,13,4,0,3,8,4,0,10,0,1,0,0,0,1,0,2018,2018-06-07,2410,2120,295,514,116,15,73,278,230,14,525,24,15,21,21,45,19,8
63,33,30,7,8,1,0,5,7,3,0,9,0,0,0,0,0,2,0,2018,2018-06-08,2443,2150,302,522,117,15,78,285,233,14,534,24,15,21,21,45,21,8
64,34,31,3,6,2,0,1,2,3,0,10,0,0,0,0,2,0,0,2018,2018-06-09,2477,2181,305,528,119,15,79,287,236,14,544,24,15,21,21,47,21,8
65,37,32,7,10,2,0,3,7,4,0,8,0,1,0,0,0,1,1,2018,2018-06-10,2514,2213,312,538,121,15,82,294,240,14,552,24,16,21,21,47,22,9
66,42,39,12,16,6,0,3,11,3,1,9,0,0,0,0,0,0,0,2018,2018-06-12,2556,2252,324,554,127,15,85,305,243,15,561,24,16,21,21,47,22,9
67,44,35,3,6,2,0,1,1,9,1,13,0,0,0,1,1,2,1,2018,2018-06-13,2600,2287,327,560,129,15,86,306,252,16,574,24,16,21,22,48,24,10
68,34,30,3,6,2,0,2,3,3,0,9,0,1,0,1,0,0,0,2018,2018-06-15,2634,2317,330,566,131,15,88,309,255,16,583,24,17,21,23,48,24,10
69,33,28,3,6,1,0,2,3,4,1,6,0,1,0,0,1,0,0,2018,2018-06-16,2667,2345,333,572,132,15,90,312,259,17,589,24,18,21,23,49,24,10
70,31,30,1,4,0,0,0,0,1,0,8,0,0,0,0,1,0,0,2018,2018-06-17,2698,2375,334,576,132,15,90,312,260,17,597,24,18,21,23,50,24,10
71,42,30,4,6,3,1,1,4,8,0,10,1,3,0,0,0,0,0,2018,,2740,2405,338,582,135,16,91,316,268,17,607,25,21,21,23,50,24,10
72,44,37,1,9,2,0,0,1,7,1,9,0,0,0,0,1,1,0,2018,,2784,2442,339,591,137,16,91,317,275,18,616,25,21,21,23,51,25,10
73,34,31,0,6,3,0,0,0,3,0,2,0,0,0,0,0,0,0,2018,2018-06-20,2818,2473,339,597,140,16,91,317,278,18,618,25,21,21,23,51,25,10
74,35,31,5,6,0,0,2,5,3,0,8,0,1,0,0,0,0,0,2018,2018-06-22,2853,2504,344,603,140,16,93,322,281,18,626,25,22,21,23,51,25,10
75,43,36,8,9,1,1,2,8,6,1,9,0,1,0,1,0,0,0,2018,2018-06-23,2896,2540,352,612,141,17,95,330,287,19,635,25,23,21,24,51,25,10
76,46,44,8,13,0,0,7,7,2,0,9,0,0,0,0,1,1,1,2018,2018-06-24,2942,2584,360,625,141,17,102,337,289,19,644,25,23,21,24,52,26,11
77,30,27,2,5,1,0,2,2,3,0,4,0,0,0,0,1,0,0,2018,2018-06-25,2972,2611,362,630,142,17,104,339,292,19,648,25,23,21,24,53,26,11
78,35,32,4,6,0,0,0,3,3,0,11,0,0,0,0,0,3,0,2018,2018-06-26,3007,2643,366,636,142,17,104,342,295,19,659,25,23,21,24,53,29,11
79,44,36,7,12,1,0,3,7,7,1,6,1,0,0,1,1,0,0,2018,2018-06-27,3051,2679,373,648,143,17,107,349,302,20,665,26,23,21,25,54,29,11
80,42,35,5,9,2,0,2,5,5,0,5,1,1,0,0,0,1,0,2018,2018-06-28,3093,2714,378,657,145,17,109,354,307,20,670,27,24,21,25,54,30,11
81,31,30,1,5,0,0,1,1,1,0,10,0,0,0,0,2,0,0,2018,2018-06-29,3124,2744,379,662,145,17,110,355,308,20,680,27,24,21,25,56,30,11
82,30,30,1,3,0,0,1,1,0,0,10,0,0,0,0,0,0,0,2018,2018-06-30,3154,2774,380,665,145,17,111,356,308,20,690,27,24,21,25,56,30,11
83,36,32,6,11,3,0,1,5,3,0,7,1,0,0,0,1,0,2,2018,2018-07-01,3190,2806,386,676,148,17,112,361,311,20,697,28,24,21,25,57,30,13
84,52,46,17,21,5,0,4,15,6,0,7,0,0,0,1,0,0,0,2018,2018-07-02,3242,2852,403,697,153,17,116,376,317,20,704,28,24,21,26,57,30,13
85,38,33,8,11,1,2,6,8,4,0,10,1,0,0,0,0,0,1,2018,2018-07-03,3280,2885,411,708,154,19,122,384,321,20,714,29,24,21,26,57,30,14
86,38,31,6,9,2,0,0,6,6,0,4,1,0,0,0,0,0,0,2018,2018-07-04,3318,2916,417,717,156,19,122,390,327,20,718,30,24,21,26,57,30,14
87,34,31,2,4,1,0,0,2,3,0,12,0,0,0,1,0,0,0,2018,2018-07-06,3352,2947,419,721,157,19,122,392,330,20,730,30,24,21,27,57,30,14
88,36,30,3,4,0,0,1,3,5,0,14,0,1,0,0,0,0,0,2018,2018-07-07,3388,2977,422,725,157,19,123,395,335,20,744,30,25,21,27,57,30,14
89,33,30,3,5,0,0,1,3,3,0,11,0,0,0,0,2,0,0,2018,2018-07-08,3421,3007,425,730,157,19,124,398,338,20,755,30,25,21,27,59,30,14
90,43,38,8,14,5,0,0,8,4,1,2,0,0,1,1,2,1,0,2018,2018-07-09,3464,3045,433,744,162,19,124,406,342,21,757,30,25,22,28,61,31,14
91,32,30,1,4,1,0,1,1,2,0,9,0,0,0,0,0,0,0,2018,2018-07-10,3496,3075,434,748,163,19,125,407,344,21,766,30,25,22,28,61,31,14
92,42,37,4,10,3,0,0,3,5,2,5,0,0,0,2,2,0,0,2018,2018-07-11,3538,3112,438,758,166,19,125,410,349,23,771,30,25,22,30,63,31,14
93,36,30,3,5,2,0,0,3,4,0,9,2,0,0,0,0,0,1,2018,2018-07-12,3574,3142,441,763,168,19,125,413,353,23,780,32,25,22,30,63,31,15
94,37,32,3,9,3,0,1,2,5,1,8,0,0,0,0,1,0,0,2018,2018-07-13,3611,3174,444,772,171,19,126,415,358,24,788,32,25,22,30,64,31,15
95,45,40,4,10,3,0,1,4,4,1,11,1,0,0,1,1,0,0,2018,2018-07-14,3656,3214,448,782,174,19,127,419,362,25,799,33,25,22,31,65,31,15
96,34,30,5,10,0,0,2,5,2,0,6,1,0,1,0,1,0,1,2018,2018-07-15,3690,3244,453,792,174,19,129,424,364,25,805,34,25,23,31,66,31,16
97,42,37,6,11,3,0,1,5,4,1,6,1,0,0,1,0,0,0,2018,2018-07-20,3732,3281,459,803,177,19,130,429,368,26,811,35,25,23,32,66,31,16
98,38,35,2,10,1,0,0,2,3,1,13,0,0,0,0,1,0,0,2018,2018-07-21,3770,3316,461,813,178,19,130,431,371,27,824,35,25,23,32,67,31,16
99,45,39,11,14,3,1,2,11,3,0,7,1,1,1,2,2,0,0,2018,2018-07-22,3815,3355,472,827,181,20,132,442,374,27,831,36,26,24,34,69,31,16
100,42,35,7,10,1,1,4,6,6,0,8,0,0,1,0,1,0,0,2018,2018-07-23,3857,3390,479,837,182,21,136,448,380,27,839,36,26,25,34,70,31,16
101,63,57,4,11,3,0,2,3,5,2,17,0,1,0,0,0,0,0,2018,2018-07-24,3920,3447,483,848,185,21,138,451,385,29,856,36,27,25,34,70,31,16
102,36,31,3,6,2,0,1,3,4,0,11,0,0,1,1,1,1,0,2018,2018-07-25,3956,3478,486,854,187,21,139,454,389,29,867,36,27,26,35,71,32,16
103,43,37,8,11,1,0,1,7,4,1,6,1,1,0,0,1,0,0,2018,2018-07-26,3999,3515,494,865,188,21,140,461,393,30,873,37,28,26,35,72,32,16
104,40,33,4,7,1,0,2,4,7,0,12,0,0,0,0,1,0,0,2018,2018-07-27,4039,3548,498,872,189,21,142,465,400,30,885,37,28,26,35,73,32,16
105,41,30,5,6,0,0,1,5,7,0,13,2,1,1,0,0,0,0,2018,2018-07-28,4080,3578,503,878,189,21,143,470,407,30,898,39,29,27,35,73,32,16
106,30,29,1,2,0,0,0,1,1,0,8,0,0,0,0,0,0,0,2018,2018-07-29,4110,3607,504,880,189,21,143,471,408,30,906,39,29,27,35,73,32,16
107,40,31,2,5,1,1,1,2,7,0,13,1,1,0,0,0,0,0,2018,2018-07-30,4150,3638,506,885,190,22,144,473,415,30,919,40,30,27,35,73,32,16
108,30,28,0,2,0,0,0,0,2,0,7,0,0,0,0,1,0,0,2018,2018-07-31,4180,3666,506,887,190,22,144,473,417,30,926,40,30,27,35,74,32,16
109,40,35,6,10,2,0,3,6,4,1,8,0,1,0,0,2,1,0,2018,2018-08-01,4220,3701,512,897,192,22,147,479,421,31,934,40,31,27,35,76,33,16
110,49,42,21,18,5,0,7,20,6,0,7,1,0,0,1,1,1,0,2018,2018-08-02,4269,3743,533,915,197,22,154,499,427,31,941,41,31,27,36,77,34,16
111,32,31,1,4,0,0,1,1,1,0,16,0,0,0,0,0,1,0,2018,2018-08-03,4301,3774,534,919,197,22,155,500,428,31,957,41,31,27,36,77,35,16
112,33,27,0,3,1,0,0,0,6,0,12,0,0,0,0,2,0,1,2018,2018-08-04,4334,3801,534,922,198,22,155,500,434,31,969,41,31,27,36,79,35,17
113,32,31,3,7,4,0,0,3,1,0,13,0,0,0,0,0,1,0,2018,2018-08-05,4366,3832,537,929,202,22,155,503,435,31,982,41,31,27,36,79,36,17
114,42,34,4,9,3,0,0,4,7,0,7,0,1,0,0,1,1,0,2018,2018-08-07,4408,3866,541,938,205,22,155,507,442,31,989,41,32,27,36,80,37,17
115,36,34,2,7,1,0,1,2,2,0,11,0,0,0,0,0,2,0,2018,2018-08-08,4444,3900,543,945,206,22,156,509,444,31,1000,41,32,27,36,80,39,17
116,42,39,8,13,2,0,5,8,2,0,11,0,0,1,0,0,2,0,2018,2018-08-09,4486,3939,551,958,208,22,161,517,446,31,1011,41,32,28,36,80,41,17
117,39,36,4,10,3,0,1,4,1,0,5,2,0,0,0,1,0,0,2018,2018-08-10,4525,3975,555,968,211,22,162,521,447,31,1016,43,32,28,36,81,41,17
118,35,31,2,6,1,1,1,2,3,0,11,0,1,0,0,1,1,0,2018,2018-08-11,4560,4006,557,974,212,23,163,523,450,31,1027,43,33,28,36,82,42,17
119,38,31,3,7,1,0,0,3,5,0,6,0,1,1,0,1,3,0,2018,2018-08-12,4598,4037,560,981,213,23,163,526,455,31,1033,43,34,29,36,83,45,17
120,37,34,2,8,1,0,1,2,3,0,7,0,0,0,0,0,2,0,2018,2018-08-13,4635,4071,562,989,214,23,164,528,458,31,1040,43,34,29,36,83,47,17
121,35,32,1,5,3,0,0,1,3,0,8,0,0,0,0,0,2,0,2018,2018-08-14,4670,4103,563,994,217,23,164,529,461,31,1048,43,34,29,36,83,49,17
122,55,43,4,14,5,0,0,4,10,4,13,0,0,2,0,1,1,1,2018,2018-08-15,4725,4146,567,1008,222,23,164,533,471,35,1061,43,34,31,36,84,50,18
123,42,36,11,11,0,0,5,10,5,0,6,0,0,1,1,2,0,0,2018,2018-08-17,4767,4182,578,1019,222,23,169,543,476,35,1067,43,34,32,37,86,50,18
124,41,35,4,6,0,0,3,4,5,0,8,1,0,0,0,1,1,0,2018,2018-08-18,4808,4217,582,1025,222,23,172,547,481,35,1075,44,34,32,37,87,51,18
125,51,45,12,17,3,0,2,12,5,0,3,1,0,0,1,0,5,0,2018,2018-08-19,4859,4262,594,1042,225,23,174,559,486,35,1078,45,34,32,38,87,56,18
126,44,32,3,7,1,0,0,3,10,1,12,1,0,1,0,0,2,0,2018,2018-08-20,4903,4294,597,1049,226,23,174,562,496,36,1090,46,34,33,38,87,58,18
127,40,35,2,9,1,0,1,2,4,0,10,1,0,0,1,1,0,0,2018,2018-08-21,4943,4329,599,1058,227,23,175,564,500,36,1100,47,34,33,39,88,58,18
128,33,30,1,2,0,0,1,1,3,0,13,0,0,0,1,0,0,0,2018,2018-08-22,4976,4359,600,1060,227,23,176,565,503,36,1113,47,34,33,40,88,58,18
129,42,36,11,13,4,0,3,10,6,0,12,0,0,0,0,1,0,0,2018,2018-08-24,5018,4395,611,1073,231,23,179,575,509,36,1125,47,34,33,40,89,58,18
130,47,42,5,11,2,0,2,5,3,0,11,1,1,0,0,0,2,1,2018,2018-08-25,5065,4437,616,1084,233,23,181,580,512,36,1136,48,35,33,40,89,60,19
131,39,34,7,11,4,0,1,7,5,0,8,0,0,0,1,2,0,0,2018,2018-08-26,5104,4471,623,1095,237,23,182,587,517,36,1144,48,35,33,41,91,60,19
132,46,40,8,15,2,1,1,7,2,0,6,2,0,2,1,2,0,0,2018,2018-08-28,5150,4511,631,1110,239,24,183,594,519,36,1150,50,35,35,42,93,60,19
133,33,29,3,4,0,1,3,3,4,0,10,0,0,0,0,1,0,1,2018,2018-08-29,5183,4540,634,1114,239,25,186,597,523,36,1160,50,35,35,42,94,60,20
134,34,32,1,8,0,0,1,1,2,0,15,0,0,0,1,2,0,0,2018,2018-08-30,5217,4572,635,1122,239,25,187,598,525,36,1175,50,35,35,43,96,60,20
135,32,29,3,6,1,0,2,3,1,0,6,1,1,0,0,0,0,0,2018,2018-08-31,5249,4601,638,1128,240,25,189,601,526,36,1181,51,36,35,43,96,60,20
136,34,31,3,6,1,0,1,3,2,0,13,1,0,0,1,0,0,0,2018,2018-09-01,5283,4632,641,1134,241,25,190,604,528,36,1194,52,36,35,44,96,60,20
137,36,29,3,5,1,0,1,3,5,0,9,1,1,0,1,0,0,0,2018,2018-09-02,5319,4661,644,1139,242,25,191,607,533,36,1203,53,37,35,45,96,60,20
138,35,32,2,7,2,0,1,2,2,0,8,0,0,1,2,3,1,0,2018,2018-09-03,5354,4693,646,1146,244,25,192,609,535,36,1211,53,37,36,47,99,61,20
139,41,37,11,13,4,0,2,10,3,0,7,1,0,0,1,1,2,0,2018,2018-09-04,5395,4730,657,1159,248,25,194,619,538,36,1218,54,37,36,48,100,63,20
140,32,30,3,3,0,0,2,3,2,0,10,0,0,0,0,0,0,0,2018,2018-09-05,5427,4760,660,1162,248,25,196,622,540,36,1228,54,37,36,48,100,63,20
141,43,33,4,8,2,0,1,3,9,0,9,1,0,0,1,1,0,2,2018,2018-09-07,5470,4793,664,1170,250,25,197,625,549,36,1237,55,37,36,49,101,63,22
142,36,32,2,6,1,1,1,2,3,0,14,1,0,0,0,1,1,0,2018,2018-09-08,5506,4825,666,1176,251,26,198,627,552,36,1251,56,37,36,49,102,64,22
143,48,41,9,14,4,2,2,8,7,1,8,0,0,0,1,0,1,0,2018,2018-09-09,5554,4866,675,1190,255,28,200,635,559,37,1259,56,37,36,50,102,65,22
144,42,36,6,9,2,0,2,6,6,0,9,0,0,0,1,0,2,0,2018,2018-09-10,5596,4902,681,1199,257,28,202,641,565,37,1268,56,37,36,51,102,67,22
145,33,30,1,5,1,0,1,1,3,0,11,0,0,0,0,2,0,0,2018,2018-09-11,5629,4932,682,1204,258,28,203,642,568,37,1279,56,37,36,51,104,67,22
146,46,39,8,11,4,0,1,7,7,2,8,0,0,0,1,0,1,0,2018,2018-09-12,5675,4971,690,1215,262,28,204,649,575,39,1287,56,37,36,52,104,68,22
147,42,38,9,16,3,1,1,9,1,0,7,0,1,2,0,1,0,1,2018,2018-09-13,5717,5009,699,1231,265,29,205,658,576,39,1294,56,38,38,52,105,68,23
148,37,32,3,7,0,0,2,2,4,0,12,1,0,0,0,1,0,0,2018,2018-09-14,5754,5041,702,1238,265,29,207,660,580,39,1306,57,38,38,52,106,68,23
149,52,41,17,16,1,0,5,16,10,1,9,1,0,0,1,2,0,0,2018,2018-09-15,5806,5082,719,1254,266,29,212,676,590,40,1315,58,38,38,53,108,68,23
150,34,29,0,4,1,0,0,0,5,0,12,0,0,0,0,1,0,1,2018,2018-09-16,5840,5111,719,1258,267,29,212,676,595,40,1327,58,38,38,53,109,68,24
151,40,33,8,11,1,0,3,7,6,0,8,1,0,0,0,0,0,0,2018,2018-09-17,5880,5144,727,1269,268,29,215,683,601,40,1335,59,38,38,53,109,68,24
152,37,32,3,6,1,0,1,2,4,0,7,0,1,0,1,0,1,0,2018,2018-09-18,5917,5176,730,1275,269,29,216,685,605,40,1342,59,39,38,54,109,69,24
153,31,28,5,5,2,0,2,5,3,0,5,0,0,0,0,1,1,0,2018,2018-09-19,5948,5204,735,1280,271,29,218,690,608,40,1347,59,39,38,54,110,70,24
154,40,36,3,9,2,0,1,3,4,0,10,0,0,0,0,0,0,0,2018,2018-09-21,5988,5240,738,1289,273,29,219,693,612,40,1357,59,39,38,54,110,70,24
155,36,33,7,9,3,0,3,7,2,0,10,1,0,0,0,0,0,0,2018,2018-09-22,6024,5273,745,1298,276,29,222,700,614,40,1367,60,39,38,54,110,70,24
156,45,41,14,16,3,0,3,14,4,0,11,0,0,0,0,0,0,0,2018,2018-09-23,6069,5314,759,1314,279,29,225,714,618,40,1378,60,39,38,54,110,70,24
157,44,36,7,9,2,0,1,5,8,2,11,0,0,0,0,0,1,0,2018,2018-09-24,6113,5350,766,1323,281,29,226,719,626,42,1389,60,39,38,54,110,71,24
158,39,35,3,10,2,1,1,3,4,0,7,0,0,0,0,2,1,0,2018,2018-09-25,6152,5385,769,1333,283,30,227,722,630,42,1396,60,39,38,54,112,72,24
159,37,35,2,9,1,0,0,2,2,1,8,0,0,0,0,1,0,0,2018,2018-09-26,6189,5420,771,1342,284,30,227,724,632,43,1404,60,39,38,54,113,72,24
160,36,35,3,9,1,0,1,3,1,0,10,0,0,0,1,1,1,0,2018,2018-09-28,6225,5455,774,1351,285,30,228,727,633,43,1414,60,39,38,55,114,73,24
161,51,44,10,18,3,2,2,10,7,3,6,0,0,0,1,2,2,0,2018,2018-09-29,6276,5499,784,1369,288,32,230,737,640,46,1420,60,39,38,56,116,75,24
162,47,40,15,16,5,1,3,14,5,0,6,1,0,1,0,2,0,0,2018,2018-09-30,6323,5539,799,1385,293,33,233,751,645,46,1426,61,39,39,56,118,75,24
163,35,33,5,9,3,0,2,5,2,1,10,0,0,0,0,1,0,0,2018,2018-10-01,6358,5572,804,1394,296,33,235,756,647,47,1436,61,39,39,56,119,75,24
1,44,36,14,14,4,0,4,12,5,2,5,2,0,1,0,0,0,0,2017,2017-04-03,44,36,14,14,4,0,4,12,5,2,5,2,0,1,0,0,0,0
2,30,28,0,5,0,0,0,0,2,0,5,0,0,0,0,4,0,0,2017,2017-04-04,74,64,14,19,4,0,4,12,7,2,10,2,0,1,0,4,0,0
3,34,30,3,6,3,0,1,2,3,0,12,1,0,0,1,1,1,0,2017,2017-04-05,108,94,17,25,7,0,5,14,10,2,22,3,0,1,1,5,1,0
4,44,32,10,8,2,0,2,8,11,0,5,1,0,0,0,0,3,0,2017,2017-04-06,152,126,27,33,9,0,7,22,21,2,27,4,0,1,1,5,4,0
5,34,30,1,5,2,0,0,1,3,0,11,0,1,0,0,1,0,0,2017,2017-04-07,186,156,28,38,11,0,7,23,24,2,38,4,1,1,1,6,4,0
6,35,32,2,7,2,0,1,2,3,0,7,0,0,0,0,1,0,1,2017,2017-04-08,221,188,30,45,13,0,8,25,27,2,45,4,1,1,1,7,4,1
7,46,40,10,15,3,1,1,9,5,0,8,0,1,0,1,1,1,0,2017,2017-04-09,267,228,40,60,16,1,9,34,32,2,53,4,2,1,2,8,5,1
8,37,32,2,6,1,0,0,1,3,0,10,1,0,0,1,1,0,1,2017,2017-04-10,304,260,42,66,17,1,9,35,35,2,63,5,2,1,3,9,5,2
9,38,32,2,5,1,0,1,1,6,0,14,0,0,0,0,1,0,0,2017,2017-04-12,342,292,44,71,18,1,10,36,41,2,77,5,2,1,3,10,5,2
10,36,32,0,6,2,0,0,0,4,0,5,0,0,0,0,0,0,0,2017,2017-04-13,378,324,44,77,20,1,10,36,45,2,82,5,2,1,3,10,5,2
11,40,34,7,13,2,0,1,7,4,0,4,0,1,1,0,1,0,0,2017,2017-04-14,418,358,51,90,22,1,11,43,49,2,86,5,3,2,3,11,5,2
12,42,34,8,11,4,0,2,7,4,1,7,2,0,2,1,0,2,0,2017,2017-04-15,460,392,59,101,26,1,13,50,53,3,93,7,3,4,4,11,7,2
13,34,31,1,5,1,0,0,1,3,0,9,0,0,0,0,1,0,0,2017,2017-04-16,494,423,60,106,27,1,13,51,56,3,102,7,3,4,4,12,7,2
14,36,30,2,5,1,0,1,2,4,0,15,0,1,1,1,0,0,1,2017,2017-04-17,530,453,62,111,28,1,14,53,60,3,117,7,4,5,5,12,7,3
15,42,34,3,9,0,0,0,3,5,0,7,2,1,0,0,1,0,0,2017,2017-04-18,572,487,65,120,28,1,14,56,65,3,124,9,5,5,5,13,7,3
16,34,31,4,7,3,1,1,4,2,0,7,0,1,0,1,0,0,0,2017,2017-04-19,606,518,69,127,31,2,15,60,67,3,131,9,6,5,6,13,7,3
17,37,35,5,9,3,0,2,5,1,0,7,1,0,0,0,1,0,0,2017,2017-04-21,643,553,74,136,34,2,17,65,68,3,138,10,6,5,6,14,7,3
18,40,35,5,11,2,0,1,5,5,0,9,0,0,0,0,3,0,0,2017,2017-04-22,683,588,79,147,36,2,18,70,73,3,147,10,6,5,6,17,7,3
19,39,34,6,9,4,0,1,5,5,0,5,0,0,0,0,1,0,0,2017,2017-04-23,722,622,85,156,40,2,19,75,78,3,152,10,6,5,6,18,7,3
20,31,29,1,4,0,0,0,1,2,0,6,0,0,0,0,0,0,1,2017,2017-04-24,753,651,86,160,40,2,19,76,80,3,158,10,6,5,6,18,7,4
21,37,32,2,7,1,0,0,2,4,1,7,0,1,0,0,1,1,0,2017,2017-04-25,790,683,88,167,41,2,19,78,84,4,165,10,7,5,6,19,8,4
22,41,39,3,9,1,0,1,3,2,0,6,0,0,0,0,0,0,0,2017,2017-04-26,831,722,91,176,42,2,20,81,86,4,171,10,7,5,6,19,8,4
23,42,33,5,5,0,0,1,5,7,1,11,0,1,1,0,0,0,0,2017,2017-04-27,873,755,96,181,42,2,21,86,93,5,182,10,8,6,6,19,8,4
24,37,33,5,10,2,0,0,4,3,0,5,0,0,1,1,0,0,0,2017,2017-04-28,910,788,101,191,44,2,21,90,96,5,187,10,8,7,7,19,8,4
25,39,37,6,11,1,0,5,6,1,0,7,1,0,0,0,0,0,0,2017,2017-04-29,949,825,107,202,45,2,26,96,97,5,194,11,8,7,7,19,8,4
26,36,34,5,13,4,0,2,5,2,0,8,0,0,0,0,3,0,0,2017,2017-04-30,985,859,112,215,49,2,28,101,99,5,202,11,8,7,7,22,8,4
27,34,33,3,6,1,0,0,3,1,0,8,0,0,0,0,0,0,0,2017,2017-05-01,1019,892,115,221,50,2,28,104,100,5,210,11,8,7,7,22,8,4
28,43,32,13,11,2,1,1,13,9,0,5,1,0,1,0,1,1,0,2017,2017-05-02,1062,924,128,232,52,3,29,117,109,5,215,12,8,8,7,23,9,4
29,38,37,1,6,0,0,0,1,0,0,13,1,0,0,1,1,0,2,2017,2017-05-03,1100,961,129,238,52,3,29,118,109,5,228,13,8,8,8,24,9,6
30,43,39,8,14,1,0,2,8,3,0,10,1,0,0,0,2,1,0,2017,2017-05-05,1143,1000,137,252,53,3,31,126,112,5,238,14,8,8,8,26,10,6
31,42,31,10,8,2,0,1,8,9,0,9,1,1,0,0,3,1,0,2017,2017-05-06,1185,1031,147,260,55,3,32,134,121,5,247,15,9,8,8,29,11,6
32,43,39,12,15,3,0,2,12,4,0,7,0,0,0,1,1,0,0,2017,2017-05-08,1228,1070,159,275,58,3,34,146,125,5,254,15,9,8,9,30,11,6
33,45,41,4,13,3,0,1,4,2,0,8,1,1,0,0,1,1,0,2017,2017-05-09,1273,1111,163,288,61,3,35,150,127,5,262,16,10,8,9,31,12,6
34,33,29,5,8,3,0,1,5,4,0,6,0,0,0,0,1,0,0,2017,2017-05-10,1306,1140,168,296,64,3,36,155,131,5,268,16,10,8,9,32,12,6
35,43,40,7,14,5,1,1,6,3,0,11,0,0,0,0,1,0,0,2017,2017-05-11,1349,1180,175,310,69,4,37,161,134,5,279,16,10,8,9,33,12,6
36,37,33,6,9,4,1,1,6,4,0,9,0,0,0,0,1,0,1,2017,2017-05-12,1386,1213,181,319,73,5,38,167,138,5,288,16,10,8,9,34,12,7
37,37,32,4,7,4,0,1,4,4,0,12,0,1,0,0,1,1,0,2017,2017-05-13,1423,1245,185,326,77,5,39,171,142,5,300,16,11,8,9,35,13,7
38,44,38,6,12,1,0,2,6,6,0,10,0,0,0,0,0,0,0,2017,2017-05-14,1467,1283,191,338,78,5,41,177,148,5,310,16,11,8,9,35,13,7
39,37,33,4,8,3,0,0,3,4,0,9,0,0,0,0,1,0,0,2017,2017-05-15,1504,1316,195,346,81,5,41,180,152,5,319,16,11,8,9,36,13,7
40,34,32,1,7,1,0,1,1,2,0,5,0,0,0,0,2,0,0,2017,2017-05-16,1538,1348,196,353,82,5,42,181,154,5,324,16,11,8,9,38,13,7
41,38,35,6,9,4,0,0,5,2,0,9,0,1,0,0,0,1,0,2017,2017-05-17,1576,1383,202,362,86,5,42,186,156,5,333,16,12,8,9,38,14,7
42,40,28,7,11,1,0,1,7,9,1,5,1,1,1,0,2,2,1,2017,2017-05-18,1616,1411,209,373,87,5,43,193,165,6,338,17,13,9,9,40,16,8
43,36,31,7,8,2,0,3,7,4,0,8,1,0,0,0,1,0,0,2017,2017-05-19,1652,1442,216,381,89,5,46,200,169,6,346,18,13,9,9,41,16,8
44,38,34,6,7,2,0,3,5,4,0,10,0,0,0,0,0,0,0,2017,2017-05-20,1690,1476,222,388,91,5,49,205,173,6,356,18,13,9,9,41,16,8
45,39,34,6,12,6,0,1,6,2,0,7,2,1,0,0,1,0,0,2017,2017-05-21,1729,1510,228,400,97,5,50,211,175,6,363,20,14,9,9,42,16,8
46,46,41,2,3,1,0,1,2,5,0,19,0,0,0,0,0,0,0,2017,2017-05-23,1775,1551,230,403,98,5,51,213,180,6,382,20,14,9,9,42,16,8
47,30,29,1,4,2,0,0,1,0,0,6,0,0,1,0,1,0,0,2017,2017-05-24,1805,1580,231,407,100,5,51,214,180,6,388,20,14,10,9,43,16,8
48,35,33,7,11,3,0,1,6,2,0,10,0,0,0,0,1,1,0,2017,2017-05-25,1840,1613,238,418,103,5,52,220,182,6,398,20,14,10,9,44,17,8
49,31,27,4,5,1,0,2,4,3,0,12,1,0,0,0,2,1,0,2017,2017-05-26,1871,1640,242,423,104,5,54,224,185,6,410,21,14,10,9,46,18,8
50,37,31,5,6,1,0,1,5,6,0,11,0,0,0,1,0,1,0,2017,2017-05-27,1908,1671,247,429,105,5,55,229,191,6,421,21,14,10,10,46,19,8
51,39,34,9,11,0,0,4,9,5,0,10,0,0,0,0,1,1,0,2017,2017-05-28,1947,1705,256,440,105,5,59,238,196,6,431,21,14,10,10,47,20,8
52,36,32,5,9,1,0,3,5,2,0,8,0,1,1,0,2,0,0,2017,2017-05-29,1983,1737,261,449,106,5,62,243,198,6,439,21,15,11,10,49,20,8
53,47,36,9,11,2,1,0,8,8,0,11,1,0,2,0,0,1,0,2017,2017-05-30,2030,1773,270,460,108,6,62,251,206,6,450,22,15,13,10,49,21,8
54,34,30,1,5,1,0,0,1,3,0,11,0,0,1,0,1,0,0,2017,2017-05-31,2064,1803,271,465,109,6,62,252,209,6,461,22,15,14,10,50,21,8
55,34,30,0,5,1,0,0,0,4,0,9,0,0,0,0,2,0,0,2017,2017-06-01,2098,1833,271,470,110,6,62,252,213,6,470,22,15,14,10,52,21,8
56,45,42,2,8,2,0,2,2,3,2,16,0,0,0,0,2,1,0,2017,2017-06-02,2143,1875,273,478,112,6,64,254,216,8,486,22,15,14,10,54,22,8
57,45,38,10,10,2,0,1,8,7,1,5,0,0,0,1,0,7,0,2017,2017-06-03,2188,1913,283,488,114,6,65,262,223,9,491,22,15,14,11,54,29,8
58,33,30,0,3,0,0,0,0,3,0,11,0,0,0,1,1,0,0,2017,2017-06-04,2221,1943,283,491,114,6,65,262,226,9,502,22,15,14,12,55,29,8
59,36,33,2,6,3,0,0,2,3,0,11,0,0,0,0,0,0,0,2017,2017-06-05,2257,1976,285,497,117,6,65,264,229,9,513,22,15,14,12,55,29,8
60,35,33,1,4,1,0,0,1,2,0,17,0,0,0,1,0,1,0,2017,2017-06-06,2292,2009,286,501,118,6,65,265,231,9,530,22,15,14,13,55,30,8
61,30,29,2,3,1,0,1,2,1,1,11,0,0,0,2,0,0,1,2017,2017-06-07,2322,2038,288,504,119,6,66,267,232,10,541,22,15,14,15,55,30,9
62,38,32,7,9,1,0,2,6,5,1,6,1,0,0,0,1,0,0,2017,2017-06-09,2360,2070,295,513,120,6,68,273,237,11,547,23,15,14,15,56,30,9
63,38,34,5,10,5,0,1,5,1,1,4,0,2,1,1,0,0,0,2017,2017-06-10,2398,2104,300,523,125,6,69,278,238,12,551,23,17,15,16,56,30,9
64,40,34,9,10,1,0,4,9,5,0,6,1,0,0,1,1,0,0,2017,2017-06-11,2438,2138,309,533,126,6,73,287,243,12,557,24,17,15,17,57,30,9
65,44,38,7,12,1,0,3,6,6,0,10,0,0,0,0,0,2,0,2017,2017-06-13,2482,2176,316,545,127,6,76,293,249,12,567,24,17,15,17,57,32,9
66,40,35,6,9,2,0,1,5,4,0,11,1,0,0,0,0,3,1,2017,2017-06-14,2522,2211,322,554,129,6,77,298,253,12,578,25,17,15,17,57,35,10
67,40,35,5,9,3,0,2,5,4,0,11,1,0,0,0,0,0,0,2017,2017-06-15,2562,2246,327,563,132,6,79,303,257,12,589,26,17,15,17,57,35,10
68,40,32,3,7,2,0,1,3,7,0,7,1,0,0,0,0,0,1,2017,2017-06-16,2602,2278,330,570,134,6,80,306,264,12,596,27,17,15,17,57,35,11
69,45,39,10,12,3,0,4,10,5,0,9,0,0,1,2,1,0,0,2017,2017-06-17,2647,2317,340,582,137,6,84,316,269,12,605,27,17,16,19,58,35,11
70,42,37,8,10,4,0,2,8,5,0,8,0,0,0,0,0,0,0,2017,2017-06-18,2689,2354,348,592,141,6,86,324,274,12,613,27,17,16,19,58,35,11
71,44,41,10,17,1,0,4,10,3,0,12,0,0,0,0,0,1,0,2017,2017-06-19,2733,2395,358,609,142,6,90,334,277,12,625,27,17,16,19,58,36,11
72,46,38,12,13,3,0,5,12,7,1,7,1,0,0,1,0,0,0,2017,2017-06-20,2779,2433,370,622,145,6,95,346,284,13,632,28,17,16,20,58,36,11
73,37,31,8,7,2,0,3,8,5,2,9,0,0,1,1,0,1,0,2017,2017-06-21,2816,2464,378,629,147,6,98,354,289,15,641,28,17,17,21,58,37,11
74,38,29,6,6,1,0,3,6,9,1,10,0,0,0,1,1,3,1,2017,2017-06-22,2854,2493,384,635,148,6,101,360,298,16,651,28,17,17,22,59,40,12
75,39,32,6,11,2,1,1,6,5,0,5,0,0,2,0,1,0,0,2017,2017-06-23,2893,2525,390,646,150,7,102,366,303,16,656,28,17,19,22,60,40,12
76,39,29,4,6,2,0,1,3,10,0,8,0,0,0,0,1,0,0,2017,2017-06-24,2932,2554,394,652,152,7,103,369,313,16,664,28,17,19,22,61,40,12
77,43,36,12,13,5,0,3,7,7,0,10,0,0,0,0,0,2,0,2017,2017-06-25,2975,2590,406,665,157,7,106,376,320,16,674,28,17,19,22,61,42,12
78,34,31,0,5,3,0,0,0,3,0,8,0,0,0,0,1,0,0,2017,2017-06-26,3009,2621,406,670,160,7,106,376,323,16,682,28,17,19,22,62,42,12
79,31,27,4,4,2,0,1,4,4,0,7,0,0,0,0,0,0,1,2017,2017-06-27,3040,2648,410,674,162,7,107,380,327,16,689,28,17,19,22,62,42,13
80,35,30,2,4,0,0,2,2,5,0,6,0,0,0,0,1,0,0,2017,2017-06-28,3075,2678,412,678,162,7,109,382,332,16,695,28,17,19,22,63,42,13
81,38,36,6,9,2,0,3,6,1,0,6,0,0,1,1,0,0,0,2017,2017-06-29,3113,2714,418,687,164,7,112,388,333,16,701,28,17,20,23,63,42,13
82,48,40,10,16,0,0,3,10,7,0,8,1,0,0,0,2,0,1,2017,2017-06-30,3161,2754,428,703,164,7,115,398,340,16,709,29,17,20,23,65,42,14
83,45,40,8,14,2,0,3,8,4,1,11,1,0,0,1,1,0,0,2017,2017-07-01,3206,2794,436,717,166,7,118,406,344,17,720,30,17,20,24,66,42,14
84,42,35,3,9,2,0,1,3,4,0,10,2,1,0,0,0,0,0,2017,2017-07-02,3248,2829,439,726,168,7,119,409,348,17,730,32,18,20,24,66,42,14
85,36,33,4,9,3,0,1,4,3,0,9,0,0,0,0,0,1,0,2017,2017-07-04,3284,2862,443,735,171,7,120,413,351,17,739,32,18,20,24,66,43,14
86,31,27,1,4,3,0,0,1,3,1,10,1,0,0,0,1,0,0,2017,2017-07-05,3315,2889,444,739,174,7,120,414,354,18,749,33,18,20,24,67,43,14
87,40,30,5,8,2,0,1,5,10,2,16,0,0,0,0,0,0,1,2017,2017-07-06,3355,2919,449,747,176,7,121,419,364,20,765,33,18,20,24,67,43,15
88,37,33,4,10,2,0,1,4,4,0,11,0,0,0,0,1,0,0,2017,2017-07-07,3392,2952,453,757,178,7,122,423,368,20,776,33,18,20,24,68,43,15
89,40,34,5,8,2,0,2,5,5,0,8,0,0,1,0,0,1,0,2017,2017-07-08,3432,2986,458,765,180,7,124,428,373,20,784,33,18,21,24,68,44,15
90,30,30,5,6,0,1,3,5,0,0,9,0,0,0,0,0,0,0,2017,2017-07-09,3462,3016,463,771,180,8,127,433,373,20,793,33,18,21,24,68,44,15
91,36,34,6,10,1,0,3,5,2,0,5,0,0,0,0,1,0,2,2017,2017-07-14,3498,3050,469,781,181,8,130,438,375,20,798,33,18,21,24,69,44,17
92,43,36,7,12,3,2,2,7,6,0,10,0,0,1,0,2,0,0,2017,2017-07-15,3541,3086,476,793,184,10,132,445,381,20,808,33,18,22,24,71,44,17
93,39,32,3,7,0,1,1,3,6,0,8,0,0,1,0,0,0,0,2017,2017-07-16,3580,3118,479,800,184,11,133,448,387,20,816,33,18,23,24,71,44,17
94,39,32,1,9,3,0,0,1,6,2,7,1,0,0,0,4,1,0,2017,2017-07-18,3619,3150,480,809,187,11,133,449,393,22,823,34,18,23,24,75,45,17
95,39,34,9,13,3,0,4,9,5,0,9,0,0,0,0,1,1,0,2017,2017-07-19,3658,3184,489,822,190,11,137,458,398,22,832,34,18,23,24,76,46,17
96,37,34,3,7,4,0,1,3,3,0,7,0,0,0,0,0,0,0,2017,2017-07-20,3695,3218,492,829,194,11,138,461,401,22,839,34,18,23,24,76,46,17
97,35,33,3,7,2,1,0,3,2,0,6,0,0,0,0,1,0,0,2017,2017-07-21,3730,3251,495,836,196,12,138,464,403,22,845,34,18,23,24,77,46,17
98,37,36,6,12,0,1,3,5,1,0,7,0,0,0,0,1,1,0,2017,2017-07-22,3767,3287,501,848,196,13,141,469,404,22,852,34,18,23,24,78,47,17
99,41,35,5,8,1,0,2,5,6,1,11,0,0,0,0,0,0,0,2017,2017-07-23,3808,3322,506,856,197,13,143,474,410,23,863,34,18,23,24,78,47,17
100,33,32,6,11,0,1,3,6,0,0,9,0,1,0,0,1,0,0,2017,2017-07-24,3841,3354,512,867,197,14,146,480,410,23,872,34,19,23,24,79,47,17
101,35,31,6,11,3,0,0,6,1,0,7,1,2,0,0,1,1,0,2017,2017-07-25,3876,3385,518,878,200,14,146,486,411,23,879,35,21,23,24,80,48,17
102,39,36,6,11,1,0,2,6,2,0,8,0,0,1,0,0,0,0,2017,2017-07-26,3915,3421,524,889,201,14,148,492,413,23,887,35,21,24,24,80,48,17
103,34,29,6,6,2,0,2,6,5,0,8,0,0,0,0,0,0,1,2017,2017-07-28,3949,3450,530,895,203,14,150,498,418,23,895,35,21,24,24,80,48,18
104,32,29,2,8,3,0,0,2,3,0,5,0,0,0,0,2,0,1,2017,2017-07-29,3981,3479,532,903,206,14,150,500,421,23,900,35,21,24,24,82,48,19
105,49,42,3,11,2,0,0,3,7,3,8,0,0,0,0,0,1,0,2017,2017-07-30,4030,3521,535,914,208,14,150,503,428,26,908,35,21,24,24,82,49,19
106,35,32,3,8,2,0,1,2,1,0,7,1,1,0,1,0,1,1,2017,2017-08-01,4065,3553,538,922,210,14,151,505,429,26,915,36,22,24,25,82,50,20
107,34,31,3,6,1,0,1,3,1,0,9,1,1,0,0,0,1,0,2017,2017-08-02,4099,3584,541,928,211,14,152,508,430,26,924,37,23,24,25,82,51,20
108,45,33,7,9,1,0,1,6,9,1,11,1,1,1,0,1,0,0,2017,2017-08-03,4144,3617,548,937,212,14,153,514,439,27,935,38,24,25,25,83,51,20
109,38,32,6,7,2,0,3,5,5,0,11,0,0,1,0,1,1,0,2017,2017-08-04,4182,3649,554,944,214,14,156,519,444,27,946,38,24,26,25,84,52,20
110,40,36,7,8,1,0,5,7,4,1,8,0,0,0,0,0,0,0,2017,2017-08-05,4222,3685,561,952,215,14,161,526,448,28,954,38,24,26,25,84,52,20
111,39,35,8,10,2,1,2,8,4,0,12,0,0,0,0,1,3,0,2017,2017-08-06,4261,3720,569,962,217,15,163,534,452,28,966,38,24,26,25,85,55,20
112,35,33,3,9,2,0,2,3,2,0,8,0,0,0,0,3,0,0,2017,2017-08-08,4296,3753,572,971,219,15,165,537,454,28,974,38,24,26,25,88,55,20
113,36,30,3,5,3,0,1,3,6,0,9,0,0,0,0,1,0,1,2017,2017-08-09,4332,3783,575,976,222,15,166,540,460,28,983,38,24,26,25,89,55,21
114,41,37,8,9,2,0,1,7,3,0,6,1,0,0,1,0,1,0,2017,2017-08-10,4373,3820,583,985,224,15,167,547,463,28,989,39,24,26,26,89,56,21
115,40,33,3,8,3,0,0,3,5,1,9,2,0,0,0,1,0,0,2017,2017-08-11,4413,3853,586,993,227,15,167,550,468,29,998,41,24,26,26,90,56,21
116,38,31,6,8,1,0,2,5,6,0,6,0,0,1,0,0,1,0,2017,2017-08-12,4451,3884,592,1001,228,15,169,555,474,29,1004,41,24,27,26,90,57,21
117,32,30,6,5,1,0,3,6,1,0,2,1,0,0,1,0,0,0,2017,2017-08-13,4483,3914,598,1006,229,15,172,561,475,29,1006,42,24,27,27,90,57,21
118,39,31,6,9,1,0,0,6,6,0,7,1,0,1,0,0,1,0,2017,2017-08-15,4522,3945,604,1015,230,15,172,567,481,29,1013,43,24,28,27,90,58,21
119,34,30,5,9,3,0,1,4,4,0,4,0,0,0,0,2,1,1,2017,2017-08-16,4556,3975,609,1024,233,15,173,571,485,29,1017,43,24,28,27,92,59,22
120,43,35,8,12,6,0,0,8,6,1,7,0,0,2,0,1,1,0,2017,2017-08-18,4599,4010,617,1036,239,15,173,579,491,30,1024,43,24,30,27,93,60,22
121,35,31,3,6,0,0,1,3,3,0,6,1,0,0,1,2,0,0,2017,2017-08-19,4634,4041,620,1042,239,15,174,582,494,30,1030,44,24,30,28,95,60,22
122,31,30,1,3,0,0,1,1,1,0,10,0,0,0,0,0,0,0,2017,2017-08-20,4665,4071,621,1045,239,15,175,583,495,30,1040,44,24,30,28,95,60,22
123,54,47,6,10,2,0,2,6,6,0,10,1,0,0,1,0,0,0,2017,2017-08-21,4719,4118,627,1055,241,15,177,589,501,30,1050,45,24,30,29,95,60,22
124,43,35,8,10,2,0,1,8,7,0,6,0,1,0,0,0,1,0,2017,2017-08-22,4762,4153,635,1065,243,15,178,597,508,30,1056,45,25,30,29,95,61,22
125,41,36,0,8,1,0,0,0,4,1,7,1,0,0,0,2,0,0,2017,2017-08-23,4803,4189,635,1073,244,15,178,597,512,31,1063,46,25,30,29,97,61,22
126,47,38,5,14,3,0,3,5,8,0,6,0,1,0,0,0,1,0,2017,2017-08-24,4850,4227,640,1087,247,15,181,602,520,31,1069,46,26,30,29,97,62,22
127,36,32,3,8,0,0,2,3,4,0,10,0,0,0,0,0,2,0,2017,2017-08-25,4886,4259,643,1095,247,15,183,605,524,31,1079,46,26,30,29,97,64,22
128,32,32,0,5,0,1,0,0,0,0,12,0,0,0,0,0,0,0,2017,2017-08-26,4918,4291,643,1100,247,16,183,605,524,31,1091,46,26,30,29,97,64,22
129,35,30,2,4,1,0,0,2,3,0,9,2,0,0,0,0,0,0,2017,2017-08-27,4953,4321,645,1104,248,16,183,607,527,31,1100,48,26,30,29,97,64,22
130,40,37,6,10,3,0,2,6,2,0,10,1,0,0,0,0,0,0,2017,2017-08-29,4993,4358,651,1114,251,16,185,613,529,31,1110,49,26,30,29,97,64,22
131,40,33,4,6,0,0,1,4,5,0,12,2,0,0,0,0,0,0,2017,2017-08-30,5033,4391,655,1120,251,16,186,617,534,31,1122,51,26,30,29,97,64,22
132,35,32,1,5,2,0,0,1,3,0,8,0,0,0,0,0,0,0,2017,2017-08-31,5068,4423,656,1125,253,16,186,618,537,31,1130,51,26,30,29,97,64,22
133,38,34,1,9,1,0,0,1,4,1,12,0,0,0,0,0,1,1,2017,2017-09-01,5106,4457,657,1134,254,16,186,619,541,32,1142,51,26,30,29,97,65,23
134,37,34,5,10,3,0,2,5,3,1,6,0,0,0,0,1,0,1,2017,,5143,4491,662,1144,257,16,188,624,544,33,1148,51,26,30,29,98,65,24
135,37,33,2,7,2,0,0,2,4,0,7,0,0,0,0,1,0,0,2017,,5180,4524,664,1151,259,16,188,626,548,33,1155,51,26,30,29,99,65,24
136,34,33,4,7,2,1,2,4,0,0,8,0,0,1,1,1,0,0,2017,2017-09-03,5214,4557,668,1158,261,17,190,630,548,33,1163,51,26,31,30,100,65,24
137,31,30,0,3,0,0,0,0,1,0,16,0,0,0,0,0,0,0,2017,2017-09-04,5245,4587,668,1161,261,17,190,630,549,33,1179,51,26,31,30,100,65,24
138,34,32,1,6,0,0,1,1,1,0,8,0,1,0,0,1,0,1,2017,2017-09-05,5279,4619,669,1167,261,17,191,631,550,33,1187,51,27,31,30,101,65,25
139,33,29,1,4,1,0,0,1,3,0,7,1,0,0,1,2,0,1,2017,2017-09-06,5312,4648,670,1171,262,17,191,632,553,33,1194,52,27,31,31,103,65,26
140,35,32,1,6,4,0,0,1,3,0,8,0,0,0,0,0,0,0,2017,2017-09-07,5347,4680,671,1177,266,17,191,633,556,33,1202,52,27,31,31,103,65,26
141,41,35,4,7,1,0,1,4,6,1,7,0,0,0,1,0,1,0,2017,2017-09-08,5388,4715,675,1184,267,17,192,637,562,34,1209,52,27,31,32,103,66,26
142,37,36,5,8,3,0,2,5,1,0,10,0,0,0,2,1,0,0,2017,2017-09-09,5425,4751,680,1192,270,17,194,642,563,34,1219,52,27,31,34,104,66,26
143,37,34,1,8,0,0,1,1,3,0,12,0,0,0,0,1,0,0,2017,2017-09-10,5462,4785,681,1200,270,17,195,643,566,34,1231,52,27,31,34,105,66,26
144,44,36,6,8,1,0,1,6,8,1,6,0,0,0,1,0,1,0,2017,2017-09-11,5506,4821,687,1208,271,17,196,649,574,35,1237,52,27,31,35,105,67,26
145,45,36,5,9,4,0,1,5,7,3,13,1,0,1,0,0,0,0,2017,2017-09-12,5551,4857,692,1217,275,17,197,654,581,38,1250,53,27,32,35,105,67,26
146,40,32,4,7,4,1,1,4,5,1,10,2,1,0,1,1,2,1,2017,2017-09-13,5591,4889,696,1224,279,18,198,658,586,39,1260,55,28,32,36,106,69,27
147,39,36,7,9,3,0,3,7,3,0,9,0,0,0,0,0,1,0,2017,2017-09-15,5630,4925,703,1233,282,18,201,665,589,39,1269,55,28,32,36,106,70,27
148,38,31,3,7,3,0,1,3,3,0,10,3,0,1,0,1,0,0,2017,2017-09-16,5668,4956,706,1240,285,18,202,668,592,39,1279,58,28,33,36,107,70,27
149,37,32,1,4,0,0,0,0,4,0,11,1,0,0,1,0,3,0,2017,2017-09-17,5705,4988,707,1244,285,18,202,668,596,39,1290,59,28,33,37,107,73,27
150,35,31,3,5,0,0,3,3,4,0,12,0,0,0,0,1,0,0,2017,2017-09-18,5740,5019,710,1249,285,18,205,671,600,39,1302,59,28,33,37,108,73,27
151,36,34,2,9,1,0,1,2,2,0,9,0,0,0,0,2,0,0,2017,2017-09-19,5776,5053,712,1258,286,18,206,673,602,39,1311,59,28,33,37,110,73,27
152,41,35,5,7,3,1,1,5,6,1,7,0,0,0,0,0,0,0,2017,2017-09-20,5817,5088,717,1265,289,19,207,678,608,40,1318,59,28,33,37,110,73,27
153,40,34,5,7,1,1,2,4,4,0,7,1,0,1,1,0,0,0,2017,2017-09-21,5857,5122,722,1272,290,20,209,682,612,40,1325,60,28,34,38,110,73,27
154,33,29,4,5,2,0,1,4,3,0,8,1,0,0,0,0,1,0,2017,2017-09-22,5890,5151,726,1277,292,20,210,686,615,40,1333,61,28,34,38,110,74,27
155,31,30,1,6,2,0,1,1,1,0,5,0,0,0,0,2,0,1,2017,2017-09-23,5921,5181,727,1283,294,20,211,687,616,40,1338,61,28,34,38,112,74,28
156,33,28,3,7,2,0,1,3,3,0,2,0,1,1,0,0,1,0,2017,2017-09-24,5954,5209,730,1290,296,20,212,690,619,40,1340,61,29,35,38,112,75,28
157,38,30,9,10,4,0,2,9,6,0,7,0,1,1,0,2,0,0,2017,2017-09-25,5992,5239,739,1300,300,20,214,699,625,40,1347,61,30,36,38,114,75,28
158,44,35,9,11,4,0,3,9,9,1,9,0,0,0,0,0,1,0,2017,2017-09-26,6036,5274,748,1311,304,20,217,708,634,41,1356,61,30,36,38,114,76,28
159,38,34,10,12,2,0,3,10,3,0,9,0,0,1,1,2,0,0,2017,2017-09-27,6074,5308,758,1323,306,20,220,718,637,41,1365,61,30,37,39,116,76,28
160,34,32,1,6,0,0,0,1,2,0,5,0,0,0,0,1,0,0,2017,2017-09-29,6108,5340,759,1329,306,20,220,719,639,41,1370,61,30,37,39,117,76,28
161,37,32,5,8,1,0,1,5,1,0,6,3,1,0,0,2,1,0,2017,2017-09-30,6145,5372,764,1337,307,20,221,724,640,41,1376,64,31,37,39,119,77,28
162,46,36,6,10,5,0,0,6,9,0,4,0,0,1,0,0,0,0,2017,2017-10-01,6191,5408,770,1347,312,20,221,730,649,41,1380,64,31,38,39,119,77,28
1,49,42,15,17,7,1,0,13,4,0,10,2,0,1,0,0,0,0,2016,2016-04-04,49,42,15,17,7,1,0,13,4,0,10,2,0,1,0,0,0,0
2,35,33,3,6,2,1,0,3,2,0,10,0,0,0,1,1,1,0,2016,2016-04-05,84,75,18,23,9,2,0,16,6,0,20,2,0,1,1,1,1,0
3,40,36,7,11,1,1,2,7,3,0,9,0,0,1,0,1,0,0,2016,2016-04-06,124,111,25,34,10,3,2,23,9,0,29,2,0,2,1,2,1,0
4,39,39,6,13,3,0,1,6,0,0,5,0,0,0,0,1,0,0,2016,2016-04-07,163,150,31,47,13,3,3,29,9,0,34,2,0,2,1,3,1,0
5,40,38,2,9,1,0,0,2,2,0,5,0,0,0,0,1,1,0,2016,2016-04-08,203,188,33,56,14,3,3,31,11,0,39,2,0,2,1,4,2,0
6,46,41,3,10,6,0,0,3,3,1,11,2,0,0,1,0,0,0,2016,2016-04-09,249,229,36,66,20,3,3,34,14,1,50,4,0,2,2,4,2,0
7,41,35,6,10,1,0,0,6,3,0,9,1,1,1,0,0,0,0,2016,2016-04-10,290,264,42,76,21,3,3,40,17,1,59,5,1,3,2,4,2,0
8,37,34,2,9,2,0,0,2,1,0,4,1,1,0,0,1,0,0,2016,2016-04-12,327,298,44,85,23,3,3,42,18,1,63,6,2,3,2,5,2,0
9,35,31,3,7,1,0,1,2,1,0,8,3,0,0,3,0,0,1,2016,2016-04-13,362,329,47,92,24,3,4,44,19,1,71,9,2,3,5,5,2,1
10,34,29,5,8,1,0,0,5,5,0,6,0,0,0,0,3,0,0,2016,2016-04-14,396,358,52,100,25,3,4,49,24,1,77,9,2,3,5,8,2,1
11,37,35,7,9,2,1,2,7,2,0,11,0,0,0,3,1,0,0,2016,2016-04-15,433,393,59,109,27,4,6,56,26,1,88,9,2,3,8,9,2,1
12,35,32,3,5,3,0,1,3,3,0,8,0,0,0,0,0,0,0,2016,2016-04-16,468,425,62,114,30,4,7,59,29,1,96,9,2,3,8,9,2,1
13,30,27,3,6,0,0,1,3,3,0,3,0,0,0,0,2,1,1,2016,2016-04-17,498,452,65,120,30,4,8,62,32,1,99,9,2,3,8,11,3,2
14,35,30,1,5,0,0,0,1,4,0,7,0,1,0,0,1,0,0,2016,2016-04-19,533,482,66,125,30,4,8,63,36,1,106,9,3,3,8,12,3,2
15,43,38,5,10,2,0,1,5,5,1,9,0,0,0,0,0,2,2,2016,2016-04-20,576,520,71,135,32,4,9,68,41,2,115,9,3,3,8,12,5,4
16,45,40,2,9,2,0,0,2,5,1,10,0,0,0,3,1,1,0,2016,2016-04-21,621,560,73,144,34,4,9,70,46,3,125,9,3,3,11,13,6,4
17,38,34,5,8,0,1,2,5,4,0,14,0,0,0,0,0,1,0,2016,2016-04-22,659,594,78,152,34,5,11,75,50,3,139,9,3,3,11,13,7,4
18,40,36,4,10,2,0,1,4,3,0,8,0,1,0,0,0,0,0,2016,2016-04-23,699,630,82,162,36,5,12,79,53,3,147,9,4,3,11,13,7,4
19,48,37,12,11,4,1,1,11,10,0,6,0,1,0,1,1,0,0,2016,2016-04-24,747,667,94,173,40,6,13,90,63,3,153,9,5,3,12,14,7,4
20,36,33,2,7,0,0,2,2,2,0,8,0,1,0,1,1,0,0,2016,2016-04-25,783,700,96,180,40,6,15,92,65,3,161,9,6,3,13,15,7,4
21,38,33,3,6,2,0,0,1,5,0,7,0,0,0,0,0,0,0,2016,2016-04-26,821,733,99,186,42,6,15,93,70,3,168,9,6,3,13,15,7,4
22,33,28,0,2,0,0,0,0,5,0,4,0,0,0,0,1,0,0,2016,2016-04-27,854,761,99,188,42,6,15,93,75,3,172,9,6,3,13,16,7,4
23,38,33,3,8,1,0,0,2,4,0,12,1,0,0,1,2,0,0,2016,2016-04-28,892,794,102,196,43,6,15,95,79,3,184,10,6,3,14,18,7,4
24,37,32,1,6,1,0,1,1,4,0,11,1,0,0,0,0,0,0,2016,2016-04-29,929,826,103,202,44,6,16,96,83,3,195,11,6,3,14,18,7,4
25,35,30,2,4,0,1,1,2,5,1,5,0,0,0,0,1,0,0,2016,2016-04-30,964,856,105,206,44,7,17,98,88,4,200,11,6,3,14,19,7,4
26,28,26,1,3,2,0,0,1,2,1,7,0,0,0,1,1,0,0,2016,2016-05-01,992,882,106,209,46,7,17,99,90,5,207,11,6,3,15,20,7,4
27,43,40,10,13,2,0,3,10,3,0,8,0,0,0,1,0,0,1,2016,2016-05-03,1035,922,116,222,48,7,20,109,93,5,215,11,6,3,16,20,7,5
28,41,33,5,8,3,0,0,4,7,0,11,0,0,1,0,0,0,0,2016,2016-05-04,1076,955,121,230,51,7,20,113,100,5,226,11,6,4,16,20,7,5
29,38,35,2,10,2,0,0,2,3,0,8,0,0,0,0,1,0,1,2016,2016-05-06,1114,990,123,240,53,7,20,115,103,5,234,11,6,4,16,21,7,6
30,36,33,6,7,0,0,2,5,2,0,5,0,0,1,2,2,0,0,2016,2016-05-07,1150,1023,129,247,53,7,22,120,105,5,239,11,6,5,18,23,7,6
31,41,35,4,8,2,0,1,4,4,1,12,1,0,1,1,0,0,0,2016,2016-05-08,1191,1058,133,255,55,7,23,124,109,6,251,12,6,6,19,23,7,6
32,36,33,2,6,0,0,1,2,2,0,8,0,1,0,1,0,2,0,2016,2016-05-09,1227,1091,135,261,55,7,24,126,111,6,259,12,7,6,20,23,9,6
33,36,34,3,10,5,0,1,3,1,1,4,0,0,1,0,0,0,0,2016,2016-05-10,1263,1125,138,271,60,7,25,129,112,7,263,12,7,7,20,23,9,6
34,34,33,3,7,1,0,2,3,1,0,7,0,0,0,1,2,0,0,2016,2016-05-11,1297,1158,141,278,61,7,27,132,113,7,270,12,7,7,21,25,9,6
35,32,32,5,8,0,0,2,5,0,0,6,0,0,0,0,0,0,0,2016,2016-05-12,1329,1190,146,286,61,7,29,137,113,7,276,12,7,7,21,25,9,6
36,41,38,8,11,2,0,1,7,3,0,7,0,0,0,4,0,0,0,2016,2016-05-13,1370,1228,154,297,63,7,30,144,116,7,283,12,7,7,25,25,9,6
37,33,28,5,6,0,0,2,5,3,0,8,1,0,1,1,2,0,0,2016,2016-05-14,1403,1256,159,303,63,7,32,149,119,7,291,13,7,8,26,27,9,6
38,33,30,2,6,0,0,2,2,3,0,5,0,0,0,0,2,0,1,2016,2016-05-15,1436,1286,161,309,63,7,34,151,122,7,296,13,7,8,26,29,9,7
39,41,35,6,9,0,0,2,6,5,0,8,0,0,1,1,1,0,0,2016,2016-05-16,1477,1321,167,318,63,7,36,157,127,7,304,13,7,9,27,30,9,7
40,36,34,5,13,1,0,3,4,2,0,2,0,0,0,1,3,0,0,2016,2016-05-17,1513,1355,172,331,64,7,39,161,129,7,306,13,7,9,28,33,9,7
41,37,34,1,8,3,0,0,1,3,0,4,0,0,0,0,1,0,0,2016,2016-05-18,1550,1389,173,339,67,7,39,162,132,7,310,13,7,9,28,34,9,7
42,37,33,4,6,0,1,0,3,4,0,6,0,0,0,0,0,0,0,2016,2016-05-19,1587,1422,177,345,67,8,39,165,136,7,316,13,7,9,28,34,9,7
43,42,36,6,11,3,0,2,6,5,0,9,0,1,0,0,0,0,1,2016,2016-05-20,1629,1458,183,356,70,8,41,171,141,7,325,13,8,9,28,34,9,8
44,39,36,2,4,0,0,1,2,3,0,13,0,0,0,0,1,0,0,2016,2016-05-21,1668,1494,185,360,70,8,42,173,144,7,338,13,8,9,28,35,9,8
45,74,65,9,16,2,0,2,7,8,3,9,1,0,0,0,1,1,1,2016,2016-05-22,1742,1559,194,376,72,8,44,180,152,10,347,14,8,9,28,36,10,9
46,30,26,1,5,0,0,0,0,4,0,2,0,0,0,1,4,2,0,2016,2016-05-23,1772,1585,195,381,72,8,44,180,156,10,349,14,8,9,29,40,12,9
47,42,35,8,11,2,0,0,6,6,0,7,1,0,0,1,0,1,1,2016,2016-05-24,1814,1620,203,392,74,8,44,186,162,10,356,15,8,9,30,40,13,10
48,29,27,3,3,0,0,1,3,1,0,13,1,0,0,0,0,0,0,2016,2016-05-25,1843,1647,206,395,74,8,45,189,163,10,369,16,8,9,30,40,13,10
49,38,31,5,8,1,0,0,5,4,0,11,1,1,1,1,2,0,1,2016,2016-05-27,1881,1678,211,403,75,8,45,194,167,10,380,17,9,10,31,42,13,11
50,42,39,9,14,3,0,5,9,3,0,10,0,0,0,0,1,1,0,2016,2016-05-28,1923,1717,220,417,78,8,50,203,170,10,390,17,9,10,31,43,14,11
51,41,37,4,9,1,0,0,4,4,0,5,0,0,0,2,1,1,0,2016,2016-05-29,1964,1754,224,426,79,8,50,207,174,10,395,17,9,10,33,44,15,11
52,29,28,0,1,0,0,0,0,1,0,11,0,0,0,0,0,0,0,2016,2016-05-30,1993,1782,224,427,79,8,50,207,175,10,406,17,9,10,33,44,15,11
53,40,34,5,8,0,0,1,5,5,0,9,0,0,1,1,1,1,0,2016,2016-05-31,2033,1816,229,435,79,8,51,212,180,10,415,17,9,11,34,45,16,11
54,31,31,1,4,1,0,1,1,0,0,10,0,0,0,0,0,0,0,2016,2016-06-01,2064,1847,230,439,80,8,52,213,180,10,425,17,9,11,34,45,16,11
55,30,25,2,3,0,0,1,2,2,0,6,1,1,1,0,2,0,0,2016,2016-06-02,2094,1872,232,442,80,8,53,215,182,10,431,18,10,12,34,47,16,11
56,32,29,4,5,1,0,4,4,3,0,11,0,0,0,0,0,0,0,2016,2016-06-03,2126,1901,236,447,81,8,57,219,185,10,442,18,10,12,34,47,16,11
57,37,29,4,6,2,0,0,4,7,1,3,0,0,1,0,0,5,0,2016,2016-06-04,2163,1930,240,453,83,8,57,223,192,11,445,18,10,13,34,47,21,11
58,44,38,12,14,3,0,4,12,6,0,9,0,0,0,1,0,0,0,2016,2016-06-05,2207,1968,252,467,86,8,61,235,198,11,454,18,10,13,35,47,21,11
59,31,26,1,1,0,0,0,1,4,1,6,1,0,0,0,1,0,0,2016,2016-06-06,2238,1994,253,468,86,8,61,236,202,12,460,19,10,13,35,48,21,11
60,32,27,4,5,0,0,2,4,5,0,5,0,0,0,0,3,0,0,2016,2016-06-07,2270,2021,257,473,86,8,63,240,207,12,465,19,10,13,35,51,21,11
61,35,31,0,4,0,0,0,0,2,0,6,1,1,0,1,0,0,0,2016,2016-06-08,2305,2052,257,477,86,8,63,240,209,12,471,20,11,13,36,51,21,11
62,34,32,3,5,1,0,1,2,0,0,9,2,0,0,0,0,0,0,2016,2016-06-10,2339,2084,260,482,87,8,64,242,209,12,480,22,11,13,36,51,21,11
63,44,38,4,11,3,0,1,4,6,0,8,0,0,0,0,2,0,1,2016,2016-06-11,2383,2122,264,493,90,8,65,246,215,12,488,22,11,13,36,53,21,12
64,33,32,1,6,0,0,1,1,1,0,5,0,0,0,0,1,0,0,2016,2016-06-12,2416,2154,265,499,90,8,66,247,216,12,493,22,11,13,36,54,21,12
65,39,34,2,7,3,0,1,2,5,0,7,0,0,0,0,0,0,0,2016,2016-06-13,2455,2188,267,506,93,8,67,249,221,12,500,22,11,13,36,54,21,12
66,40,35,7,9,1,0,4,7,4,0,12,0,1,0,0,0,0,0,2016,2016-06-14,2495,2223,274,515,94,8,71,256,225,12,512,22,12,13,36,54,21,12
67,35,32,3,7,1,0,1,3,3,0,10,0,0,0,0,1,0,0,2016,2016-06-15,2530,2255,277,522,95,8,72,259,228,12,522,22,12,13,36,55,21,12
68,38,33,6,8,1,0,1,6,2,0,8,2,0,1,0,0,1,0,2016,2016-06-16,2568,2288,283,530,96,8,73,265,230,12,530,24,12,14,36,55,22,12
69,39,34,3,8,1,0,2,3,3,2,8,1,1,0,0,1,0,0,2016,2016-06-17,2607,2322,286,538,97,8,75,268,233,14,538,25,13,14,36,56,22,12
70,40,36,10,14,3,0,3,10,4,0,9,0,0,0,0,1,1,0,2016,2016-06-18,2647,2358,296,552,100,8,78,278,237,14,547,25,13,14,36,57,23,12
71,35,31,2,8,1,0,1,2,2,0,6,1,1,0,1,1,0,0,2016,2016-06-19,2682,2389,298,560,101,8,79,280,239,14,553,26,14,14,37,58,23,12
72,32,30,4,7,3,0,2,4,2,1,9,0,0,0,0,1,0,0,2016,2016-06-20,2714,2419,302,567,104,8,81,284,241,15,562,26,14,14,37,59,23,12
73,30,29,3,7,2,0,1,3,1,0,6,0,0,0,0,1,0,1,2016,2016-06-21,2744,2448,305,574,106,8,82,287,242,15,568,26,14,14,37,60,23,13
74,35,33,4,9,0,0,1,1,1,0,8,0,1,0,0,0,0,0,2016,2016-06-22,2779,2481,309,583,106,8,83,288,243,15,576,26,15,14,37,60,23,13
75,40,36,6,13,3,0,1,5,1,0,6,1,0,2,0,2,0,0,2016,2016-06-24,2819,2517,315,596,109,8,84,293,244,15,582,27,15,16,37,62,23,13
76,34,34,1,8,4,0,0,1,0,0,6,0,0,0,0,0,0,1,2016,2016-06-25,2853,2551,316,604,113,8,84,294,244,15,588,27,15,16,37,62,23,14
77,34,30,3,4,2,0,1,3,4,0,7,0,0,0,0,0,0,0,2016,2016-06-26,2887,2581,319,608,115,8,85,297,248,15,595,27,15,16,37,62,23,14
78,41,32,5,7,1,1,0,5,7,0,4,1,0,1,0,1,1,0,2016,2016-06-27,2928,2613,324,615,116,9,85,302,255,15,599,28,15,17,37,63,24,14
79,44,38,6,12,2,1,0,5,5,1,7,1,0,0,0,1,1,0,2016,2016-06-28,2972,2651,330,627,118,10,85,307,260,16,606,29,15,17,37,64,25,14
80,30,28,0,2,1,0,0,0,2,0,8,0,0,0,0,1,0,0,2016,2016-06-29,3002,2679,330,629,119,10,85,307,262,16,614,29,15,17,37,65,25,14
81,44,39,8,14,3,0,3,8,4,1,10,0,1,0,0,1,0,0,2016,2016-06-30,3046,2718,338,643,122,10,88,315,266,17,624,29,16,17,37,66,25,14
82,34,29,5,9,2,0,0,4,4,0,4,0,0,1,0,2,0,0,2016,2016-07-01,3080,2747,343,652,124,10,88,319,270,17,628,29,16,18,37,68,25,14
83,38,33,6,10,3,0,0,5,3,0,7,1,0,1,0,0,0,0,2016,2016-07-02,3118,2780,349,662,127,10,88,324,273,17,635,30,16,19,37,68,25,14
84,33,28,4,7,1,0,2,4,4,0,6,1,0,0,0,1,0,0,2016,2016-07-03,3151,2808,353,669,128,10,90,328,277,17,641,31,16,19,37,69,25,14
85,38,31,7,9,1,1,2,7,6,0,7,0,0,1,0,0,0,0,2016,2016-07-04,3189,2839,360,678,129,11,92,335,283,17,648,31,16,20,37,69,25,14
86,34,31,1,6,1,0,0,1,2,0,7,0,1,0,0,0,0,1,2016,2016-07-05,3223,2870,361,684,130,11,92,336,285,17,655,31,17,20,37,69,25,15
87,62,55,4,16,6,0,1,4,7,3,18,0,0,0,0,3,0,0,2016,2016-07-06,3285,2925,365,700,136,11,93,340,292,20,673,31,17,20,37,72,25,15
88,34,29,0,2,1,0,0,0,4,0,9,1,0,0,0,0,0,0,2016,2016-07-07,3319,2954,365,702,137,11,93,340,296,20,682,32,17,20,37,72,25,15
89,43,33,10,14,4,0,5,10,8,0,6,0,1,1,0,2,0,0,2016,2016-07-08,3362,2987,375,716,141,11,98,350,304,20,688,32,18,21,37,74,25,15
90,34,32,4,9,2,0,0,3,2,0,6,0,0,0,1,2,0,0,2016,2016-07-09,3396,3019,379,725,143,11,98,353,306,20,694,32,18,21,38,76,25,15
91,35,33,3,10,1,0,1,3,1,0,10,1,0,0,0,1,0,0,2016,2016-07-10,3431,3052,382,735,144,11,99,356,307,20,704,33,18,21,38,77,25,15
92,51,45,13,18,2,1,2,12,4,0,11,2,0,0,2,1,0,0,2016,2016-07-15,3482,3097,395,753,146,12,101,368,311,20,715,35,18,21,40,78,25,15
93,52,44,1,10,3,0,0,1,8,1,7,0,0,0,0,0,2,1,2016,2016-07-16,3534,3141,396,763,149,12,101,369,319,21,722,35,18,21,40,78,27,16
94,42,37,5,11,4,0,1,5,3,0,12,2,0,0,0,2,0,0,2016,2016-07-17,3576,3178,401,774,153,12,102,374,322,21,734,37,18,21,40,80,27,16
95,43,39,8,13,2,0,2,8,3,1,11,0,1,0,1,0,1,0,2016,2016-07-19,3619,3217,409,787,155,12,104,382,325,22,745,37,19,21,41,80,28,16
96,32,30,1,4,2,0,0,1,2,0,7,0,0,0,0,1,1,0,2016,2016-07-20,3651,3247,410,791,157,12,104,383,327,22,752,37,19,21,41,81,29,16
97,36,35,6,8,2,0,2,6,1,0,14,0,0,0,0,0,0,0,2016,2016-07-21,3687,3282,416,799,159,12,106,389,328,22,766,37,19,21,41,81,29,16
98,64,60,3,14,3,0,2,3,3,0,12,0,1,0,0,1,0,0,2016,2016-07-22,3751,3342,419,813,162,12,108,392,331,22,778,37,20,21,41,82,29,16
99,39,37,7,13,2,0,1,6,1,0,7,0,1,0,0,0,1,1,2016,2016-07-23,3790,3379,426,826,164,12,109,398,332,22,785,37,21,21,41,82,30,17
100,46,38,9,13,2,0,2,8,7,0,7,1,0,0,0,1,1,0,2016,2016-07-24,3836,3417,435,839,166,12,111,406,339,22,792,38,21,21,41,83,31,17
101,31,30,3,5,0,0,1,3,0,0,9,0,1,0,2,0,0,0,2016,2016-07-26,3867,3447,438,844,166,12,112,409,339,22,801,38,22,21,43,83,31,17
102,35,31,1,5,0,0,0,0,4,0,7,0,0,0,0,1,1,0,2016,2016-07-27,3902,3478,439,849,166,12,112,409,343,22,808,38,22,21,43,84,32,17
103,39,34,9,10,4,0,2,9,5,1,6,0,0,0,0,0,1,0,2016,2016-07-29,3941,3512,448,859,170,12,114,418,348,23,814,38,22,21,43,84,33,17
104,36,33,2,8,3,0,1,2,3,0,6,0,0,0,0,1,0,1,2016,2016-07-30,3977,3545,450,867,173,12,115,420,351,23,820,38,22,21,43,85,33,18
105,46,42,14,17,6,0,3,13,3,0,13,1,0,0,2,1,0,0,2016,2016-07-31,4023,3587,464,884,179,12,118,433,354,23,833,39,22,21,45,86,33,18
106,35,32,3,5,3,0,1,3,3,1,9,0,0,0,0,0,0,0,2016,2016-08-02,4058,3619,467,889,182,12,119,436,357,24,842,39,22,21,45,86,33,18
107,33,30,2,6,0,0,1,2,3,0,6,0,0,0,0,3,0,0,2016,2016-08-03,4091,3649,469,895,182,12,120,438,360,24,848,39,22,21,45,89,33,18
108,40,36,4,11,2,1,1,4,3,0,11,1,0,0,1,2,0,0,2016,2016-08-04,4131,3685,473,906,184,13,121,442,363,24,859,40,22,21,46,91,33,18
109,31,29,0,3,1,0,0,0,1,0,9,0,1,0,0,0,0,0,2016,2016-08-05,4162,3714,473,909,185,13,121,442,364,24,868,40,23,21,46,91,33,18
110,35,34,3,11,1,0,0,3,1,0,11,0,0,0,0,0,0,1,2016,2016-08-06,4197,3748,476,920,186,13,121,445,365,24,879,40,23,21,46,91,33,19
111,39,33,8,9,2,0,3,8,6,1,5,0,0,0,1,1,0,0,2016,2016-08-07,4236,3781,484,929,188,13,124,453,371,25,884,40,23,21,47,92,33,19
112,36,33,9,11,4,0,4,9,2,0,4,0,0,1,0,1,0,0,2016,2016-08-08,4272,3814,493,940,192,13,128,462,373,25,888,40,23,22,47,93,33,19
113,39,36,9,13,4,0,3,9,3,0,11,0,0,0,0,1,0,0,2016,2016-08-09,4311,3850,502,953,196,13,131,471,376,25,899,40,23,22,47,94,33,19
114,38,34,2,8,3,0,0,2,3,0,11,1,0,0,0,0,0,1,2016,2016-08-10,4349,3884,504,961,199,13,131,473,379,25,910,41,23,22,47,94,33,20
115,38,38,1,12,3,0,0,1,0,0,7,0,0,0,0,0,0,0,2016,2016-08-12,4387,3922,505,973,202,13,131,474,379,25,917,41,23,22,47,94,33,20
116,43,41,8,17,5,0,1,6,0,0,7,1,1,0,1,1,2,0,2016,2016-08-13,4430,3963,513,990,207,13,132,480,379,25,924,42,24,22,48,95,35,20
117,36,34,3,7,2,0,1,2,1,0,9,1,0,0,0,0,0,0,2016,2016-08-14,4466,3997,516,997,209,13,133,482,380,25,933,43,24,22,48,95,35,20
118,47,40,15,13,2,1,4,15,5,0,12,1,1,0,1,0,0,0,2016,2016-08-16,4513,4037,531,1010,211,14,137,497,385,25,945,44,25,22,49,95,35,20
119,43,38,7,11,1,0,3,7,5,0,8,0,0,0,0,0,0,0,2016,2016-08-17,4556,4075,538,1021,212,14,140,504,390,25,953,44,25,22,49,95,35,20
120,36,34,4,7,2,0,2,4,2,1,9,0,0,0,0,0,0,0,2016,2016-08-18,4592,4109,542,1028,214,14,142,508,392,26,962,44,25,22,49,95,35,20
121,43,36,2,10,1,1,0,2,5,0,6,2,0,0,0,1,0,0,2016,2016-08-19,4635,4145,544,1038,215,15,142,510,397,26,968,46,25,22,49,96,35,20
122,33,30,1,3,1,0,0,1,3,0,10,0,0,0,0,0,0,0,2016,2016-08-20,4668,4175,545,1041,216,15,142,511,400,26,978,46,25,22,49,96,35,20
123,37,32,4,8,1,0,1,4,3,1,7,0,1,1,0,1,0,0,2016,2016-08-21,4705,4207,549,1049,217,15,143,515,403,27,985,46,26,23,49,97,35,20
124,52,46,18,21,0,0,7,18,4,0,7,0,0,2,0,0,0,0,2016,2016-08-22,4757,4253,567,1070,217,15,150,533,407,27,992,46,26,25,49,97,35,20
125,41,37,9,14,2,0,2,9,3,0,12,0,0,1,0,0,1,0,2016,2016-08-23,4798,4290,576,1084,219,15,152,542,410,27,1004,46,26,26,49,97,36,20
126,29,28,1,5,1,0,1,1,1,0,8,0,0,0,0,0,0,1,2016,2016-08-24,4827,4318,577,1089,220,15,153,543,411,27,1012,46,26,26,49,97,36,21
127,31,28,0,1,0,0,0,0,3,0,7,0,0,0,0,0,0,0,2016,2016-08-25,4858,4346,577,1090,220,15,153,543,414,27,1019,46,26,26,49,97,36,21
128,44,38,4,9,3,0,1,3,5,0,12,1,0,0,1,1,0,1,2016,2016-08-26,4902,4384,581,1099,223,15,154,546,419,27,1031,47,26,26,50,98,36,22
129,30,30,3,6,1,0,1,3,0,0,6,0,0,0,0,0,0,0,2016,2016-08-27,4932,4414,584,1105,224,15,155,549,419,27,1037,47,26,26,50,98,36,22
130,32,28,1,4,0,0,0,1,3,1,12,1,0,0,1,2,0,0,2016,2016-08-28,4964,4442,585,1109,224,15,155,550,422,28,1049,48,26,26,51,100,36,22
131,39,31,1,5,0,1,0,1,5,0,10,3,0,0,0,1,1,0,2016,2016-08-29,5003,4473,586,1114,224,16,155,551,427,28,1059,51,26,26,51,101,37,22
132,34,32,0,6,1,0,0,0,2,0,8,0,0,0,0,1,0,0,2016,,5037,4505,586,1120,225,16,155,551,429,28,1067,51,26,26,51,102,37,22
133,45,36,10,10,3,0,2,10,8,0,2,0,0,1,0,0,0,0,2016,,5082,4541,596,1130,228,16,157,561,437,28,1069,51,26,27,51,102,37,22
134,40,39,2,13,1,0,1,2,1,0,13,0,0,0,0,1,0,0,2016,2016-09-02,5122,4580,598,1143,229,16,158,563,438,28,1082,51,26,27,51,103,37,22
135,33,30,5,9,0,0,2,5,3,0,7,0,0,0,0,3,0,0,2016,2016-09-03,5155,4610,603,1152,229,16,160,568,441,28,1089,51,26,27,51,106,37,22
136,38,32,7,9,0,0,2,7,6,0,7,0,0,0,0,0,0,0,2016,2016-09-04,5193,4642,610,1161,229,16,162,575,447,28,1096,51,26,27,51,106,37,22
137,38,34,10,11,2,0,5,9,3,0,9,0,1,0,0,0,0,0,2016,2016-09-05,5231,4676,620,1172,231,16,167,584,450,28,1105,51,27,27,51,106,37,22
138,35,33,5,11,3,0,0,5,2,0,6,0,0,0,0,1,0,0,2016,2016-09-06,5266,4709,625,1183,234,16,167,589,452,28,1111,51,27,27,51,107,37,22
139,32,27,3,4,1,0,1,3,4,0,12,0,0,1,0,1,0,0,2016,2016-09-07,5298,4736,628,1187,235,16,168,592,456,28,1123,51,27,28,51,108,37,22
140,37,33,1,7,1,0,1,1,3,0,17,0,1,0,0,0,0,0,2016,2016-09-09,5335,4769,629,1194,236,16,169,593,459,28,1140,51,28,28,51,108,37,22
141,36,33,5,8,0,0,4,5,3,0,8,0,0,0,0,1,0,1,2016,2016-09-10,5371,4802,634,1202,236,16,173,598,462,28,1148,51,28,28,51,109,37,23
142,30,30,0,4,0,0,0,0,0,0,4,0,0,0,0,1,0,0,2016,2016-09-11,5401,4832,634,1206,236,16,173,598,462,28,1152,51,28,28,51,110,37,23
143,41,39,8,12,1,1,2,7,1,0,9,1,0,0,0,0,2,0,2016,2016-09-12,5442,4871,642,1218,237,17,175,605,463,28,1161,52,28,28,51,110,39,23
144,33,32,0,5,1,0,0,0,1,0,10,0,0,0,0,0,0,0,2016,2016-09-13,5475,4903,642,1223,238,17,175,605,464,28,1171,52,28,28,51,110,39,23
145,34,31,2,4,2,0,0,1,2,0,9,0,0,0,1,2,1,0,2016,2016-09-14,5509,4934,644,1227,240,17,175,606,466,28,1180,52,28,28,52,112,40,23
146,37,35,3,9,3,0,0,2,2,0,11,0,0,0,0,1,0,0,2016,2016-09-15,5546,4969,647,1236,243,17,175,608,468,28,1191,52,28,28,52,113,40,23
147,35,31,3,5,1,1,0,1,4,1,6,0,0,0,0,1,0,0,2016,2016-09-16,5581,5000,650,1241,244,18,175,609,472,29,1197,52,28,28,52,114,40,23
148,41,36,6,11,3,1,1,4,4,1,4,0,0,1,0,1,1,0,2016,2016-09-17,5622,5036,656,1252,247,19,176,613,476,30,1201,52,28,29,52,115,41,23
149,53,46,9,10,4,0,1,9,7,0,14,0,0,0,0,0,1,0,2016,2016-09-18,5675,5082,665,1262,251,19,177,622,483,30,1215,52,28,29,52,115,42,23
150,32,30,2,6,2,0,0,2,0,0,11,2,0,0,0,0,0,0,2016,2016-09-19,5707,5112,667,1268,253,19,177,624,483,30,1226,54,28,29,52,115,42,23
151,37,35,0,9,1,0,0,0,2,0,13,0,0,0,1,1,0,0,2016,2016-09-20,5744,5147,667,1277,254,19,177,624,485,30,1239,54,28,29,53,116,42,23
152,37,33,9,12,2,0,1,9,2,0,4,1,0,1,0,0,1,0,2016,2016-09-21,5781,5180,676,1289,256,19,178,633,487,30,1243,55,28,30,53,116,43,23
153,39,31,7,9,2,0,2,7,8,0,6,0,0,0,0,1,0,1,2016,2016-09-22,5820,5211,683,1298,258,19,180,640,495,30,1249,55,28,30,53,117,43,24
154,38,29,5,8,1,0,2,5,6,0,14,2,0,1,0,0,0,1,2016,2016-09-23,5858,5240,688,1306,259,19,182,645,501,30,1263,57,28,31,53,117,43,25
155,47,36,14,13,1,0,1,13,8,1,7,1,2,0,1,0,1,0,2016,2016-09-24,5905,5276,702,1319,260,19,183,658,509,31,1270,58,30,31,54,117,44,25
156,44,40,4,12,2,1,2,4,3,0,7,0,0,1,1,1,0,0,2016,2016-09-25,5949,5316,706,1331,262,20,185,662,512,31,1277,58,30,32,55,118,44,25
157,38,32,1,5,1,0,1,1,6,0,6,0,0,0,0,0,0,0,2016,2016-09-27,5987,5348,707,1336,263,20,186,663,518,31,1283,58,30,32,55,118,44,25
158,36,35,5,9,1,0,3,5,1,0,9,0,0,0,0,0,1,1,2016,2016-09-28,6023,5383,712,1345,264,20,189,668,519,31,1292,58,30,32,55,118,45,26
159,44,42,9,15,7,1,0,8,2,0,8,0,0,0,0,0,0,0,2016,2016-09-29,6067,5425,721,1360,271,21,189,676,521,31,1300,58,30,32,55,118,45,26
160,35,34,3,9,1,0,0,3,1,0,7,0,0,0,0,0,0,0,2016,2016-09-30,6102,5459,724,1369,272,21,189,679,522,31,1307,58,30,32,55,118,45,26
161,30,29,0,3,0,0,0,0,1,0,7,0,0,0,0,1,0,0,2016,2016-10-01,6132,5488,724,1372,272,21,189,679,523,31,1314,58,30,32,55,119,45,26
162,32,30,1,4,0,0,0,1,2,0,7,0,0,0,0,1,0,0,2016,2016-10-02,6164,5518,725,1376,272,21,189,680,525,31,1321,58,30,32,55,120,45,26
1,39,33,6,9,4,1,2,6,5,2,10,1,0,0,1,0,2,1,2015,2015-04-06,39,33,6,9,4,1,2,6,5,2,10,1,0,0,1,0,2,1
2,36,32,3,7,4,0,1,3,4,0,9,0,0,0,0,0,1,1,2015,2015-04-07,75,65,9,16,8,1,3,9,9,2,19,1,0,0,1,0,3,2
3,38,35,7,12,1,1,3,7,3,0,9,0,0,0,1,0,0,1,2015,2015-04-08,113,100,16,28,9,2,6,16,12,2,28,1,0,0,2,0,3,3
4,39,35,3,8,1,0,1,3,3,1,8,0,1,0,0,2,0,0,2015,2015-04-10,152,135,19,36,10,2,7,19,15,3,36,1,1,0,2,2,3,3
5,32,28,0,2,1,0,0,0,4,0,9,0,0,0,0,1,0,0,2015,2015-04-11,184,163,19,38,11,2,7,19,19,3,45,1,1,0,2,3,3,3
6,47,40,7,16,3,1,3,7,4,2,4,1,1,1,1,1,1,1,2015,2015-04-12,231,203,26,54,14,3,10,26,23,5,49,2,2,1,3,4,4,4
7,42,37,6,9,3,0,1,6,4,1,7,0,0,1,0,0,0,0,2015,2015-04-13,273,240,32,63,17,3,11,32,27,6,56,2,2,2,3,4,4,4
8,40,36,6,12,2,0,2,6,4,0,6,0,0,0,1,1,0,1,2015,2015-04-14,313,276,38,75,19,3,13,38,31,6,62,2,2,2,4,5,4,5
9,39,31,5,9,2,0,0,5,7,2,7,1,0,0,0,1,0,1,2015,2015-04-15,352,307,43,84,21,3,13,43,38,8,69,3,2,2,4,6,4,6
10,38,32,7,10,4,0,1,6,5,1,9,0,0,1,0,1,1,0,2015,2015-04-17,390,339,50,94,25,3,14,49,43,9,78,3,2,3,4,7,5,6
11,37,31,6,9,4,0,0,6,5,0,8,0,1,0,0,1,1,0,2015,2015-04-18,427,370,56,103,29,3,14,55,48,9,86,3,3,3,4,8,6,6
12,39,36,7,14,7,0,3,7,2,0,6,0,1,0,0,0,0,1,2015,2015-04-19,466,406,63,117,36,3,17,62,50,9,92,3,4,3,4,8,6,7
13,36,30,2,7,2,0,0,1,6,0,6,0,0,0,0,3,0,0,2015,2015-04-21,502,436,65,124,38,3,17,63,56,9,98,3,4,3,4,11,6,7
14,38,35,2,7,0,0,1,2,3,0,10,0,0,0,1,0,0,0,2015,2015-04-22,540,471,67,131,38,3,18,65,59,9,108,3,4,3,5,11,6,7
15,39,34,2,6,0,0,2,2,2,0,7,2,1,0,0,1,0,0,2015,2015-04-23,579,505,69,137,38,3,20,67,61,9,115,5,5,3,5,12,6,7
16,36,32,3,8,1,0,1,3,2,0,6,1,0,1,0,2,0,0,2015,2015-04-24,615,537,72,145,39,3,21,70,63,9,121,6,5,4,5,14,6,7
17,45,38,11,13,4,0,4,11,5,0,4,1,1,0,0,0,0,0,2015,2015-04-25,660,575,83,158,43,3,25,81,68,9,125,7,6,4,5,14,6,7
18,31,29,1,5,0,0,1,1,1,0,6,0,1,0,0,1,0,1,2015,2015-04-26,691,604,84,163,43,3,26,82,69,9,131,7,7,4,5,15,6,8
19,39,33,8,11,1,1,2,7,5,0,2,0,1,0,0,0,1,0,2015,2015-04-27,730,637,92,174,44,4,28,89,74,9,133,7,8,4,5,15,7,8
20,33,32,1,5,1,0,0,1,1,0,10,0,0,0,1,1,0,0,2015,2015-04-28,763,669,93,179,45,4,28,90,75,9,143,7,8,4,6,16,7,8
21,33,28,7,8,3,0,4,7,3,0,4,0,0,2,0,2,0,0,2015,2015-04-29,796,697,100,187,48,4,32,97,78,9,147,7,8,6,6,18,7,8
22,36,30,8,6,0,0,3,8,6,0,12,0,0,0,0,0,0,0,2015,2015-05-01,832,727,108,193,48,4,35,105,84,9,159,7,8,6,6,18,7,8
23,37,35,6,12,3,0,2,6,2,0,9,0,0,0,0,0,0,1,2015,2015-05-02,869,762,114,205,51,4,37,111,86,9,168,7,8,6,6,18,7,9
24,44,41,1,6,2,0,1,1,2,0,15,1,0,0,1,1,0,0,2015,2015-05-03,913,803,115,211,53,4,38,112,88,9,183,8,8,6,7,19,7,9
25,39,32,3,6,1,0,1,3,5,0,11,1,0,1,0,0,0,0,2015,2015-05-04,952,835,118,217,54,4,39,115,93,9,194,9,8,7,7,19,7,9
26,42,36,8,9,2,0,3,8,6,0,9,0,0,0,0,0,0,0,2015,2015-05-05,994,871,126,226,56,4,42,123,99,9,203,9,8,7,7,19,7,9
27,34,33,3,8,1,0,2,2,0,0,8,0,1,0,0,1,0,0,2015,2015-05-06,1028,904,129,234,57,4,44,125,99,9,211,9,9,7,7,20,7,9
28,49,38,14,13,1,1,3,14,10,2,11,1,0,0,0,2,0,0,2015,2015-05-07,1077,942,143,247,58,5,47,139,109,11,222,10,9,7,7,22,7,9
29,23,17,2,5,1,0,0,2,4,0,3,1,0,1,0,1,1,1,2015,2015-05-08,1100,959,145,252,59,5,47,141,113,11,225,11,9,8,7,23,8,10
30,44,32,9,9,3,0,1,9,10,0,9,0,1,1,0,1,0,0,2015,2015-05-10,1144,991,154,261,62,5,48,150,123,11,234,11,10,9,7,24,8,10
31,35,29,5,7,2,0,1,5,5,0,6,0,1,0,0,0,0,1,2015,2015-05-11,1179,1020,159,268,64,5,49,155,128,11,240,11,11,9,7,24,8,11
32,47,44,11,21,3,0,2,11,1,0,8,1,0,1,0,0,0,0,2015,2015-05-12,1226,1064,170,289,67,5,51,166,129,11,248,12,11,10,7,24,8,11
33,34,31,4,6,1,1,2,3,3,0,6,0,0,0,0,1,0,0,2015,2015-05-13,1260,1095,174,295,68,6,53,169,132,11,254,12,11,10,7,25,8,11
34,41,35,4,9,5,0,0,4,6,0,5,0,0,0,0,0,1,1,2015,2015-05-14,1301,1130,178,304,73,6,53,173,138,11,259,12,11,10,7,25,9,12
35,40,33,6,12,2,0,1,5,5,0,6,1,1,0,1,2,0,0,2015,2015-05-15,1341,1163,184,316,75,6,54,178,143,11,265,13,12,10,8,27,9,12
36,33,30,1,3,2,0,0,1,1,0,7,2,0,0,2,2,0,0,2015,2015-05-16,1374,1193,185,319,77,6,54,179,144,11,272,15,12,10,10,29,9,12
37,32,26,1,3,0,0,0,1,6,0,2,0,0,0,0,0,0,1,2015,2015-05-17,1406,1219,186,322,77,6,54,180,150,11,274,15,12,10,10,29,9,13
38,38,33,0,7,1,0,0,0,5,0,3,0,0,0,0,0,0,1,2015,2015-05-19,1444,1252,186,329,78,6,54,180,155,11,277,15,12,10,10,29,9,14
39,35,33,0,6,2,0,0,0,2,0,5,0,0,0,0,0,0,0,2015,2015-05-20,1479,1285,186,335,80,6,54,180,157,11,282,15,12,10,10,29,9,14
40,37,34,0,9,2,0,0,0,3,0,8,0,0,0,1,2,0,0,2015,2015-05-21,1516,1319,186,344,82,6,54,180,160,11,290,15,12,10,11,31,9,14
41,30,29,2,6,1,0,1,2,1,0,4,0,0,0,0,1,0,0,2015,2015-05-22,1546,1348,188,350,83,6,55,182,161,11,294,15,12,10,11,32,9,14
42,30,30,2,6,1,0,1,2,0,0,9,0,0,0,0,0,2,0,2015,2015-05-23,1576,1378,190,356,84,6,56,184,161,11,303,15,12,10,11,32,11,14
43,33,32,3,7,0,0,1,2,1,0,10,0,0,0,0,2,0,0,2015,2015-05-24,1609,1410,193,363,84,6,57,186,162,11,313,15,12,10,11,34,11,14
44,40,34,6,11,1,0,3,6,5,0,9,1,0,0,0,1,0,0,2015,2015-05-25,1649,1444,199,374,85,6,60,192,167,11,322,16,12,10,11,35,11,14
45,33,30,8,11,4,0,1,8,3,1,2,0,0,0,0,2,0,1,2015,2015-05-26,1682,1474,207,385,89,6,61,200,170,12,324,16,12,10,11,37,11,15
46,36,34,2,9,0,0,1,2,2,0,8,0,0,0,0,1,1,0,2015,2015-05-27,1718,1508,209,394,89,6,62,202,172,12,332,16,12,10,11,38,12,15
47,33,32,0,6,1,0,0,0,1,0,11,0,0,0,0,1,0,0,2015,2015-05-29,1751,1540,209,400,90,6,62,202,173,12,343,16,12,10,11,39,12,15
48,39,35,5,9,1,0,1,5,3,0,11,1,0,0,0,1,0,0,2015,2015-05-30,1790,1575,214,409,91,6,63,207,176,12,354,17,12,10,11,40,12,15
49,34,29,1,2,0,0,1,1,5,0,12,0,0,0,0,0,0,0,2015,2015-05-31,1824,1604,215,411,91,6,64,208,181,12,366,17,12,10,11,40,12,15
50,49,44,11,18,3,1,4,11,5,1,6,0,0,0,1,0,0,0,2015,2015-06-01,1873,1648,226,429,94,7,68,219,186,13,372,17,12,10,12,40,12,15
51,35,31,3,5,1,0,1,3,4,0,9,0,0,0,0,0,0,0,2015,,1908,1679,229,434,95,7,69,222,190,13,381,17,12,10,12,40,12,15
52,42,39,9,13,0,1,4,9,3,0,7,0,0,0,0,1,1,0,2015,,1950,1718,238,447,95,8,73,231,193,13,388,17,12,10,12,41,13,15
53,42,36,6,11,3,0,1,5,5,0,7,1,0,0,0,2,0,0,2015,2015-06-03,1992,1754,244,458,98,8,74,236,198,13,395,18,12,10,12,43,13,15
54,36,34,1,9,2,0,0,1,0,0,7,0,1,1,0,0,0,0,2015,2015-06-04,2028,1788,245,467,100,8,74,237,198,13,402,18,13,11,12,43,13,15
55,34,30,1,4,0,0,0,1,4,0,14,0,0,0,0,1,0,0,2015,2015-06-05,2062,1818,246,471,100,8,74,238,202,13,416,18,13,11,12,44,13,15
56,28,27,2,7,2,0,0,2,0,0,6,0,1,0,0,3,0,0,2015,2015-06-06,2090,1845,248,478,102,8,74,240,202,13,422,18,14,11,12,47,13,15
57,35,33,2,7,1,0,0,2,2,0,10,0,0,0,0,0,1,0,2015,2015-06-07,2125,1878,250,485,103,8,74,242,204,13,432,18,14,11,12,47,14,15
58,35,34,9,10,1,0,2,9,1,0,5,0,0,0,0,0,0,0,2015,2015-06-08,2160,1912,259,495,104,8,76,251,205,13,437,18,14,11,12,47,14,15
59,36,30,3,7,1,0,1,3,5,1,4,1,0,0,0,1,0,0,2015,2015-06-09,2196,1942,262,502,105,8,77,254,210,14,441,19,14,11,12,48,14,15
60,40,32,7,9,2,0,2,7,5,0,8,0,2,1,1,0,0,0,2015,2015-06-10,2236,1974,269,511,107,8,79,261,215,14,449,19,16,12,13,48,14,15
61,39,33,4,11,1,0,0,4,4,0,6,1,1,0,0,1,0,1,2015,2015-06-12,2275,2007,273,522,108,8,79,265,219,14,455,20,17,12,13,49,14,16
62,31,29,1,5,0,0,1,1,1,0,6,1,0,0,0,2,0,0,2015,2015-06-13,2306,2036,274,527,108,8,80,266,220,14,461,21,17,12,13,51,14,16
63,49,41,4,10,3,1,1,4,7,0,12,0,1,0,0,3,0,0,2015,2015-06-14,2355,2077,278,537,111,9,81,270,227,14,473,21,18,12,13,54,14,16
64,34,30,1,7,1,0,1,1,4,0,6,0,0,0,0,3,0,1,2015,2015-06-15,2389,2107,279,544,112,9,82,271,231,14,479,21,18,12,13,57,14,17
65,36,34,2,7,0,0,1,2,2,0,2,0,0,0,0,0,0,0,2015,2015-06-16,2425,2141,281,551,112,9,83,273,233,14,481,21,18,12,13,57,14,17
66,40,34,3,9,4,0,1,3,5,0,5,0,1,0,0,1,0,0,2015,2015-06-17,2465,2175,284,560,116,9,84,276,238,14,486,21,19,12,13,58,14,17
67,34,29,1,5,0,1,0,0,4,0,6,0,1,0,0,1,0,0,2015,2015-06-18,2499,2204,285,565,116,10,84,276,242,14,492,21,20,12,13,59,14,17
68,37,34,5,9,3,0,1,5,2,0,4,1,0,0,0,2,0,0,2015,2015-06-19,2536,2238,290,574,119,10,85,281,244,14,496,22,20,12,13,61,14,17
69,35,33,2,7,2,0,2,2,2,0,6,0,0,0,0,1,0,0,2015,2015-06-20,2571,2271,292,581,121,10,87,283,246,14,502,22,20,12,13,62,14,17
70,43,38,10,16,3,0,4,9,3,0,5,0,2,0,0,0,0,0,2015,2015-06-21,2614,2309,302,597,124,10,91,292,249,14,507,22,22,12,13,62,14,17
71,32,28,2,5,0,0,2,2,4,0,8,0,0,0,0,2,0,2,2015,2015-06-22,2646,2337,304,602,124,10,93,294,253,14,515,22,22,12,13,64,14,19
72,36,32,0,3,1,1,0,0,3,0,8,0,1,0,0,0,0,0,2015,2015-06-23,2682,2369,304,605,125,11,93,294,256,14,523,22,23,12,13,64,14,19
73,34,33,5,7,2,0,2,5,1,0,10,0,0,0,0,1,0,0,2015,2015-06-24,2716,2402,309,612,127,11,95,299,257,14,533,22,23,12,13,65,14,19
74,37,31,4,6,1,2,0,4,6,0,9,0,0,0,0,0,0,1,2015,2015-06-25,2753,2433,313,618,128,13,95,303,263,14,542,22,23,12,13,65,14,20
75,43,38,7,13,1,0,1,7,4,1,6,1,0,0,0,1,0,0,2015,2015-06-26,2796,2471,320,631,129,13,96,310,267,15,548,23,23,12,13,66,14,20
76,32,32,2,6,0,0,1,2,0,0,9,0,0,0,0,1,0,0,2015,2015-06-27,2828,2503,322,637,129,13,97,312,267,15,557,23,23,12,13,67,14,20
77,41,32,2,7,1,0,0,2,8,1,9,0,1,0,0,1,0,0,2015,2015-06-28,2869,2535,324,644,130,13,97,314,275,16,566,23,24,12,13,68,14,20
78,44,36,6,10,1,0,3,5,7,1,8,1,0,0,1,1,0,0,2015,2015-06-29,2913,2571,330,654,131,13,100,319,282,17,574,24,24,12,14,69,14,20
79,44,41,6,11,3,0,2,6,3,0,13,0,0,0,0,0,0,0,2015,2015-06-30,2957,2612,336,665,134,13,102,325,285,17,587,24,24,12,14,69,14,20
80,39,33,4,9,3,1,0,4,4,0,9,1,0,1,0,1,0,1,2015,2015-07-01,2996,2645,340,674,137,14,102,329,289,17,596,25,24,13,14,70,14,21
81,33,31,1,3,1,0,1,1,2,0,10,0,0,0,1,0,1,0,2015,2015-07-03,3029,2676,341,677,138,14,103,330,291,17,606,25,24,13,15,70,15,21
82,39,33,4,10,2,0,1,4,6,0,6,0,0,0,0,1,1,0,2015,2015-07-04,3068,2709,345,687,140,14,104,334,297,17,612,25,24,13,15,71,16,21
83,33,30,0,3,0,0,0,0,2,0,11,1,0,0,0,0,1,0,2015,2015-07-05,3101,2739,345,690,140,14,104,334,299,17,623,26,24,13,15,71,17,21
84,42,36,10,15,5,1,2,10,3,0,4,0,1,1,0,0,0,1,2015,2015-07-06,3143,2775,355,705,145,15,106,344,302,17,627,26,25,14,15,71,17,22
85,35,31,2,6,0,0,1,2,1,0,7,3,0,0,1,1,0,0,2015,2015-07-07,3178,2806,357,711,145,15,107,346,303,17,634,29,25,14,16,72,17,22
86,37,33,5,9,2,0,2,5,2,0,7,1,1,0,1,0,0,0,2015,2015-07-08,3215,2839,362,720,147,15,109,351,305,17,641,30,26,14,17,72,17,22
87,36,31,6,7,2,0,2,6,4,0,5,1,0,0,0,0,0,0,2015,2015-07-09,3251,2870,368,727,149,15,111,357,309,17,646,31,26,14,17,72,17,22
88,33,29,3,5,1,0,0,3,3,0,9,1,0,0,1,1,2,0,2015,2015-07-10,3284,2899,371,732,150,15,111,360,312,17,655,32,26,14,18,73,19,22
89,29,26,1,3,1,0,0,1,2,0,7,0,0,1,0,2,0,0,2015,2015-07-11,3313,2925,372,735,151,15,111,361,314,17,662,32,26,15,18,75,19,22
90,34,33,4,9,3,0,2,4,1,0,10,0,0,0,0,0,0,0,2015,2015-07-12,3347,2958,376,744,154,15,113,365,315,17,672,32,26,15,18,75,19,22
91,37,34,3,6,0,0,2,3,2,0,10,1,0,0,1,0,0,0,2015,,3384,2992,379,750,154,15,115,368,317,17,682,33,26,15,19,75,19,22
92,43,37,4,13,1,0,0,4,4,1,6,1,0,1,0,1,0,1,2015,2015-07-18,3427,3029,383,763,155,15,115,372,321,18,688,34,26,16,19,76,19,23
93,45,40,5,15,1,0,0,4,3,1,13,0,2,0,0,0,0,0,2015,2015-07-19,3472,3069,388,778,156,15,115,376,324,19,701,34,28,16,19,76,19,23
94,39,39,5,14,2,0,1,4,0,0,2,0,0,0,0,1,0,0,2015,2015-07-20,3511,3108,393,792,158,15,116,380,324,19,703,34,28,16,19,77,19,23
95,36,31,3,6,1,0,2,3,4,0,4,0,1,0,1,2,0,0,2015,2015-07-21,3547,3139,396,798,159,15,118,383,328,19,707,34,29,16,20,79,19,23
96,36,31,3,6,2,0,0,3,5,0,14,0,0,0,1,2,0,0,2015,2015-07-22,3583,3170,399,804,161,15,118,386,333,19,721,34,29,16,21,81,19,23
97,34,31,3,8,0,0,1,3,1,0,6,1,0,1,0,3,0,0,2015,2015-07-23,3617,3201,402,812,161,15,119,389,334,19,727,35,29,17,21,84,19,23
98,39,37,7,12,4,0,3,6,1,0,6,1,0,0,0,1,0,0,2015,2015-07-24,3656,3238,409,824,165,15,122,395,335,19,733,36,29,17,21,85,19,23
99,34,33,2,7,1,0,2,2,1,0,8,0,0,0,0,0,0,0,2015,2015-07-25,3690,3271,411,831,166,15,124,397,336,19,741,36,29,17,21,85,19,23
100,38,34,2,5,2,0,0,2,3,0,10,0,1,0,0,0,1,0,2015,2015-07-26,3728,3305,413,836,168,15,124,399,339,19,751,36,30,17,21,85,20,23
101,30,29,0,3,1,0,0,0,1,0,9,0,0,0,0,0,0,1,2015,2015-07-28,3758,3334,413,839,169,15,124,399,340,19,760,36,30,17,21,85,20,24
102,39,35,10,12,4,1,1,10,4,0,9,0,0,0,0,0,1,0,2015,2015-07-29,3797,3369,423,851,173,16,125,409,344,19,769,36,30,17,21,85,21,24
103,36,33,5,10,2,0,2,5,2,0,7,1,0,0,0,1,0,0,2015,2015-07-31,3833,3402,428,861,175,16,127,414,346,19,776,37,30,17,21,86,21,24
104,34,30,3,7,0,0,1,3,3,0,6,0,0,1,0,0,1,0,2015,2015-08-01,3867,3432,431,868,175,16,128,417,349,19,782,37,30,18,21,86,22,24
105,40,36,5,9,1,0,3,5,3,0,10,1,0,0,0,1,0,0,2015,2015-08-02,3907,3468,436,877,176,16,131,422,352,19,792,38,30,18,21,87,22,24
106,42,37,2,11,2,0,0,2,5,0,12,0,0,0,1,2,0,0,2015,2015-08-04,3949,3505,438,888,178,16,131,424,357,19,804,38,30,18,22,89,22,24
107,43,34,4,10,0,0,1,4,9,0,5,0,0,0,0,1,0,0,2015,2015-08-05,3992,3539,442,898,178,16,132,428,366,19,809,38,30,18,22,90,22,24
108,43,40,10,15,4,0,2,10,2,0,9,0,0,1,0,1,0,0,2015,2015-08-06,4035,3579,452,913,182,16,134,438,368,19,818,38,30,19,22,91,22,24
109,41,34,4,6,3,0,0,4,5,0,9,1,0,0,0,2,2,0,2015,2015-08-07,4076,3613,456,919,185,16,134,442,373,19,827,39,30,19,22,93,24,24
110,43,38,5,13,1,0,1,5,4,0,8,1,0,0,1,3,0,0,2015,2015-08-08,4119,3651,461,932,186,16,135,447,377,19,835,40,30,19,23,96,24,24
111,42,38,6,14,2,0,1,6,4,1,10,0,0,0,0,2,4,0,2015,2015-08-09,4161,3689,467,946,188,16,136,453,381,20,845,40,30,19,23,98,28,24
112,38,35,3,8,2,1,1,3,2,0,9,0,1,0,1,0,0,0,2015,2015-08-10,4199,3724,470,954,190,17,137,456,383,20,854,40,31,19,24,98,28,24
113,35,29,5,6,0,2,1,5,6,0,4,0,0,0,0,0,0,0,2015,2015-08-11,4234,3753,475,960,190,19,138,461,389,20,858,40,31,19,24,98,28,24
114,30,27,3,4,2,0,0,1,2,0,10,1,0,0,0,0,0,0,2015,2015-08-12,4264,3780,478,964,192,19,138,462,391,20,868,41,31,19,24,98,28,24
115,40,35,3,11,1,0,1,3,3,0,4,0,0,2,0,1,1,0,2015,2015-08-13,4304,3815,481,975,193,19,139,465,394,20,872,41,31,21,24,99,29,24
116,36,31,5,11,2,0,1,5,4,0,9,0,0,1,0,0,0,2,2015,2015-08-14,4340,3846,486,986,195,19,140,470,398,20,881,41,31,22,24,99,29,26
117,38,31,8,12,0,0,4,8,5,0,2,0,2,0,1,3,1,0,2015,2015-08-15,4378,3877,494,998,195,19,144,478,403,20,883,41,33,22,25,102,30,26
118,31,28,2,7,0,0,2,2,2,0,10,0,1,0,0,1,0,1,2015,2015-08-16,4409,3905,496,1005,195,19,146,480,405,20,893,41,34,22,25,103,30,27
119,45,36,4,7,0,0,1,4,9,0,9,0,0,0,0,1,0,0,2015,2015-08-18,4454,3941,500,1012,195,19,147,484,414,20,902,41,34,22,25,104,30,27
120,31,29,2,2,1,0,1,2,2,0,6,0,0,0,0,0,0,0,2015,2015-08-19,4485,3970,502,1014,196,19,148,486,416,20,908,41,34,22,25,104,30,27
121,30,27,0,0,0,0,0,0,3,0,10,0,0,0,0,0,0,0,2015,2015-08-21,4515,3997,502,1014,196,19,148,486,419,20,918,41,34,22,25,104,30,27
122,34,33,1,7,2,0,0,1,1,0,12,0,0,0,0,0,0,0,2015,2015-08-22,4549,4030,503,1021,198,19,148,487,420,20,930,41,34,22,25,104,30,27
123,38,35,2,10,2,0,0,1,1,0,12,0,1,1,0,1,1,1,2015,2015-08-23,4587,4065,505,1031,200,19,148,488,421,20,942,41,35,23,25,105,31,28
124,38,33,5,7,3,0,2,5,3,0,7,1,1,0,0,0,0,0,2015,2015-08-25,4625,4098,510,1038,203,19,150,493,424,20,949,42,36,23,25,105,31,28
125,41,37,7,10,2,0,3,7,3,0,6,1,0,0,0,0,0,0,2015,2015-08-26,4666,4135,517,1048,205,19,153,500,427,20,955,43,36,23,25,105,31,28
126,36,30,1,8,0,0,0,0,4,0,8,2,0,0,0,5,0,0,2015,2015-08-27,4702,4165,518,1056,205,19,153,500,431,20,963,45,36,23,25,110,31,28
127,34,29,4,6,1,1,0,2,4,0,5,1,0,0,0,1,0,0,2015,2015-08-28,4736,4194,522,1062,206,20,153,502,435,20,968,46,36,23,25,111,31,28
128,37,34,5,11,2,0,0,5,1,0,7,0,1,0,0,0,4,0,2015,2015-08-29,4773,4228,527,1073,208,20,153,507,436,20,975,46,37,23,25,111,35,28
129,29,27,0,0,0,0,0,0,1,0,12,0,1,0,1,0,0,0,2015,2015-08-30,4802,4255,527,1073,208,20,153,507,437,20,987,46,38,23,26,111,35,28
130,57,50,5,12,2,0,2,5,6,3,9,0,1,0,0,0,4,0,2015,2015-08-31,4859,4305,532,1085,210,20,155,512,443,23,996,46,39,23,26,111,39,28
131,34,33,2,9,1,0,1,2,1,0,9,0,0,0,0,0,1,0,2015,2015-09-01,4893,4338,534,1094,211,20,156,514,444,23,1005,46,39,23,26,111,40,28
132,29,28,2,6,1,0,1,2,0,0,5,1,0,0,0,1,1,0,2015,2015-09-02,4922,4366,536,1100,212,20,157,516,444,23,1010,47,39,23,26,112,41,28
133,40,36,7,9,3,0,0,6,4,0,8,0,0,0,0,0,0,0,2015,2015-09-03,4962,4402,543,1109,215,20,157,522,448,23,1018,47,39,23,26,112,41,28
134,46,37,8,10,2,0,5,8,9,0,10,0,0,0,0,0,3,0,2015,2015-09-04,5008,4439,551,1119,217,20,162,530,457,23,1028,47,39,23,26,112,44,28
135,41,35,2,8,4,0,0,2,5,1,8,1,0,0,0,0,0,0,2015,2015-09-05,5049,4474,553,1127,221,20,162,532,462,24,1036,48,39,23,26,112,44,28
136,42,32,5,7,1,0,0,2,7,0,10,2,0,1,1,1,3,1,2015,2015-09-06,5091,4506,558,1134,222,20,162,534,469,24,1046,50,39,24,27,113,47,29
137,49,41,7,16,5,0,0,7,5,1,13,1,1,1,0,0,1,0,2015,2015-09-07,5140,4547,565,1150,227,20,162,541,474,25,1059,51,40,25,27,113,48,29
138,41,34,6,7,2,0,1,5,5,1,9,1,0,1,0,0,2,0,2015,2015-09-08,5181,4581,571,1157,229,20,163,546,479,26,1068,52,40,26,27,113,50,29
139,33,28,2,4,2,0,1,2,3,0,12,1,1,0,0,1,1,0,2015,2015-09-09,5214,4609,573,1161,231,20,164,548,482,26,1080,53,41,26,27,114,51,29
140,38,31,4,4,0,0,1,4,6,0,6,1,0,0,1,0,0,0,2015,2015-09-11,5252,4640,577,1165,231,20,165,552,488,26,1086,54,41,26,28,114,51,29
141,47,42,9,16,3,0,4,9,4,0,11,0,1,0,0,0,1,0,2015,2015-09-12,5299,4682,586,1181,234,20,169,561,492,26,1097,54,42,26,28,114,52,29
142,43,38,4,12,2,0,1,4,4,1,8,0,1,0,0,0,1,0,2015,2015-09-13,5342,4720,590,1193,236,20,170,565,496,27,1105,54,43,26,28,114,53,29
143,36,30,4,9,2,0,1,4,3,1,12,1,1,1,0,0,0,1,2015,2015-09-14,5378,4750,594,1202,238,20,171,569,499,28,1117,55,44,27,28,114,53,30
144,63,54,4,12,2,0,0,4,8,0,9,0,0,1,0,4,0,1,2015,2015-09-15,5441,4804,598,1214,240,20,171,573,507,28,1126,55,44,28,28,118,53,31
145,31,30,2,6,2,1,1,2,1,0,5,0,0,0,1,1,0,0,2015,2015-09-16,5472,4834,600,1220,242,21,172,575,508,28,1131,55,44,28,29,119,53,31
146,35,29,6,9,2,0,1,5,4,0,6,1,1,0,0,0,2,2,2015,2015-09-18,5507,4863,606,1229,244,21,173,580,512,28,1137,56,45,28,29,119,55,33
147,32,30,2,5,2,0,0,2,2,1,9,0,0,0,0,2,0,0,2015,2015-09-19,5539,4893,608,1234,246,21,173,582,514,29,1146,56,45,28,29,121,55,33
148,32,32,3,6,1,1,1,3,0,0,10,0,0,0,0,0,1,0,2015,2015-09-20,5571,4925,611,1240,247,22,174,585,514,29,1156,56,45,28,29,121,56,33
149,40,34,4,8,2,0,2,4,5,0,6,1,0,0,0,1,0,0,2015,2015-09-21,5611,4959,615,1248,249,22,176,589,519,29,1162,57,45,28,29,122,56,33
150,34,29,0,3,0,0,0,0,4,1,8,0,1,0,1,1,0,0,2015,2015-09-22,5645,4988,615,1251,249,22,176,589,523,30,1170,57,46,28,30,123,56,33
151,31,27,4,4,1,0,2,4,3,0,13,0,1,0,0,0,0,0,2015,2015-09-23,5676,5015,619,1255,250,22,178,593,526,30,1183,57,47,28,30,123,56,33
152,40,33,6,9,2,0,1,6,6,0,6,1,0,0,1,1,0,0,2015,2015-09-24,5716,5048,625,1264,252,22,179,599,532,30,1189,58,47,28,31,124,56,33
153,39,34,4,9,1,1,0,3,5,0,6,0,0,0,0,1,0,0,2015,2015-09-25,5755,5082,629,1273,253,23,179,602,537,30,1195,58,47,28,31,125,56,33
154,36,33,6,9,3,1,1,6,3,0,5,0,0,0,0,2,0,1,2015,2015-09-26,5791,5115,635,1282,256,24,180,608,540,30,1200,58,47,28,31,127,56,34
155,44,41,5,14,4,0,0,4,3,1,6,0,0,0,1,0,1,0,2015,2015-09-27,5835,5156,640,1296,260,24,180,612,543,31,1206,58,47,28,32,127,57,34
156,46,42,2,9,1,0,0,2,2,0,6,0,2,0,0,1,1,0,2015,2015-09-28,5881,5198,642,1305,261,24,180,614,545,31,1212,58,49,28,32,128,58,34
157,42,39,8,11,0,1,3,8,1,0,8,1,0,1,2,0,0,0,2015,2015-09-29,5923,5237,650,1316,261,25,183,622,546,31,1220,59,49,29,34,128,58,34
158,30,27,0,2,0,0,0,0,3,0,1,0,0,0,0,2,0,0,2015,2015-09-30,5953,5264,650,1318,261,25,183,622,549,31,1221,59,49,29,34,130,58,34
159,37,32,3,6,1,1,0,3,4,0,10,0,0,1,0,1,0,0,2015,2015-10-01,5990,5296,653,1324,262,26,183,625,553,31,1231,59,49,30,34,131,58,34
160,34,31,6,8,1,0,0,6,3,0,8,0,0,0,1,1,0,0,2015,2015-10-02,6024,5327,659,1332,263,26,183,631,556,31,1239,59,49,30,35,132,58,34
161,27,26,2,5,0,0,1,1,0,0,5,1,0,0,0,3,1,0,2015,2015-10-03,6051,5353,661,1337,263,26,184,632,556,31,1244,60,49,30,35,135,59,34
162,39,32,6,9,0,0,3,6,7,0,14,0,0,0,0,0,0,0,2015,2015-10-04,6090,5385,667,1346,263,26,187,638,563,31,1258,60,49,30,35,135,59,34
1,37,33,3,5,2,0,1,3,3,0,11,1,0,0,1,0,0,0,2014,2014-03-22,37,33,3,5,2,0,1,3,3,0,11,1,0,0,1,0,0,0
2,47,34,7,13,3,0,0,6,8,0,7,2,1,2,1,1,1,0,2014,2014-03-23,84,67,10,18,5,0,1,9,11,0,18,3,1,2,2,1,1,0
3,34,31,1,4,0,0,0,1,3,0,9,0,0,0,0,0,0,0,2014,2014-03-30,118,98,11,22,5,0,1,10,14,0,27,3,1,2,2,1,1,0
4,37,34,3,7,1,0,1,3,3,0,6,0,0,0,0,0,1,0,2014,2014-04-01,155,132,14,29,6,0,2,13,17,0,33,3,1,2,2,1,2,0
5,39,34,5,9,3,0,0,5,4,0,11,0,1,0,1,2,3,0,2014,2014-04-02,194,166,19,38,9,0,2,18,21,0,44,3,2,2,3,3,5,0
6,38,36,4,10,2,0,2,4,2,0,11,0,0,0,0,0,3,1,2014,2014-04-04,232,202,23,48,11,0,4,22,23,0,55,3,2,2,3,3,8,1
7,36,33,2,9,3,0,0,2,3,0,12,0,0,0,0,1,0,1,2014,2014-04-05,268,235,25,57,14,0,4,24,26,0,67,3,2,2,3,4,8,2
8,31,30,6,7,3,0,4,6,0,0,4,0,0,1,0,0,0,0,2014,2014-04-06,299,265,31,64,17,0,8,30,26,0,71,3,2,3,3,4,8,2
9,38,35,3,10,5,0,1,3,2,0,11,0,0,1,0,1,1,1,2014,2014-04-08,337,300,34,74,22,0,9,33,28,0,82,3,2,4,3,5,9,3
10,42,38,6,11,2,0,1,5,3,0,12,0,1,0,0,1,3,1,2014,2014-04-09,379,338,40,85,24,0,10,38,31,0,94,3,3,4,3,6,12,4
11,36,35,6,10,3,0,1,6,1,0,6,0,0,0,0,2,1,0,2014,2014-04-11,415,373,46,95,27,0,11,44,32,0,100,3,3,4,3,8,13,4
12,46,39,8,12,4,0,1,7,6,0,7,0,1,0,2,1,0,0,2014,2014-04-12,461,412,54,107,31,0,12,51,38,0,107,3,4,4,5,9,13,4
13,41,35,8,7,1,0,3,7,6,0,16,0,0,0,1,0,5,0,2014,2014-04-13,502,447,62,114,32,0,15,58,44,0,123,3,4,4,6,9,18,4
14,51,47,2,12,3,1,1,2,3,1,9,0,1,0,1,1,2,0,2014,2014-04-15,553,494,64,126,35,1,16,60,47,1,132,3,5,4,7,10,20,4
15,32,29,1,6,0,1,0,1,2,0,5,1,0,0,0,2,0,1,2014,2014-04-16,585,523,65,132,35,2,16,61,49,1,137,4,5,4,7,12,20,5
16,36,32,2,7,3,0,0,2,4,1,8,0,0,0,0,1,0,0,2014,2014-04-17,621,555,67,139,38,2,16,63,53,2,145,4,5,4,7,13,20,5
17,47,40,2,5,0,0,2,2,7,1,12,0,0,0,0,1,0,0,2014,2014-04-18,668,595,69,144,38,2,18,65,60,3,157,4,5,4,7,14,20,5
18,35,34,8,9,1,0,1,8,1,0,11,0,0,0,1,0,1,0,2014,2014-04-19,703,629,77,153,39,2,19,73,61,3,168,4,5,4,8,14,21,5
19,30,28,4,5,1,1,1,4,2,1,8,0,0,0,0,1,0,0,2014,2014-04-20,733,657,81,158,40,3,20,77,63,4,176,4,5,4,8,15,21,5
20,31,30,0,4,0,0,0,0,1,0,11,0,0,0,0,0,0,0,2014,2014-04-21,764,687,81,162,40,3,20,77,64,4,187,4,5,4,8,15,21,5
21,39,36,2,8,3,0,0,2,1,0,7,0,1,1,0,0,4,0,2014,2014-04-22,803,723,83,170,43,3,20,79,65,4,194,4,6,5,8,15,25,5
22,36,34,5,12,5,1,1,5,1,0,7,0,0,1,0,0,0,1,2014,2014-04-23,839,757,88,182,48,4,21,84,66,4,201,4,6,6,8,15,25,6
23,40,38,3,11,1,0,2,3,2,0,7,0,0,0,0,0,0,0,2014,2014-04-24,879,795,91,193,49,4,23,87,68,4,208,4,6,6,8,15,25,6
24,43,40,4,8,3,0,2,4,3,0,7,0,0,0,0,1,0,0,2014,2014-04-25,922,835,95,201,52,4,25,91,71,4,215,4,6,6,8,16,25,6
25,39,32,6,12,3,1,2,6,4,0,7,1,1,1,0,1,1,0,2014,2014-04-26,961,867,101,213,55,5,27,97,75,4,222,5,7,7,8,17,26,6
26,38,33,1,8,1,0,0,1,3,0,6,1,1,0,0,1,1,0,2014,2014-04-27,999,900,102,221,56,5,27,98,78,4,228,6,8,7,8,18,27,6
27,44,40,6,12,3,0,0,6,4,0,2,0,0,0,1,0,0,0,2014,2014-04-30,1043,940,108,233,59,5,27,104,82,4,230,6,8,7,9,18,27,6
28,45,38,9,15,3,0,0,9,6,0,6,0,0,1,0,2,2,0,2014,,1088,978,117,248,62,5,27,113,88,4,236,6,8,8,9,20,29,6
29,56,44,4,11,1,1,3,4,12,0,12,0,0,0,0,2,2,0,2014,,1144,1022,121,259,63,6,30,117,100,4,248,6,8,8,9,22,31,6
30,37,33,3,7,1,1,0,3,3,0,6,1,0,0,1,1,3,1,2014,2014-05-02,1181,1055,124,266,64,7,30,120,103,4,254,7,8,8,10,23,34,7
31,48,44,9,16,1,0,2,9,2,0,13,0,2,0,0,0,3,2,2014,2014-05-03,1229,1099,133,282,65,7,32,129,105,4,267,7,10,8,10,23,37,9
32,40,33,4,6,1,0,0,3,7,2,11,0,0,0,1,0,0,1,2014,2014-05-04,1269,1132,137,288,66,7,32,132,112,6,278,7,10,8,11,23,37,10
33,33,33,0,8,2,0,0,0,0,0,10,0,0,0,0,1,0,1,2014,2014-05-05,1302,1165,137,296,68,7,32,132,112,6,288,7,10,8,11,24,37,11
34,41,39,8,14,0,1,2,7,1,0,6,1,0,0,2,3,0,1,2014,2014-05-06,1343,1204,145,310,68,8,34,139,113,6,294,8,10,8,13,27,37,12
35,35,33,2,7,0,0,0,2,2,0,8,0,0,0,0,1,1,0,2014,2014-05-07,1378,1237,147,317,68,8,34,141,115,6,302,8,10,8,13,28,38,12
36,36,32,1,5,0,0,0,1,2,0,4,1,0,1,0,2,1,0,2014,2014-05-08,1414,1269,148,322,68,8,34,142,117,6,306,9,10,9,13,30,39,12
37,31,29,1,4,1,0,1,1,1,0,8,0,1,0,0,1,1,0,2014,2014-05-09,1445,1298,149,326,69,8,35,143,118,6,314,9,11,9,13,31,40,12
38,36,29,6,9,3,0,1,5,5,0,5,1,0,1,0,2,4,1,2014,2014-05-10,1481,1327,155,335,72,8,36,148,123,6,319,10,11,10,13,33,44,13
39,45,42,4,14,4,0,2,4,2,1,8,0,1,0,0,0,0,0,2014,2014-05-11,1526,1369,159,349,76,8,38,152,125,7,327,10,12,10,13,33,44,13
40,42,32,6,10,1,0,1,6,10,0,4,0,0,0,0,0,3,2,2014,2014-05-12,1568,1401,165,359,77,8,39,158,135,7,331,10,12,10,13,33,47,15
41,36,33,7,12,5,0,0,7,1,0,6,1,0,1,0,1,1,0,2014,2014-05-13,1604,1434,172,371,82,8,39,165,136,7,337,11,12,11,13,34,48,15
42,38,37,3,10,3,0,1,3,1,0,10,0,0,0,0,0,1,0,2014,2014-05-14,1642,1471,175,381,85,8,40,168,137,7,347,11,12,11,13,34,49,15
43,42,37,7,10,4,0,2,7,5,0,8,0,0,0,0,0,0,0,2014,2014-05-16,1684,1508,182,391,89,8,42,175,142,7,355,11,12,11,13,34,49,15
44,42,40,7,13,4,0,2,7,2,0,7,0,0,0,1,1,0,0,2014,2014-05-17,1726,1548,189,404,93,8,44,182,144,7,362,11,12,11,14,35,49,15
45,37,33,3,7,0,0,2,3,3,0,6,1,0,0,1,1,1,0,2014,2014-05-18,1763,1581,192,411,93,8,46,185,147,7,368,12,12,11,15,36,50,15
46,48,41,9,15,4,0,1,9,6,0,7,1,0,0,0,1,2,0,2014,2014-05-20,1811,1622,201,426,97,8,47,194,153,7,375,13,12,11,15,37,52,15
47,34,29,4,5,2,0,3,4,4,1,5,0,1,0,0,0,0,1,2014,2014-05-21,1845,1651,205,431,99,8,50,198,157,8,380,13,13,11,15,37,52,16
48,33,29,3,5,2,0,1,3,3,0,7,0,0,1,0,1,0,0,2014,2014-05-22,1878,1680,208,436,101,8,51,201,160,8,387,13,13,12,15,38,52,16
49,40,34,2,9,1,0,1,2,5,1,6,1,0,0,0,2,3,0,2014,2014-05-23,1918,1714,210,445,102,8,52,203,165,9,393,14,13,12,15,40,55,16
50,35,33,3,7,1,1,0,2,2,0,5,0,0,0,0,1,0,0,2014,2014-05-24,1953,1747,213,452,103,9,52,205,167,9,398,14,13,12,15,41,55,16
51,39,37,6,11,2,0,1,4,1,0,4,0,1,0,1,1,3,0,2014,2014-05-25,1992,1784,219,463,105,9,53,209,168,9,402,14,14,12,16,42,58,16
52,34,30,4,5,3,0,0,3,3,1,4,0,1,0,2,0,1,0,2014,2014-05-26,2026,1814,223,468,108,9,53,212,171,10,406,14,15,12,18,42,59,16
53,36,29,6,8,1,1,1,6,5,1,6,1,1,0,0,1,0,1,2014,2014-05-27,2062,1843,229,476,109,10,54,218,176,11,412,15,16,12,18,43,59,17
54,34,31,2,5,2,0,1,1,2,0,8,0,1,0,0,1,0,0,2014,2014-05-28,2096,1874,231,481,111,10,55,219,178,11,420,15,17,12,18,44,59,17
55,35,32,3,7,3,1,0,3,2,0,6,0,1,0,0,1,3,0,2014,2014-05-29,2131,1906,234,488,114,11,55,222,180,11,426,15,18,12,18,45,62,17
56,36,34,1,7,2,0,0,1,2,0,12,0,0,0,0,0,2,0,2014,2014-05-30,2167,1940,235,495,116,11,55,223,182,11,438,15,18,12,18,45,64,17
57,42,38,12,14,1,2,2,12,3,0,8,0,0,1,1,0,2,0,2014,2014-05-31,2209,1978,247,509,117,13,57,235,185,11,446,15,18,13,19,45,66,17
58,37,33,3,6,2,0,1,3,4,0,10,0,0,0,0,0,0,0,2014,2014-06-01,2246,2011,250,515,119,13,58,238,189,11,456,15,18,13,19,45,66,17
59,35,32,5,6,0,0,0,4,3,0,6,0,0,0,3,1,0,0,2014,2014-06-02,2281,2043,255,521,119,13,58,242,192,11,462,15,18,13,22,46,66,17
60,40,32,1,6,1,0,0,1,7,0,8,0,0,1,0,0,0,0,2014,2014-06-03,2321,2075,256,527,120,13,58,243,199,11,470,15,18,14,22,46,66,17
61,34,28,1,2,1,0,0,1,4,0,6,2,0,0,1,0,1,1,2014,2014-06-04,2355,2103,257,529,121,13,58,244,203,11,476,17,18,14,23,46,67,18
62,43,36,7,12,2,2,0,7,5,0,3,0,1,1,0,0,4,0,2014,2014-06-06,2398,2139,264,541,123,15,58,251,208,11,479,17,19,15,23,46,71,18
63,44,38,4,10,1,1,1,4,6,0,5,0,0,0,0,1,2,0,2014,2014-06-07,2442,2177,268,551,124,16,59,255,214,11,484,17,19,15,23,47,73,18
64,26,22,6,6,1,1,1,6,4,0,9,0,0,0,0,1,1,0,2014,2014-06-08,2468,2199,274,557,125,17,60,261,218,11,493,17,19,15,23,48,74,18
65,42,34,6,10,2,0,2,6,7,0,10,0,0,1,0,1,0,1,2014,2014-06-09,2510,2233,280,567,127,17,62,267,225,11,503,17,19,16,23,49,74,19
66,42,38,6,12,5,0,0,6,3,0,11,1,0,0,0,0,1,0,2014,2014-06-10,2552,2271,286,579,132,17,62,273,228,11,514,18,19,16,23,49,75,19
67,32,30,0,5,1,0,0,0,2,0,16,0,0,0,0,1,0,0,2014,2014-06-11,2584,2301,286,584,133,17,62,273,230,11,530,18,19,16,23,50,75,19
68,36,34,1,8,0,0,0,1,1,0,8,1,0,0,0,0,0,1,2014,2014-06-12,2620,2335,287,592,133,17,62,274,231,11,538,19,19,16,23,50,75,20
69,39,30,4,10,1,0,1,4,6,0,6,1,2,0,0,1,0,0,2014,2014-06-13,2659,2365,291,602,134,17,63,278,237,11,544,20,21,16,23,51,75,20
70,33,29,6,8,1,0,1,6,3,1,5,0,1,0,0,0,1,1,2014,2014-06-14,2692,2394,297,610,135,17,64,284,240,12,549,20,22,16,23,51,76,21
71,39,35,3,10,2,0,0,3,3,0,3,1,0,0,1,1,0,1,2014,2014-06-15,2731,2429,300,620,137,17,64,287,243,12,552,21,22,16,24,52,76,22
72,41,37,6,15,2,1,0,5,3,0,4,0,1,0,0,0,0,1,2014,2014-06-16,2772,2466,306,635,139,18,64,292,246,12,556,21,23,16,24,52,76,23
73,34,31,4,8,0,0,3,4,3,0,9,0,0,0,1,0,0,1,2014,2014-06-17,2806,2497,310,643,139,18,67,296,249,12,565,21,23,16,25,52,76,24
74,37,30,8,9,5,0,0,8,6,0,3,0,0,1,0,2,1,0,2014,2014-06-18,2843,2527,318,652,144,18,67,304,255,12,568,21,23,17,25,54,77,24
75,37,34,5,9,2,1,0,4,2,0,6,0,0,1,0,0,1,1,2014,2014-06-20,2880,2561,323,661,146,19,67,308,257,12,574,21,23,18,25,54,78,25
76,37,32,4,8,1,0,0,4,3,0,9,0,1,1,0,0,1,1,2014,2014-06-21,2917,2593,327,669,147,19,67,312,260,12,583,21,24,19,25,54,79,26
77,35,29,2,6,1,0,0,2,5,0,7,0,1,0,0,0,1,2,2014,2014-06-22,2952,2622,329,675,148,19,67,314,265,12,590,21,25,19,25,54,80,28
78,34,34,3,8,1,0,1,3,0,0,7,0,0,0,0,1,0,0,2014,2014-06-23,2986,2656,332,683,149,19,68,317,265,12,597,21,25,19,25,55,80,28
79,36,31,2,6,0,1,0,2,5,0,8,0,0,0,0,1,0,1,2014,2014-06-24,3022,2687,334,689,149,20,68,319,270,12,605,21,25,19,25,56,80,29
80,39,34,5,10,1,2,1,4,2,0,2,2,0,1,0,1,1,1,2014,2014-06-25,3061,2721,339,699,150,22,69,323,272,12,607,23,25,20,25,57,81,30
81,29,27,1,5,0,0,0,1,1,0,7,0,1,0,0,1,0,0,2014,2014-06-26,3090,2748,340,704,150,22,69,324,273,12,614,23,26,20,25,58,81,30
82,34,30,1,8,0,0,0,1,4,0,7,0,0,0,0,2,0,1,2014,2014-06-27,3124,2778,341,712,150,22,69,325,277,12,621,23,26,20,25,60,81,31
83,40,38,9,15,5,0,0,8,2,0,4,0,0,0,1,1,0,0,2014,2014-06-28,3164,2816,350,727,155,22,69,333,279,12,625,23,26,20,26,61,81,31
84,37,30,6,8,2,0,1,6,6,0,6,0,0,1,0,0,0,1,2014,2014-06-29,3201,2846,356,735,157,22,70,339,285,12,631,23,26,21,26,61,81,32
85,31,30,1,6,2,1,0,1,1,1,5,0,0,0,0,0,0,0,2014,2014-06-30,3232,2876,357,741,159,23,70,340,286,13,636,23,26,21,26,61,81,32
86,40,35,3,10,4,0,1,3,5,1,14,0,0,0,1,0,0,1,2014,2014-07-01,3272,2911,360,751,163,23,71,343,291,14,650,23,26,21,27,61,81,33
87,40,35,4,9,2,0,1,4,4,0,6,0,1,0,0,0,0,0,2014,2014-07-02,3312,2946,364,760,165,23,72,347,295,14,656,23,27,21,27,61,81,33
88,36,32,3,6,2,0,0,3,3,0,7,0,0,1,0,0,0,0,2014,2014-07-03,3348,2978,367,766,167,23,72,350,298,14,663,23,27,22,27,61,81,33
89,49,45,9,19,2,1,2,9,3,0,7,1,0,0,0,1,2,0,2014,2014-07-04,3397,3023,376,785,169,24,74,359,301,14,670,24,27,22,27,62,83,33
90,41,33,7,8,3,0,0,5,7,1,7,0,1,0,0,1,1,0,2014,2014-07-05,3438,3056,383,793,172,24,74,364,308,15,677,24,28,22,27,63,84,33
91,44,40,8,15,2,0,0,8,3,0,4,1,0,0,0,2,0,0,2014,2014-07-06,3482,3096,391,808,174,24,74,372,311,15,681,25,28,22,27,65,84,33
92,36,33,5,7,1,0,1,5,3,0,6,0,0,0,0,1,0,0,2014,2014-07-08,3518,3129,396,815,175,24,75,377,314,15,687,25,28,22,27,66,84,33
93,32,30,1,4,1,1,1,1,2,0,11,0,0,0,0,1,0,0,2014,2014-07-09,3550,3159,397,819,176,25,76,378,316,15,698,25,28,22,27,67,84,33
94,33,31,2,9,1,0,0,2,0,0,10,0,1,1,1,1,1,0,2014,2014-07-10,3583,3190,399,828,177,25,76,380,316,15,708,25,29,23,28,68,85,33
95,39,31,3,6,2,0,0,3,7,0,9,0,0,1,0,0,0,0,2014,2014-07-11,3622,3221,402,834,179,25,76,383,323,15,717,25,29,24,28,68,85,33
96,34,26,1,4,1,0,0,1,6,1,9,0,1,1,0,1,0,1,2014,2014-07-12,3656,3247,403,838,180,25,76,384,329,16,726,25,30,25,28,69,85,34
97,32,29,1,7,2,0,0,1,1,0,10,1,1,0,0,0,2,0,2014,2014-07-13,3688,3276,404,845,182,25,76,385,330,16,736,26,31,25,28,69,87,34
98,37,32,2,5,3,0,0,1,5,0,11,0,0,0,0,0,0,0,2014,2014-07-18,3725,3308,406,850,185,25,76,386,335,16,747,26,31,25,28,69,87,34
99,34,30,2,6,1,0,0,2,2,0,6,1,0,1,1,3,1,0,2014,2014-07-19,3759,3338,408,856,186,25,76,388,337,16,753,27,31,26,29,72,88,34
100,40,35,4,11,2,1,0,4,3,0,10,2,0,0,0,2,1,0,2014,2014-07-20,3799,3373,412,867,188,26,76,392,340,16,763,29,31,26,29,74,89,34
101,43,37,5,12,4,0,0,5,4,2,6,1,1,0,0,0,2,1,2014,2014-07-21,3842,3410,417,879,192,26,76,397,344,18,769,30,32,26,29,74,91,35
102,43,35,7,9,0,0,2,7,5,0,8,1,1,1,1,0,0,0,2014,2014-07-22,3885,3445,424,888,192,26,78,404,349,18,777,31,33,27,30,74,91,35
103,34,29,1,5,2,0,0,1,4,0,5,1,0,0,0,1,0,1,2014,2014-07-23,3919,3474,425,893,194,26,78,405,353,18,782,32,33,27,30,75,91,36
104,44,42,8,15,1,5,0,8,2,0,8,0,0,0,0,0,1,0,2014,2014-07-25,3963,3516,433,908,195,31,78,413,355,18,790,32,33,27,30,75,92,36
105,40,37,5,11,4,0,0,5,2,1,9,0,1,0,0,0,0,0,2014,2014-07-26,4003,3553,438,919,199,31,78,418,357,19,799,32,34,27,30,75,92,36
106,38,33,4,6,0,1,0,3,3,0,7,1,1,0,2,2,0,0,2014,2014-07-27,4041,3586,442,925,199,32,78,421,360,19,806,33,35,27,32,77,92,36
107,40,39,8,15,6,1,2,8,1,0,7,0,0,0,0,0,2,0,2014,2014-07-29,4081,3625,450,940,205,33,80,429,361,19,813,33,35,27,32,77,94,36
108,41,36,3,11,0,0,1,3,4,0,11,0,1,0,1,1,2,1,2014,2014-07-30,4122,3661,453,951,205,33,81,432,365,19,824,33,36,27,33,78,96,37
109,31,28,2,5,2,0,1,2,3,1,9,0,0,0,0,0,0,1,2014,2014-07-31,4153,3689,455,956,207,33,82,434,368,20,833,33,36,27,33,78,96,38
110,32,31,2,4,0,0,0,1,1,1,6,0,0,0,2,1,2,0,2014,2014-08-01,4185,3720,457,960,207,33,82,435,369,21,839,33,36,27,35,79,98,38
111,48,44,5,11,3,0,2,5,3,1,14,1,0,0,0,1,1,0,2014,2014-08-02,4233,3764,462,971,210,33,84,440,372,22,853,34,36,27,35,80,99,38
112,34,33,3,9,3,0,1,2,0,0,7,1,0,0,0,2,2,0,2014,2014-08-03,4267,3797,465,980,213,33,85,442,372,22,860,35,36,27,35,82,101,38
113,34,32,0,5,0,0,0,0,2,0,9,0,0,0,0,0,0,0,2014,2014-08-04,4301,3829,465,985,213,33,85,442,374,22,869,35,36,27,35,82,101,38
114,36,32,5,7,1,0,1,5,3,0,4,0,0,1,1,0,1,0,2014,2014-08-05,4337,3861,470,992,214,33,86,447,377,22,873,35,36,28,36,82,102,38
115,37,34,2,9,2,0,1,2,2,0,6,0,1,0,0,1,1,0,2014,2014-08-06,4374,3895,472,1001,216,33,87,449,379,22,879,35,37,28,36,83,103,38
116,46,38,7,13,2,0,0,7,6,1,11,1,0,1,1,1,0,0,2014,2014-08-07,4420,3933,479,1014,218,33,87,456,385,23,890,36,37,29,37,84,103,38
117,38,34,3,9,2,0,1,3,3,0,3,1,0,0,0,0,0,0,2014,2014-08-08,4458,3967,482,1023,220,33,88,459,388,23,893,37,37,29,37,84,103,38
118,31,29,1,4,0,0,1,1,2,0,5,0,0,0,0,1,0,1,2014,2014-08-09,4489,3996,483,1027,220,33,89,460,390,23,898,37,37,29,37,85,103,39
119,44,39,5,14,3,0,1,5,2,0,5,2,0,1,0,1,0,0,2014,2014-08-10,4533,4035,488,1041,223,33,90,465,392,23,903,39,37,30,37,86,103,39
120,40,36,6,11,1,0,0,5,4,0,7,0,0,0,0,1,0,0,2014,2014-08-11,4573,4071,494,1052,224,33,90,470,396,23,910,39,37,30,37,87,103,39
121,38,36,4,10,1,0,0,3,1,0,10,1,0,0,1,1,0,0,2014,2014-08-12,4611,4107,498,1062,225,33,90,473,397,23,920,40,37,30,38,88,103,39
122,40,36,2,11,2,0,0,2,4,1,11,0,0,0,0,2,2,0,2014,2014-08-13,4651,4143,500,1073,227,33,90,475,401,24,931,40,37,30,38,90,105,39
123,41,35,6,12,1,0,1,6,4,1,6,1,1,0,0,1,2,0,2014,2014-08-14,4692,4178,506,1085,228,33,91,481,405,25,937,41,38,30,38,91,107,39
124,35,32,3,8,1,0,0,3,1,0,7,1,0,1,0,1,4,1,2014,2014-08-15,4727,4210,509,1093,229,33,91,484,406,25,944,42,38,31,38,92,111,40
125,34,33,2,7,0,0,1,2,1,0,5,0,0,0,0,0,2,0,2014,2014-08-16,4761,4243,511,1100,229,33,92,486,407,25,949,42,38,31,38,92,113,40
126,38,35,2,8,3,0,0,2,3,0,8,0,0,0,0,0,1,0,2014,2014-08-17,4799,4278,513,1108,232,33,92,488,410,25,957,42,38,31,38,92,114,40
127,36,33,8,9,4,0,1,7,2,0,9,0,0,1,1,0,1,0,2014,2014-08-19,4835,4311,521,1117,236,33,93,495,412,25,966,42,38,32,39,92,115,40
128,35,30,1,6,1,0,0,1,3,0,6,1,0,1,0,1,1,0,2014,2014-08-20,4870,4341,522,1123,237,33,93,496,415,25,972,43,38,33,39,93,116,40
129,28,25,2,4,0,0,1,2,2,0,8,0,1,0,0,0,0,2,2014,2014-08-21,4898,4366,524,1127,237,33,94,498,417,25,980,43,39,33,39,93,116,42
130,38,34,6,11,4,1,0,5,4,0,6,0,0,0,2,2,1,1,2014,2014-08-22,4936,4400,530,1138,241,34,94,503,421,25,986,43,39,33,41,95,117,43
131,34,29,7,8,0,1,1,7,2,0,8,0,1,2,0,0,1,0,2014,2014-08-23,4970,4429,537,1146,241,35,95,510,423,25,994,43,40,35,41,95,118,43
132,36,34,3,9,2,1,0,3,2,0,9,0,0,0,0,0,0,0,2014,2014-08-24,5006,4463,540,1155,243,36,95,513,425,25,1003,43,40,35,41,95,118,43
133,42,37,9,14,0,0,1,9,4,0,8,0,0,1,0,2,1,0,2014,2014-08-26,5048,4500,549,1169,243,36,96,522,429,25,1011,43,40,36,41,97,119,43
134,38,32,3,8,1,0,1,3,6,0,7,0,0,0,0,1,1,1,2014,2014-08-27,5086,4532,552,1177,244,36,97,525,435,25,1018,43,40,36,41,98,120,44
135,49,46,2,11,2,0,1,2,3,0,15,0,0,0,0,0,1,0,2014,2014-08-29,5135,4578,554,1188,246,36,98,527,438,25,1033,43,40,36,41,98,121,44
136,41,38,1,8,1,0,1,1,3,0,10,0,0,0,0,0,1,0,2014,2014-08-30,5176,4616,555,1196,247,36,99,528,441,25,1043,43,40,36,41,98,122,44
137,44,36,7,12,3,0,0,6,8,0,8,0,0,0,0,1,0,0,2014,2014-08-31,5220,4652,562,1208,250,36,99,534,449,25,1051,43,40,36,41,99,122,44
138,36,33,4,6,0,0,1,4,3,0,7,0,0,0,0,0,0,0,2014,2014-09-01,5256,4685,566,1214,250,36,100,538,452,25,1058,43,40,36,41,99,122,44
139,36,33,4,11,1,0,1,3,2,0,3,0,1,0,0,1,1,0,2014,2014-09-02,5292,4718,570,1225,251,36,101,541,454,25,1061,43,41,36,41,100,123,44
140,59,53,5,13,1,0,2,4,5,1,18,0,1,0,1,0,0,1,2014,2014-09-03,5351,4771,575,1238,252,36,103,545,459,26,1079,43,42,36,42,100,123,45
141,33,30,2,7,0,0,1,2,2,0,6,1,0,0,0,1,0,0,2014,2014-09-05,5384,4801,577,1245,252,36,104,547,461,26,1085,44,42,36,42,101,123,45
142,31,30,5,7,2,0,1,5,1,1,8,0,0,0,0,0,0,1,2014,2014-09-06,5415,4831,582,1252,254,36,105,552,462,27,1093,44,42,36,42,101,123,46
143,38,31,7,6,1,0,3,7,6,0,6,1,0,0,2,1,2,0,2014,2014-09-07,5453,4862,589,1258,255,36,108,559,468,27,1099,45,42,36,44,102,125,46
144,42,36,9,13,2,0,2,9,6,0,9,0,0,0,1,0,1,2,2014,2014-09-08,5495,4898,598,1271,257,36,110,568,474,27,1108,45,42,36,45,102,126,48
145,38,36,3,11,2,0,1,3,1,0,4,1,0,0,0,1,1,0,2014,2014-09-09,5533,4934,601,1282,259,36,111,571,475,27,1112,46,42,36,45,103,127,48
146,34,31,4,12,3,0,0,4,2,0,6,0,1,0,0,3,0,0,2014,2014-09-10,5567,4965,605,1294,262,36,111,575,477,27,1118,46,43,36,45,106,127,48
147,33,30,0,3,1,0,0,0,2,0,11,1,0,0,0,0,0,0,2014,2014-09-12,5600,4995,605,1297,263,36,111,575,479,27,1129,47,43,36,45,106,127,48
148,59,51,17,24,5,0,3,17,4,0,9,3,0,1,2,0,1,0,2014,2014-09-13,5659,5046,622,1321,268,36,114,592,483,27,1138,50,43,37,47,106,128,48
149,35,33,4,9,2,0,1,3,0,0,11,1,0,1,0,1,1,0,2014,2014-09-14,5694,5079,626,1330,270,36,115,595,483,27,1149,51,43,38,47,107,129,48
150,47,40,11,15,6,1,1,11,3,1,9,2,1,1,0,0,2,0,2014,2014-09-15,5741,5119,637,1345,276,37,116,606,486,28,1158,53,44,39,47,107,131,48
151,41,40,4,16,3,0,1,4,1,0,10,0,0,0,0,2,0,0,2014,2014-09-16,5782,5159,641,1361,279,37,117,610,487,28,1168,53,44,39,47,109,131,48
152,36,32,2,6,1,0,1,2,3,0,7,0,0,0,0,1,0,0,2014,2014-09-17,5818,5191,643,1367,280,37,118,612,490,28,1175,53,44,39,47,110,131,48
153,42,38,8,13,2,0,0,8,3,0,8,0,0,1,2,1,0,1,2014,2014-09-18,5860,5229,651,1380,282,37,118,620,493,28,1183,53,44,40,49,111,131,49
154,45,39,14,13,3,0,4,14,6,0,10,0,0,0,1,2,1,0,2014,2014-09-19,5905,5268,665,1393,285,37,122,634,499,28,1193,53,44,40,50,113,132,49
155,40,34,7,11,2,0,2,7,5,0,7,0,0,1,0,1,1,1,2014,2014-09-20,5945,5302,672,1404,287,37,124,641,504,28,1200,53,44,41,50,114,133,50
156,44,42,8,16,4,0,1,8,1,0,6,0,1,0,1,1,1,0,2014,2014-09-21,5989,5344,680,1420,291,37,125,649,505,28,1206,53,45,41,51,115,134,50
157,46,40,2,4,1,0,1,2,1,0,9,3,1,1,1,2,0,0,2014,2014-09-22,6035,5384,682,1424,292,37,126,651,506,28,1215,56,46,42,52,117,134,50
158,30,29,4,6,0,0,3,4,0,0,6,1,0,0,0,0,0,0,2014,2014-09-23,6065,5413,686,1430,292,37,129,655,506,28,1221,57,46,42,52,117,134,50
159,39,30,9,8,2,1,1,9,6,1,6,2,1,0,1,2,1,0,2014,2014-09-24,6104,5443,695,1438,294,38,130,664,512,29,1227,59,47,42,53,119,135,50
160,35,32,7,11,2,0,0,7,2,0,6,0,0,1,0,0,0,0,2014,2014-09-26,6139,5475,702,1449,296,38,130,671,514,29,1233,59,47,43,53,119,135,50
161,49,44,6,11,3,0,1,5,4,1,6,1,0,0,0,0,3,0,2014,2014-09-27,6188,5519,708,1460,299,38,131,676,518,30,1239,60,47,43,53,119,138,50
162,43,41,10,16,3,0,3,10,1,0,7,1,0,0,1,0,0,0,2014,2014-09-28,6231,5560,718,1476,302,38,134,686,519,30,1246,61,47,43,54,119,138,50
1,35,30,4,7,2,0,1,3,3,1,9,2,0,0,0,0,0,1,2013,2013-04-01,35,30,4,7,2,0,1,3,3,1,9,2,0,0,0,0,0,1
2,29,29,0,2,2,0,0,0,0,0,7,0,0,0,0,0,0,0,2013,2013-04-02,64,59,4,9,4,0,1,3,3,1,16,2,0,0,0,0,0,1
3,42,32,3,7,2,0,0,1,7,0,7,1,1,1,1,1,0,0,2013,2013-04-03,106,91,7,16,6,0,1,4,10,1,23,3,1,1,1,1,0,1
4,31,30,3,7,3,0,1,3,1,0,4,0,0,0,1,0,0,1,2013,2013-04-05,137,121,10,23,9,0,2,7,11,1,27,3,1,1,2,1,0,2
5,35,30,1,8,1,0,0,1,5,0,11,0,0,0,0,2,3,0,2013,2013-04-06,172,151,11,31,10,0,2,8,16,1,38,3,1,1,2,3,3,2
6,37,31,6,11,2,0,1,6,4,0,4,0,1,1,0,1,1,0,2013,2013-04-07,209,182,17,42,12,0,3,14,20,1,42,3,2,2,2,4,4,2
7,39,33,3,10,1,0,1,3,5,0,8,0,1,0,1,3,0,0,2013,2013-04-09,248,215,20,52,13,0,4,17,25,1,50,3,3,2,3,7,4,2
8,43,38,4,13,0,1,2,4,3,2,8,1,1,0,0,0,0,0,2013,2013-04-10,291,253,24,65,13,1,6,21,28,3,58,4,4,2,3,7,4,2
9,42,38,3,11,0,0,2,3,4,0,7,0,0,0,0,0,0,0,2013,2013-04-11,333,291,27,76,13,1,8,24,32,3,65,4,4,2,3,7,4,2
10,37,31,0,6,1,0,0,0,5,0,6,1,0,0,0,2,0,0,2013,2013-04-12,370,322,27,82,14,1,8,24,37,3,71,5,4,2,3,9,4,2
11,44,39,7,14,5,0,1,7,5,1,9,0,0,0,0,1,0,0,2013,2013-04-13,414,361,34,96,19,1,9,31,42,4,80,5,4,2,3,10,4,2
12,32,30,0,6,1,0,0,0,1,0,5,0,1,0,0,1,0,1,2013,2013-04-14,446,391,34,102,20,1,9,31,43,4,85,5,5,2,3,11,4,3
13,39,35,3,12,2,0,0,3,2,0,5,0,2,0,0,1,0,0,2013,2013-04-15,485,426,37,114,22,1,9,34,45,4,90,5,7,2,3,12,4,3
14,36,30,2,4,1,0,0,2,4,0,7,1,0,1,0,0,0,0,2013,2013-04-16,521,456,39,118,23,1,9,36,49,4,97,6,7,3,3,12,4,3
15,43,35,2,10,0,0,0,2,6,0,5,0,0,2,0,0,1,0,2013,2013-04-17,564,491,41,128,23,1,9,38,55,4,102,6,7,5,3,12,5,3
16,40,33,5,8,2,0,1,4,5,2,8,1,0,1,0,1,1,0,2013,,604,524,46,136,25,1,10,42,60,6,110,7,7,6,3,13,6,3
17,36,29,1,6,0,0,0,1,5,0,4,1,0,1,0,3,1,0,2013,,640,553,47,142,25,1,10,43,65,6,114,8,7,7,3,16,7,3
18,43,33,7,8,1,0,0,7,7,0,11,1,0,2,0,0,1,0,2013,2013-04-21,683,586,54,150,26,1,10,50,72,6,125,9,7,9,3,16,8,3
19,41,37,7,12,3,0,2,7,4,0,7,0,0,0,0,2,0,0,2013,2013-04-23,724,623,61,162,29,1,12,57,76,6,132,9,7,9,3,18,8,3
20,37,33,3,4,0,0,1,3,3,0,10,0,1,0,0,0,0,0,2013,2013-04-24,761,656,64,166,29,1,13,60,79,6,142,9,8,9,3,18,8,3
21,34,29,3,6,1,0,0,3,4,1,4,1,0,0,0,3,0,0,2013,2013-04-25,795,685,67,172,30,1,13,63,83,7,146,10,8,9,3,21,8,3
22,38,32,7,9,3,0,1,7,4,1,3,1,1,0,0,0,0,0,2013,2013-04-26,833,717,74,181,33,1,14,70,87,8,149,11,9,9,3,21,8,3
23,38,35,4,7,1,0,1,3,2,1,3,0,1,0,2,0,2,0,2013,2013-04-27,871,752,78,188,34,1,15,73,89,9,152,11,10,9,5,21,10,3
24,30,30,2,6,0,0,2,2,0,0,5,0,0,0,0,0,0,0,2013,2013-04-28,901,782,80,194,34,1,17,75,89,9,157,11,10,9,5,21,10,3
25,34,33,2,6,0,0,1,2,0,0,10,1,0,0,1,0,0,0,2013,2013-04-29,935,815,82,200,34,1,18,77,89,9,167,12,10,9,6,21,10,3
26,39,35,6,13,2,0,1,6,3,1,7,0,0,1,0,1,0,0,2013,2013-04-30,974,850,88,213,36,1,19,83,92,10,174,12,10,10,6,22,10,3
27,37,35,3,8,1,0,1,2,2,1,10,0,0,0,1,0,1,0,2013,2013-05-01,1011,885,91,221,37,1,20,85,94,11,184,12,10,10,7,22,11,3
28,41,33,1,11,1,0,0,1,7,0,6,0,1,0,0,3,0,0,2013,2013-05-03,1052,918,92,232,38,1,20,86,101,11,190,12,11,10,7,25,11,3
29,50,43,9,15,2,1,1,9,5,0,9,1,1,0,0,2,3,0,2013,2013-05-04,1102,961,101,247,40,2,21,95,106,11,199,13,12,10,7,27,14,3
30,39,35,3,8,1,0,0,3,4,0,5,0,0,0,0,0,2,0,2013,2013-05-05,1141,996,104,255,41,2,21,98,110,11,204,13,12,10,7,27,16,3
31,35,31,2,7,0,0,1,2,3,0,5,0,0,1,0,1,0,0,2013,2013-05-06,1176,1027,106,262,41,2,22,100,113,11,209,13,12,11,7,28,16,3
32,38,34,3,9,2,0,1,3,3,1,4,0,1,0,0,1,0,0,2013,2013-05-07,1214,1061,109,271,43,2,23,103,116,12,213,13,13,11,7,29,16,3
33,34,34,2,8,3,0,0,2,0,0,6,0,0,0,0,0,0,1,2013,2013-05-08,1248,1095,111,279,46,2,23,105,116,12,219,13,13,11,7,29,16,4
34,38,36,4,10,2,0,1,4,2,1,10,0,0,0,0,0,2,0,2013,2013-05-10,1286,1131,115,289,48,2,24,109,118,13,229,13,13,11,7,29,18,4
35,40,32,7,14,2,0,1,6,5,0,3,0,2,1,0,1,1,0,2013,2013-05-11,1326,1163,122,303,50,2,25,115,123,13,232,13,15,12,7,30,19,4
36,38,31,5,11,1,0,1,5,4,1,3,0,1,2,0,0,1,0,2013,2013-05-12,1364,1194,127,314,51,2,26,120,127,14,235,13,16,14,7,30,20,4
37,35,35,2,9,1,1,0,2,0,0,6,0,0,0,0,1,2,0,2013,2013-05-13,1399,1229,129,323,52,3,26,122,127,14,241,13,16,14,7,31,22,4
38,29,28,2,4,0,0,0,2,0,0,4,1,0,0,0,0,0,0,2013,2013-05-14,1428,1257,131,327,52,3,26,124,127,14,245,14,16,14,7,31,22,4
39,35,29,3,9,1,0,0,3,4,1,5,0,1,1,0,2,1,0,2013,2013-05-15,1463,1286,134,336,53,3,26,127,131,15,250,14,17,15,7,33,23,4
40,39,38,5,10,1,0,2,5,1,0,7,0,0,0,1,0,1,0,2013,2013-05-17,1502,1324,139,346,54,3,28,132,132,15,257,14,17,15,8,33,24,4
41,32,26,1,2,1,0,0,0,3,0,7,1,2,0,0,0,0,1,2013,2013-05-18,1534,1350,140,348,55,3,28,132,135,15,264,15,19,15,8,33,24,5
42,33,29,2,3,2,0,0,2,3,0,13,0,0,1,0,0,0,0,2013,2013-05-19,1567,1379,142,351,57,3,28,134,138,15,277,15,19,16,8,33,24,5
43,35,34,3,8,1,1,2,3,1,0,12,0,0,0,0,1,0,0,2013,2013-05-20,1602,1413,145,359,58,4,30,137,139,15,289,15,19,16,8,34,24,5
44,43,36,2,10,0,0,0,2,5,0,10,1,1,0,0,0,0,0,2013,2013-05-21,1645,1449,147,369,58,4,30,139,144,15,299,16,20,16,8,34,24,5
45,44,38,9,12,2,0,1,8,6,0,7,0,0,0,1,2,2,0,2013,2013-05-22,1689,1487,156,381,60,4,31,147,150,15,306,16,20,16,9,36,26,5
46,29,28,0,3,1,0,0,0,1,0,11,0,0,0,0,1,0,1,2013,2013-05-24,1718,1515,156,384,61,4,31,147,151,15,317,16,20,16,9,37,26,6
47,42,34,5,10,4,0,1,5,7,2,10,1,0,0,1,1,0,0,2013,2013-05-25,1760,1549,161,394,65,4,32,152,158,17,327,17,20,16,10,38,26,6
48,39,33,3,10,3,0,1,3,3,2,5,2,1,0,0,2,0,1,2013,2013-05-26,1799,1582,164,404,68,4,33,155,161,19,332,19,21,16,10,40,26,7
49,39,34,8,13,6,0,0,8,2,0,9,0,1,2,0,0,0,0,2013,2013-05-27,1838,1616,172,417,74,4,33,163,163,19,341,19,22,18,10,40,26,7
50,31,29,3,7,3,0,1,3,1,0,5,1,0,0,0,1,0,0,2013,2013-05-28,1869,1645,175,424,77,4,34,166,164,19,346,20,22,18,10,41,26,7
51,34,34,3,7,1,0,2,3,0,0,10,0,0,0,0,0,0,0,2013,2013-05-29,1903,1679,178,431,78,4,36,169,164,19,356,20,22,18,10,41,26,7
52,35,32,2,6,1,1,1,2,2,0,8,0,0,1,0,0,0,0,2013,2013-05-30,1938,1711,180,437,79,5,37,171,166,19,364,20,22,19,10,41,26,7
53,45,39,7,12,3,0,0,7,4,1,5,1,1,0,0,2,2,0,2013,2013-05-31,1983,1750,187,449,82,5,37,178,170,20,369,21,23,19,10,43,28,7
54,44,39,6,11,4,0,1,6,3,0,7,1,0,1,1,1,0,0,2013,2013-06-01,2027,1789,193,460,86,5,38,184,173,20,376,22,23,20,11,44,28,7
55,33,31,2,6,1,0,0,2,2,0,9,0,0,0,0,1,0,0,2013,2013-06-02,2060,1820,195,466,87,5,38,186,175,20,385,22,23,20,11,45,28,7
56,29,28,2,7,0,0,2,2,0,0,3,0,1,0,0,2,0,0,2013,2013-06-03,2089,1848,197,473,87,5,40,188,175,20,388,22,24,20,11,47,28,7
57,36,32,9,10,3,0,3,9,3,0,7,0,0,1,0,1,0,0,2013,2013-06-04,2125,1880,206,483,90,5,43,197,178,20,395,22,24,21,11,48,28,7
58,34,32,2,5,2,0,1,2,2,0,10,0,0,0,0,0,0,0,2013,2013-06-05,2159,1912,208,488,92,5,44,199,180,20,405,22,24,21,11,48,28,7
59,30,29,5,7,1,0,1,5,1,0,6,0,0,0,0,1,0,0,2013,2013-06-06,2189,1941,213,495,93,5,45,204,181,20,411,22,24,21,11,49,28,7
60,35,31,2,6,0,0,1,1,3,1,4,0,1,0,1,3,0,0,2013,2013-06-07,2224,1972,215,501,93,5,46,205,184,21,415,22,25,21,12,52,28,7
61,36,35,1,8,1,0,0,1,1,0,8,0,0,0,0,0,0,0,2013,2013-06-08,2260,2007,216,509,94,5,46,206,185,21,423,22,25,21,12,52,28,7
62,39,35,1,8,2,0,0,1,4,0,10,0,0,0,0,0,0,0,2013,2013-06-09,2299,2042,217,517,96,5,46,207,189,21,433,22,25,21,12,52,28,7
63,39,36,4,14,2,0,2,4,2,1,6,0,1,0,1,4,0,0,2013,2013-06-10,2338,2078,221,531,98,5,48,211,191,22,439,22,26,21,13,56,28,7
64,37,29,5,5,1,0,1,5,5,0,7,3,0,0,0,0,0,0,2013,2013-06-11,2375,2107,226,536,99,5,49,216,196,22,446,25,26,21,13,56,28,7
65,49,45,6,12,2,1,1,6,3,0,7,0,1,0,0,1,1,1,2013,2013-06-12,2424,2152,232,548,101,6,50,222,199,22,453,25,27,21,13,57,29,8
66,32,31,0,6,1,0,0,0,1,0,9,0,0,0,0,2,0,0,2013,2013-06-14,2456,2183,232,554,102,6,50,222,200,22,462,25,27,21,13,59,29,8
67,46,40,5,10,3,0,0,5,3,0,9,0,2,1,0,0,0,0,2013,2013-06-15,2502,2223,237,564,105,6,50,227,203,22,471,25,29,22,13,59,29,8
68,35,32,3,7,1,0,0,3,3,0,5,0,0,0,0,2,1,0,2013,2013-06-16,2537,2255,240,571,106,6,50,230,206,22,476,25,29,22,13,61,30,8
69,38,34,4,10,2,0,1,4,3,0,5,0,0,1,0,0,0,0,2013,,2575,2289,244,581,108,6,51,234,209,22,481,25,29,23,13,61,30,8
70,39,37,6,12,2,0,1,6,0,0,4,1,0,1,0,1,1,0,2013,,2614,2326,250,593,110,6,52,240,209,22,485,26,29,24,13,62,31,8
71,38,35,3,11,0,0,2,3,2,0,6,0,0,1,0,2,1,0,2013,2013-06-20,2652,2361,253,604,110,6,54,243,211,22,491,26,29,25,13,64,32,8
72,36,32,2,8,1,0,0,2,4,0,6,0,0,0,0,2,0,1,2013,2013-06-21,2688,2393,255,612,111,6,54,245,215,22,497,26,29,25,13,66,32,9
73,43,35,6,7,1,0,2,4,8,0,10,0,0,0,1,0,1,0,2013,2013-06-22,2731,2428,261,619,112,6,56,249,223,22,507,26,29,25,14,66,33,9
74,34,32,3,8,3,0,2,3,1,0,3,0,1,0,0,1,0,0,2013,2013-06-23,2765,2460,264,627,115,6,58,252,224,22,510,26,30,25,14,67,33,9
75,32,30,3,6,1,0,1,3,1,0,5,0,1,0,1,0,0,0,2013,2013-06-24,2797,2490,267,633,116,6,59,255,225,22,515,26,31,25,15,67,33,9
76,35,35,6,11,3,0,2,5,0,0,6,0,0,0,1,1,0,0,2013,2013-06-25,2832,2525,273,644,119,6,61,260,225,22,521,26,31,25,16,68,33,9
77,35,34,4,12,2,0,0,3,1,0,6,0,0,0,2,2,2,0,2013,2013-06-26,2867,2559,277,656,121,6,61,263,226,22,527,26,31,25,18,70,35,9
78,34,28,6,7,2,0,0,6,3,1,6,0,2,1,0,0,3,0,2013,2013-06-27,2901,2587,283,663,123,6,61,269,229,23,533,26,33,26,18,70,38,9
79,34,30,1,5,1,0,0,1,4,0,4,0,0,0,1,1,0,0,2013,2013-06-28,2935,2617,284,668,124,6,61,270,233,23,537,26,33,26,19,71,38,9
80,34,30,4,6,1,0,1,4,4,0,11,0,0,0,0,1,1,0,2013,2013-06-29,2969,2647,288,674,125,6,62,274,237,23,548,26,33,26,19,72,39,9
81,38,36,6,14,3,1,0,6,2,0,4,0,0,0,0,0,3,1,2013,2013-06-30,3007,2683,294,688,128,7,62,280,239,23,552,26,33,26,19,72,42,10
82,43,39,8,14,4,0,2,8,3,0,9,0,1,0,0,0,1,1,2013,2013-07-02,3050,2722,302,702,132,7,64,288,242,23,561,26,34,26,19,72,43,11
83,44,42,10,17,5,1,4,9,1,0,2,0,0,1,0,1,0,0,2013,2013-07-03,3094,2764,312,719,137,8,68,297,243,23,563,26,34,27,19,73,43,11
84,43,40,5,13,2,0,2,5,3,0,7,0,0,0,0,0,0,0,2013,2013-07-04,3137,2804,317,732,139,8,70,302,246,23,570,26,34,27,19,73,43,11
85,47,40,10,13,3,1,1,10,6,0,9,0,1,0,1,0,0,0,2013,2013-07-05,3184,2844,327,745,142,9,71,312,252,23,579,26,35,27,20,73,43,11
86,31,31,2,4,1,1,1,2,0,0,12,0,0,0,0,0,0,0,2013,2013-07-06,3215,2875,329,749,143,10,72,314,252,23,591,26,35,27,20,73,43,11
87,36,32,4,7,2,1,0,4,4,3,10,0,0,0,0,0,1,2,2013,2013-07-07,3251,2907,333,756,145,11,72,318,256,26,601,26,35,27,20,73,44,13
88,44,42,6,17,1,0,0,6,1,0,7,0,1,0,0,0,0,0,2013,2013-07-08,3295,2949,339,773,146,11,72,324,257,26,608,26,36,27,20,73,44,13
89,40,34,6,10,1,0,0,5,3,0,5,1,1,1,1,1,1,0,2013,2013-07-09,3335,2983,345,783,147,11,72,329,260,26,613,27,37,28,21,74,45,13
90,62,54,7,15,1,0,3,7,6,0,6,0,1,1,0,1,0,0,2013,2013-07-10,3397,3037,352,798,148,11,75,336,266,26,619,27,38,29,21,75,45,13
91,41,33,6,13,2,0,0,6,7,2,7,0,0,1,1,3,1,0,2013,2013-07-11,3438,3070,358,811,150,11,75,342,273,28,626,27,38,30,22,78,46,13
92,33,29,0,4,1,0,0,0,2,0,4,1,1,0,0,1,0,0,2013,2013-07-12,3471,3099,358,815,151,11,75,342,275,28,630,28,39,30,22,79,46,13
93,30,27,1,4,2,0,0,1,2,0,4,1,0,0,1,2,1,0,2013,2013-07-13,3501,3126,359,819,153,11,75,343,277,28,634,29,39,30,23,81,47,13
94,36,33,1,6,0,0,0,1,3,0,7,0,0,0,0,0,0,0,2013,2013-07-14,3537,3159,360,825,153,11,75,344,280,28,641,29,39,30,23,81,47,13
95,35,33,3,8,0,0,2,3,1,0,9,0,1,0,0,1,0,0,2013,2013-07-19,3572,3192,363,833,153,11,77,347,281,28,650,29,40,30,23,82,47,13
96,45,39,3,11,4,0,0,3,3,0,13,0,2,1,1,0,1,0,2013,2013-07-20,3617,3231,366,844,157,11,77,350,284,28,663,29,42,31,24,82,48,13
97,46,41,9,15,3,0,2,9,5,0,7,0,0,0,0,0,1,0,2013,2013-07-21,3663,3272,375,859,160,11,79,359,289,28,670,29,42,31,24,82,49,13
98,52,44,14,16,3,0,2,13,4,0,8,2,0,1,3,1,0,0,2013,2013-07-22,3715,3316,389,875,163,11,81,372,293,28,678,31,42,32,27,83,49,13
99,46,40,10,13,2,0,3,10,4,0,10,2,0,0,0,0,1,0,2013,2013-07-23,3761,3356,399,888,165,11,84,382,297,28,688,33,42,32,27,83,50,13
100,51,45,8,16,5,0,2,7,4,0,9,1,0,1,1,1,0,0,2013,2013-07-24,3812,3401,407,904,170,11,86,389,301,28,697,34,42,33,28,84,50,13
101,37,34,2,9,1,0,0,2,2,0,6,0,1,0,0,1,1,0,2013,2013-07-25,3849,3435,409,913,171,11,86,391,303,28,703,34,43,33,28,85,51,13
102,31,28,2,7,0,0,1,2,1,0,6,1,1,0,0,0,1,1,2013,2013-07-26,3880,3463,411,920,171,11,87,393,304,28,709,35,44,33,28,85,52,14
103,33,30,4,10,2,0,1,4,2,0,4,0,1,0,0,1,1,0,2013,2013-07-27,3913,3493,415,930,173,11,88,397,306,28,713,35,45,33,28,86,53,14
104,38,35,1,5,1,0,1,1,2,1,20,0,1,0,0,0,0,1,2013,2013-07-28,3951,3528,416,935,174,11,89,398,308,29,733,35,46,33,28,86,53,15
105,35,35,3,10,2,0,1,3,0,0,5,0,0,0,0,0,1,0,2013,2013-07-30,3986,3563,419,945,176,11,90,401,308,29,738,35,46,33,28,86,54,15
106,33,30,0,6,0,0,0,0,2,1,10,0,1,0,0,1,0,0,2013,2013-07-31,4019,3593,419,951,176,11,90,401,310,30,748,35,47,33,28,87,54,15
107,40,36,6,12,4,0,1,6,3,1,5,0,1,0,0,0,0,0,2013,2013-08-01,4059,3629,425,963,180,11,91,407,313,31,753,35,48,33,28,87,54,15
108,43,33,6,9,3,0,0,5,6,0,8,1,1,2,0,0,1,1,2013,2013-08-02,4102,3662,431,972,183,11,91,412,319,31,761,36,49,35,28,87,55,16
109,41,34,3,10,2,0,0,3,6,0,10,1,0,0,1,1,0,1,2013,2013-08-03,4143,3696,434,982,185,11,91,415,325,31,771,37,49,35,29,88,55,17
110,35,30,1,2,1,0,0,1,4,0,7,1,0,0,1,0,0,0,2013,2013-08-04,4178,3726,435,984,186,11,91,416,329,31,778,38,49,35,30,88,55,17
111,34,31,3,7,2,0,0,3,2,0,6,0,1,0,0,2,0,0,2013,2013-08-05,4212,3757,438,991,188,11,91,419,331,31,784,38,50,35,30,90,55,17
112,36,33,1,9,2,0,0,1,3,0,3,0,0,0,1,4,0,0,2013,2013-08-06,4248,3790,439,1000,190,11,91,420,334,31,787,38,50,35,31,94,55,17
113,53,44,13,18,2,1,0,13,7,1,7,0,2,0,1,0,1,0,2013,2013-08-07,4301,3834,452,1018,192,12,91,433,341,32,794,38,52,35,32,94,56,17
114,41,36,5,10,0,1,1,5,4,0,6,0,0,1,0,0,1,0,2013,2013-08-08,4342,3870,457,1028,192,13,92,438,345,32,800,38,52,36,32,94,57,17
115,41,37,7,13,5,1,0,6,4,1,6,0,0,0,2,2,0,0,2013,2013-08-09,4383,3907,464,1041,197,14,92,444,349,33,806,38,52,36,34,96,57,17
116,36,31,5,12,1,0,1,5,4,2,7,0,0,1,0,2,1,1,2013,2013-08-10,4419,3938,469,1053,198,14,93,449,353,35,813,38,52,37,34,98,58,18
117,39,35,8,14,3,0,1,8,2,1,7,0,1,1,0,1,0,0,2013,2013-08-11,4458,3973,477,1067,201,14,94,457,355,36,820,38,53,38,34,99,58,18
118,31,30,4,8,0,0,1,3,0,0,6,0,0,1,0,1,0,0,2013,2013-08-12,4489,4003,481,1075,201,14,95,460,355,36,826,38,53,39,34,100,58,18
119,31,29,4,8,1,0,0,4,2,0,5,0,0,0,0,2,0,0,2013,2013-08-13,4520,4032,485,1083,202,14,95,464,357,36,831,38,53,39,34,102,58,18
120,48,44,5,12,3,0,1,5,2,0,6,1,1,0,1,1,0,0,2013,2013-08-14,4568,4076,490,1095,205,14,96,469,359,36,837,39,54,39,35,103,58,18
121,36,34,4,7,2,0,1,4,1,0,7,1,0,0,0,0,2,0,2013,2013-08-16,4604,4110,494,1102,207,14,97,473,360,36,844,40,54,39,35,103,60,18
122,36,32,5,10,3,0,1,5,2,0,3,2,0,0,1,3,0,1,2013,2013-08-17,4640,4142,499,1112,210,14,98,478,362,36,847,42,54,39,36,106,60,19
123,35,34,2,8,0,0,1,2,1,0,10,0,0,0,1,1,0,1,2013,2013-08-18,4675,4176,501,1120,210,14,99,480,363,36,857,42,54,39,37,107,60,20
124,38,34,2,6,2,0,0,2,3,1,11,1,0,0,0,0,0,0,2013,2013-08-19,4713,4210,503,1126,212,14,99,482,366,37,868,43,54,39,37,107,60,20
125,45,40,6,16,3,0,1,5,5,2,3,0,0,0,1,3,1,0,2013,2013-08-20,4758,4250,509,1142,215,14,100,487,371,39,871,43,54,39,38,110,61,20
126,38,32,4,7,2,0,0,3,3,0,7,0,1,1,1,1,1,0,2013,2013-08-21,4796,4282,513,1149,217,14,100,490,374,39,878,43,55,40,39,111,62,20
127,43,34,6,8,5,0,0,6,5,0,8,3,0,1,0,0,0,0,2013,2013-08-22,4839,4316,519,1157,222,14,100,496,379,39,886,46,55,41,39,111,62,20
128,27,27,2,3,0,0,1,2,0,0,6,0,0,0,0,0,2,0,2013,2013-08-23,4866,4343,521,1160,222,14,101,498,379,39,892,46,55,41,39,111,64,20
129,35,29,2,5,1,0,0,2,5,0,8,0,1,0,1,0,0,0,2013,2013-08-24,4901,4372,523,1165,223,14,101,500,384,39,900,46,56,41,40,111,64,20
130,31,29,1,3,0,0,1,1,1,0,5,0,1,0,0,0,0,0,2013,2013-08-25,4932,4401,524,1168,223,14,102,501,385,39,905,46,57,41,40,111,64,20
131,39,31,6,9,4,0,2,6,6,0,6,0,1,1,0,0,1,0,2013,2013-08-26,4971,4432,530,1177,227,14,104,507,391,39,911,46,58,42,40,111,65,20
132,38,33,2,7,0,0,0,2,3,1,7,2,0,0,0,1,1,0,2013,2013-08-27,5009,4465,532,1184,227,14,104,509,394,40,918,48,58,42,40,112,66,20
133,32,30,4,6,0,0,2,3,2,0,8,0,0,0,1,1,1,0,2013,2013-08-28,5041,4495,536,1190,227,14,106,512,396,40,926,48,58,42,41,113,67,20
134,39,38,9,13,5,0,3,9,1,0,3,0,0,0,1,0,2,0,2013,2013-08-30,5080,4533,545,1203,232,14,109,521,397,40,929,48,58,42,42,113,69,20
135,38,34,2,13,3,0,0,2,3,1,8,0,1,0,0,0,0,2,2013,2013-08-31,5118,4567,547,1216,235,14,109,523,400,41,937,48,59,42,42,113,69,22
136,32,30,2,7,1,0,1,2,2,0,14,0,0,0,0,0,1,1,2013,2013-09-01,5150,4597,549,1223,236,14,110,525,402,41,951,48,59,42,42,113,70,23
137,47,40,10,15,3,0,1,10,4,0,9,1,1,1,2,0,0,1,2013,2013-09-02,5197,4637,559,1238,239,14,111,535,406,41,960,49,60,43,44,113,70,24
138,43,36,7,12,2,0,0,4,4,0,6,0,1,2,2,2,0,0,2013,2013-09-03,5240,4673,566,1250,241,14,111,539,410,41,966,49,61,45,46,115,70,24
139,40,37,5,11,1,0,0,4,3,0,7,0,0,0,2,3,0,0,2013,2013-09-04,5280,4710,571,1261,242,14,111,543,413,41,973,49,61,45,48,118,70,24
140,31,31,2,5,0,0,1,2,0,0,8,0,0,0,0,0,0,1,2013,2013-09-06,5311,4741,573,1266,242,14,112,545,413,41,981,49,61,45,48,118,70,25
141,42,39,3,10,0,0,1,3,1,0,7,1,1,0,1,0,0,0,2013,2013-09-07,5353,4780,576,1276,242,14,113,548,414,41,988,50,62,45,49,118,70,25
142,33,32,2,6,2,0,1,2,0,0,12,1,0,0,1,1,0,0,2013,2013-09-08,5386,4812,578,1282,244,14,114,550,414,41,1000,51,62,45,50,119,70,25
143,38,34,8,12,2,0,6,8,3,0,10,0,1,0,0,0,0,0,2013,2013-09-09,5424,4846,586,1294,246,14,120,558,417,41,1010,51,63,45,50,119,70,25
144,45,39,5,7,1,0,1,4,6,1,6,0,0,0,2,0,2,0,2013,2013-09-10,5469,4885,591,1301,247,14,121,562,423,42,1016,51,63,45,52,119,72,25
145,36,34,1,8,2,0,1,1,2,0,3,0,0,0,0,1,0,0,2013,2013-09-11,5505,4919,592,1309,249,14,122,563,425,42,1019,51,63,45,52,120,72,25
146,40,36,3,9,1,0,0,3,2,0,6,0,2,0,1,0,1,0,2013,2013-09-12,5545,4955,595,1318,250,14,122,566,427,42,1025,51,65,45,53,120,73,25
147,39,34,2,10,1,0,1,2,3,0,9,1,1,0,0,2,0,0,2013,2013-09-13,5584,4989,597,1328,251,14,123,568,430,42,1034,52,66,45,53,122,73,25
148,37,34,3,8,1,0,1,3,2,0,10,1,0,0,0,1,0,0,2013,2013-09-14,5621,5023,600,1336,252,14,124,571,432,42,1044,53,66,45,53,123,73,25
149,40,35,3,9,2,1,0,3,3,2,5,1,1,0,0,0,1,0,2013,2013-09-15,5661,5058,603,1345,254,15,124,574,435,44,1049,54,67,45,53,123,74,25
150,36,31,1,4,1,0,0,1,4,0,9,1,0,0,0,0,0,0,2013,2013-09-16,5697,5089,604,1349,255,15,124,575,439,44,1058,55,67,45,53,123,74,25
151,45,38,9,12,3,1,2,9,7,0,6,0,0,0,0,0,0,0,2013,2013-09-17,5742,5127,613,1361,258,16,126,584,446,44,1064,55,67,45,53,123,74,25
152,36,35,4,12,3,0,2,4,0,0,3,0,1,0,0,1,0,0,2013,2013-09-18,5778,5162,617,1373,261,16,128,588,446,44,1067,55,68,45,53,124,74,25
153,41,34,7,11,3,0,3,7,5,0,4,0,1,1,0,2,0,0,2013,2013-09-19,5819,5196,624,1384,264,16,131,595,451,44,1071,55,69,46,53,126,74,25
154,34,33,0,6,2,0,0,0,1,0,9,0,0,0,0,0,1,0,2013,2013-09-20,5853,5229,624,1390,266,16,131,595,452,44,1080,55,69,46,53,126,75,25
155,38,32,4,6,1,0,2,4,6,0,8,0,0,0,1,0,1,2,2013,2013-09-21,5891,5261,628,1396,267,16,133,599,458,44,1088,55,69,46,54,126,76,27
156,31,31,1,4,2,0,0,0,0,0,13,0,0,0,0,0,0,0,2013,2013-09-22,5922,5292,629,1400,269,16,133,599,458,44,1101,55,69,46,54,126,76,27
157,38,34,2,8,1,0,2,2,3,0,7,1,0,0,0,1,1,0,2013,2013-09-24,5960,5326,631,1408,270,16,135,601,461,44,1108,56,69,46,54,127,77,27
158,36,34,4,8,3,0,0,3,0,0,3,0,1,1,1,1,0,0,2013,2013-09-25,5996,5360,635,1416,273,16,135,604,461,44,1111,56,70,47,55,128,77,27
159,36,31,2,8,3,1,0,2,2,1,6,1,1,1,0,1,0,0,2013,2013-09-26,6032,5391,637,1424,276,17,135,606,463,45,1117,57,71,48,55,129,77,27
160,43,38,11,15,2,0,3,11,5,0,5,0,0,0,0,1,1,0,2013,2013-09-27,6075,5429,648,1439,278,17,138,617,468,45,1122,57,71,48,55,130,78,27
161,35,31,0,3,2,0,0,0,4,0,11,0,0,0,1,0,0,0,2013,2013-09-28,6110,5460,648,1442,280,17,138,617,472,45,1133,57,71,48,56,130,78,27
162,35,31,1,5,1,0,0,1,4,0,13,0,0,0,0,0,0,1,2013,2013-09-29,6145,5491,649,1447,281,17,138,618,476,45,1146,57,71,48,56,130,78,28
1,39,33,5,7,2,0,1,5,5,0,10,1,0,0,2,0,0,1,2012,2012-04-05,39,33,5,7,2,0,1,5,5,0,10,1,0,0,2,0,0,1
2,38,34,6,10,2,1,0,6,3,0,9,0,1,0,0,1,1,1,2012,2012-04-06,77,67,11,17,4,1,1,11,8,0,19,1,1,0,2,1,1,2
3,47,39,6,9,4,0,1,6,6,1,7,0,1,1,0,1,3,0,2012,2012-04-07,124,106,17,26,8,1,2,17,14,1,26,1,2,1,2,2,4,2
4,34,33,4,4,0,0,2,4,1,0,5,0,0,0,3,1,0,0,2012,2012-04-08,158,139,21,30,8,1,4,21,15,1,31,1,2,1,5,3,4,2
5,32,29,2,7,0,0,1,2,2,0,7,0,1,0,0,1,1,0,2012,2012-04-10,190,168,23,37,8,1,5,23,17,1,38,1,3,1,5,4,5,2
6,38,36,4,12,2,0,0,4,2,1,6,0,0,0,1,0,1,0,2012,2012-04-11,228,204,27,49,10,1,5,27,19,2,44,1,3,1,6,4,6,2
7,34,30,3,8,1,0,0,3,1,0,4,1,1,1,0,0,0,0,2012,2012-04-12,262,234,30,57,11,1,5,30,20,2,48,2,4,2,6,4,6,2
8,41,30,9,6,2,0,1,9,10,0,6,0,1,0,1,1,1,1,2012,2012-04-13,303,264,39,63,13,1,6,39,30,2,54,2,5,2,7,5,7,3
9,35,29,6,8,1,0,3,6,3,0,2,1,1,1,0,1,0,0,2012,2012-04-14,338,293,45,71,14,1,9,45,33,2,56,3,6,3,7,6,7,3
10,46,33,5,11,2,0,1,5,9,2,7,1,2,1,1,1,2,1,2012,2012-04-15,384,326,50,82,16,1,10,50,42,4,63,4,8,4,8,7,9,4
11,35,34,4,9,5,0,1,3,1,1,9,0,0,0,0,0,0,1,2012,2012-04-17,419,360,54,91,21,1,11,53,43,5,72,4,8,4,8,7,9,5
12,36,32,2,6,1,1,0,2,3,0,8,0,1,0,0,1,1,1,2012,2012-04-18,455,392,56,97,22,2,11,55,46,5,80,4,9,4,8,8,10,6
13,39,33,4,9,2,1,1,4,4,0,4,1,0,1,0,0,0,2,2012,2012-04-19,494,425,60,106,24,3,12,59,50,5,84,5,9,5,8,8,10,8
14,38,33,3,9,2,0,1,3,4,0,5,0,1,0,0,1,0,0,2012,2012-04-20,532,458,63,115,26,3,13,62,54,5,89,5,10,5,8,9,10,8
15,36,31,5,8,2,0,2,5,5,0,7,0,0,0,0,3,0,1,2012,2012-04-21,568,489,68,123,28,3,15,67,59,5,96,5,10,5,8,12,10,9
16,34,31,0,6,1,0,0,0,3,0,7,0,0,0,0,2,1,0,2012,2012-04-22,602,520,68,129,29,3,15,67,62,5,103,5,10,5,8,14,11,9
17,35,29,7,15,1,0,0,7,2,1,1,0,3,1,0,2,1,2,2012,2012-04-23,637,549,75,144,30,3,15,74,64,6,104,5,13,6,8,16,12,11
18,36,34,3,10,0,0,1,2,2,0,5,0,0,0,0,1,0,0,2012,2012-04-24,673,583,78,154,30,3,16,76,66,6,109,5,13,6,8,17,12,11
19,37,34,2,7,1,0,1,2,2,0,12,0,1,0,0,0,2,0,2012,2012-04-25,710,617,80,161,31,3,17,78,68,6,121,5,14,6,8,17,14,11
20,34,29,3,7,1,0,1,3,4,0,5,0,1,0,0,0,0,0,2012,2012-04-27,744,646,83,168,32,3,18,81,72,6,126,5,15,6,8,17,14,11
21,39,36,4,9,1,0,1,3,1,0,13,2,0,0,1,2,1,0,2012,2012-04-28,783,682,87,177,33,3,19,84,73,6,139,7,15,6,9,19,15,11
22,33,26,2,3,1,0,0,2,6,0,8,0,1,0,0,0,0,0,2012,2012-04-29,816,708,89,180,34,3,19,86,79,6,147,7,16,6,9,19,15,11
23,39,35,2,9,1,0,1,2,4,0,9,0,0,0,0,1,0,0,2012,2012-04-30,855,743,91,189,35,3,20,88,83,6,156,7,16,6,9,20,15,11
24,43,38,7,14,2,0,3,7,5,0,6,0,0,0,0,2,1,1,2012,2012-05-01,898,781,98,203,37,3,23,95,88,6,162,7,16,6,9,22,16,12
25,42,34,5,9,2,0,0,5,6,3,9,0,2,0,0,0,0,0,2012,2012-05-02,940,815,103,212,39,3,23,100,94,9,171,7,18,6,9,22,16,12
26,36,31,4,6,1,2,1,4,2,0,5,2,0,1,0,1,2,0,2012,2012-05-04,976,846,107,218,40,5,24,104,96,9,176,9,18,7,9,23,18,12
27,38,31,5,6,3,0,0,5,4,1,4,0,1,2,1,0,1,0,2012,2012-05-05,1014,877,112,224,43,5,24,109,100,10,180,9,19,9,10,23,19,12
28,41,38,3,6,0,0,1,3,3,0,6,0,0,0,0,1,1,1,2012,2012-05-06,1055,915,115,230,43,5,25,112,103,10,186,9,19,9,10,24,20,13
29,43,37,9,13,4,0,0,7,5,1,3,0,1,0,1,0,0,1,2012,2012-05-07,1098,952,124,243,47,5,25,119,108,11,189,9,20,9,11,24,20,14
30,34,30,1,8,2,0,0,1,3,2,1,0,1,0,0,4,0,0,2012,2012-05-08,1132,982,125,251,49,5,25,120,111,13,190,9,21,9,11,28,20,14
31,39,35,6,13,3,2,0,6,3,0,9,0,1,0,0,1,0,0,2012,2012-05-09,1171,1017,131,264,52,7,25,126,114,13,199,9,22,9,11,29,20,14
32,37,33,7,11,2,0,3,7,3,1,10,0,1,0,0,0,0,0,2012,2012-05-11,1208,1050,138,275,54,7,28,133,117,14,209,9,23,9,11,29,20,14
33,29,28,2,7,1,0,0,2,0,0,9,0,1,0,0,1,0,0,2012,2012-05-12,1237,1078,140,282,55,7,28,135,117,14,218,9,24,9,11,30,20,14
34,42,30,11,8,5,0,1,11,10,1,6,0,2,0,0,0,1,0,2012,2012-05-13,1279,1108,151,290,60,7,29,146,127,15,224,9,26,9,11,30,21,14
35,33,30,3,7,0,0,1,3,2,0,8,0,0,1,0,0,0,0,2012,2012-05-14,1312,1138,154,297,60,7,30,149,129,15,232,9,26,10,11,30,21,14
36,37,35,1,10,1,0,1,1,1,0,7,1,0,0,0,2,0,0,2012,2012-05-15,1349,1173,155,307,61,7,31,150,130,15,239,10,26,10,11,32,21,14
37,32,31,2,5,3,0,0,2,0,0,9,0,0,1,1,0,0,1,2012,2012-05-16,1381,1204,157,312,64,7,31,152,130,15,248,10,26,11,12,32,21,15
38,44,38,8,13,4,1,0,8,4,1,11,0,1,1,1,0,0,0,2012,2012-05-17,1425,1242,165,325,68,8,31,160,134,16,259,10,27,12,13,32,21,15
39,43,36,6,13,3,1,0,6,6,1,8,0,1,0,0,1,0,0,2012,2012-05-18,1468,1278,171,338,71,9,31,166,140,17,267,10,28,12,13,33,21,15
40,36,34,6,9,5,0,1,4,2,0,6,0,0,0,2,0,0,0,2012,2012-05-19,1504,1312,177,347,76,9,32,170,142,17,273,10,28,12,15,33,21,15
41,37,35,6,14,0,1,1,5,2,0,7,0,0,0,0,2,0,1,2012,2012-05-20,1541,1347,183,361,76,10,33,175,144,17,280,10,28,12,15,35,21,16
42,42,38,6,11,0,1,3,6,3,0,8,0,1,0,0,0,0,0,2012,2012-05-21,1583,1385,189,372,76,11,36,181,147,17,288,10,29,12,15,35,21,16
43,42,35,8,12,2,0,0,8,5,0,9,0,0,2,2,2,0,2,2012,2012-05-22,1625,1420,197,384,78,11,36,189,152,17,297,10,29,14,17,37,21,18
44,36,34,4,8,2,0,1,4,2,0,9,0,0,0,0,1,0,0,2012,2012-05-23,1661,1454,201,392,80,11,37,193,154,17,306,10,29,14,17,38,21,18
45,38,33,1,7,0,0,0,1,5,0,3,0,0,0,0,1,0,0,2012,2012-05-25,1699,1487,202,399,80,11,37,194,159,17,309,10,29,14,17,39,21,18
46,43,36,6,12,2,0,1,6,5,1,6,1,1,0,0,0,0,0,2012,2012-05-26,1742,1523,208,411,82,11,38,200,164,18,315,11,30,14,17,39,21,18
47,41,34,5,12,1,0,1,5,5,1,11,0,2,0,2,2,4,0,2012,2012-05-27,1783,1557,213,423,83,11,39,205,169,19,326,11,32,14,19,41,25,18
48,38,34,2,8,1,0,0,2,3,0,12,0,1,0,0,0,2,0,2012,2012-05-28,1821,1591,215,431,84,11,39,207,172,19,338,11,33,14,19,41,27,18
49,33,32,1,6,3,0,0,1,0,0,4,1,0,0,0,1,0,0,2012,2012-05-29,1854,1623,216,437,87,11,39,208,172,19,342,12,33,14,19,42,27,18
50,37,33,3,10,1,0,0,3,4,0,11,0,0,0,0,4,0,0,2012,2012-05-30,1891,1656,219,447,88,11,39,211,176,19,353,12,33,14,19,46,27,18
51,40,37,2,13,1,0,0,2,2,0,7,1,0,0,0,3,1,0,2012,2012-05-31,1931,1693,221,460,89,11,39,213,178,19,360,13,33,14,19,49,28,18
52,39,34,3,10,4,1,0,3,4,0,9,0,0,1,0,2,3,0,2012,2012-06-01,1970,1727,224,470,93,12,39,216,182,19,369,13,33,15,19,51,31,18
53,43,37,6,10,3,0,1,6,5,0,8,0,1,0,1,0,1,0,2012,2012-06-02,2013,1764,230,480,96,12,40,222,187,19,377,13,34,15,20,51,32,18
54,35,30,2,3,0,0,1,2,5,0,2,0,0,0,0,0,1,0,2012,2012-06-03,2048,1794,232,483,96,12,41,224,192,19,379,13,34,15,20,51,33,18
55,41,34,4,9,1,1,0,4,3,0,12,2,2,0,1,0,2,1,2012,2012-06-04,2089,1828,236,492,97,13,41,228,195,19,391,15,36,15,21,51,35,19
56,33,32,2,6,2,0,0,2,1,0,12,0,0,0,0,0,0,0,2012,2012-06-05,2122,1860,238,498,99,13,41,230,196,19,403,15,36,15,21,51,35,19
57,43,35,6,7,2,1,0,5,7,1,12,1,0,0,1,0,0,1,2012,2012-06-06,2165,1895,244,505,101,14,41,235,203,20,415,16,36,15,22,51,35,20
58,42,39,8,12,1,0,0,8,2,0,7,0,0,1,3,0,0,1,2012,2012-06-07,2207,1934,252,517,102,14,41,243,205,20,422,16,36,16,25,51,35,21
59,30,26,0,0,0,0,0,0,3,0,9,0,1,0,1,1,0,0,2012,2012-06-08,2237,1960,252,517,102,14,41,243,208,20,431,16,37,16,26,52,35,21
60,40,37,8,14,2,0,1,8,2,1,5,0,0,1,0,3,4,1,2012,2012-06-09,2277,1997,260,531,104,14,42,251,210,21,436,16,37,17,26,55,39,22
61,40,35,8,11,2,0,1,8,5,0,6,0,0,0,0,2,0,1,2012,2012-06-10,2317,2032,268,542,106,14,43,259,215,21,442,16,37,17,26,57,39,23
62,37,29,2,6,2,0,0,1,7,0,7,1,0,0,0,2,2,0,2012,2012-06-11,2354,2061,270,548,108,14,43,260,222,21,449,17,37,17,26,59,41,23
63,32,29,5,6,0,0,1,5,3,0,7,0,0,0,1,1,3,1,2012,2012-06-12,2386,2090,275,554,108,14,44,265,225,21,456,17,37,17,27,60,44,24
64,37,30,1,5,1,0,0,1,7,0,5,0,0,0,0,2,0,0,2012,2012-06-13,2423,2120,276,559,109,14,44,266,232,21,461,17,37,17,27,62,44,24
65,39,33,7,10,3,0,0,6,5,0,9,0,1,0,0,0,1,0,2012,2012-06-15,2462,2153,283,569,112,14,44,272,237,21,470,17,38,17,27,62,45,24
66,38,33,4,9,0,0,0,4,4,0,9,0,0,1,0,1,1,1,2012,2012-06-16,2500,2186,287,578,112,14,44,276,241,21,479,17,38,18,27,63,46,25
67,37,33,2,9,1,1,0,2,2,2,7,0,1,1,0,1,0,1,2012,2012-06-17,2537,2219,289,587,113,15,44,278,243,23,486,17,39,19,27,64,46,26
68,32,29,0,2,0,0,0,0,3,0,7,0,0,0,1,1,0,0,2012,2012-06-19,2569,2248,289,589,113,15,44,278,246,23,493,17,39,19,28,65,46,26
69,32,31,1,3,1,0,0,1,1,0,2,0,0,0,1,0,0,0,2012,2012-06-20,2601,2279,290,592,114,15,44,279,247,23,495,17,39,19,29,65,46,26
70,29,28,1,3,2,0,0,1,1,0,7,0,0,0,0,0,0,1,2012,2012-06-21,2630,2307,291,595,116,15,44,280,248,23,502,17,39,19,29,65,46,27
71,41,37,5,12,0,0,1,5,4,0,6,0,0,0,0,2,1,0,2012,2012-06-22,2671,2344,296,607,116,15,45,285,252,23,508,17,39,19,29,67,47,27
72,32,32,3,4,0,1,0,1,0,0,11,0,0,0,1,1,1,0,2012,2012-06-23,2703,2376,299,611,116,16,45,286,252,23,519,17,39,19,30,68,48,27
73,37,32,3,10,3,0,0,3,3,0,8,0,1,1,0,2,1,1,2012,2012-06-24,2740,2408,302,621,119,16,45,289,255,23,527,17,40,20,30,70,49,28
74,36,31,0,5,1,0,0,0,4,0,6,1,0,0,0,1,1,0,2012,2012-06-25,2776,2439,302,626,120,16,45,289,259,23,533,18,40,20,30,71,50,28
75,34,32,0,7,1,0,0,0,2,0,5,0,0,0,0,1,0,1,2012,2012-06-26,2810,2471,302,633,121,16,45,289,261,23,538,18,40,20,30,72,50,29
76,32,30,0,4,1,0,0,0,2,0,9,0,0,0,0,1,0,0,2012,2012-06-27,2842,2501,302,637,122,16,45,289,263,23,547,18,40,20,30,73,50,29
77,34,32,2,7,1,1,0,2,1,1,7,0,1,0,0,1,0,0,2012,2012-06-28,2876,2533,304,644,123,17,45,291,264,24,554,18,41,20,30,74,50,29
78,32,30,0,4,1,0,0,0,1,0,10,1,0,0,0,1,0,0,2012,2012-06-29,2908,2563,304,648,124,17,45,291,265,24,564,19,41,20,30,75,50,29
79,31,29,0,3,0,0,0,0,2,0,3,0,0,0,0,1,1,0,2012,2012-06-30,2939,2592,304,651,124,17,45,291,267,24,567,19,41,20,30,76,51,29
80,38,30,8,7,4,0,0,6,5,0,5,0,1,2,1,1,3,0,2012,2012-07-01,2977,2622,312,658,128,17,45,297,272,24,572,19,42,22,31,77,54,29
81,33,30,2,6,0,0,1,2,1,0,9,0,1,1,0,0,0,0,2012,2012-07-02,3010,2652,314,664,128,17,46,299,273,24,581,19,43,23,31,77,54,29
82,32,30,3,7,1,0,0,2,1,0,8,0,1,0,0,0,1,0,2012,2012-07-03,3042,2682,317,671,129,17,46,301,274,24,589,19,44,23,31,77,55,29
83,33,28,4,6,2,0,0,3,3,1,6,1,0,1,0,0,2,1,2012,2012-07-04,3075,2710,321,677,131,17,46,304,277,25,595,20,44,24,31,77,57,30
84,38,34,4,9,2,0,2,4,4,0,6,0,0,0,0,2,0,0,2012,2012-07-05,3113,2744,325,686,133,17,48,308,281,25,601,20,44,24,31,79,57,30
85,42,38,3,13,3,0,1,3,3,0,9,0,1,0,1,1,1,0,2012,2012-07-06,3155,2782,328,699,136,17,49,311,284,25,610,20,45,24,32,80,58,30
86,35,32,3,7,1,0,2,3,3,0,9,0,0,0,0,2,0,0,2012,2012-07-07,3190,2814,331,706,137,17,51,314,287,25,619,20,45,24,32,82,58,30
87,35,31,1,5,2,0,0,1,3,0,8,0,0,1,0,0,0,0,2012,2012-07-08,3225,2845,332,711,139,17,51,315,290,25,627,20,45,25,32,82,58,30
88,30,29,2,6,2,0,1,2,0,0,2,1,0,0,0,1,0,0,2012,2012-07-13,3255,2874,334,717,141,17,52,317,290,25,629,21,45,25,32,83,58,30
89,44,38,6,10,1,0,1,5,6,1,11,0,0,0,1,0,2,0,2012,2012-07-14,3299,2912,340,727,142,17,53,322,296,26,640,21,45,25,33,83,60,30
90,37,34,2,7,2,0,0,2,3,2,6,0,0,0,1,1,1,0,2012,2012-07-15,3336,2946,342,734,144,17,53,324,299,28,646,21,45,25,34,84,61,30
91,34,34,2,7,1,0,0,0,0,0,8,0,0,0,1,1,1,0,2012,2012-07-16,3370,2980,344,741,145,17,53,324,299,28,654,21,45,25,35,85,62,30
92,34,33,2,7,1,0,0,2,0,0,9,1,0,0,1,1,0,0,2012,2012-07-17,3404,3013,346,748,146,17,53,326,299,28,663,22,45,25,36,86,62,30
93,48,43,5,10,2,0,2,5,4,2,10,0,1,0,0,0,1,0,2012,2012-07-18,3452,3056,351,758,148,17,55,331,303,30,673,22,46,25,36,86,63,30
94,41,37,7,10,2,0,2,7,4,0,10,0,0,0,0,0,2,0,2012,2012-07-20,3493,3093,358,768,150,17,57,338,307,30,683,22,46,25,36,86,65,30
95,43,37,8,11,2,1,1,8,6,0,8,0,0,0,0,0,0,1,2012,2012-07-21,3536,3130,366,779,152,18,58,346,313,30,691,22,46,25,36,86,65,31
96,54,48,8,14,1,0,1,8,4,2,5,0,2,0,1,1,0,0,2012,2012-07-22,3590,3178,374,793,153,18,59,354,317,32,696,22,48,25,37,87,65,31
97,36,33,5,7,2,0,1,5,3,0,4,0,0,0,1,1,0,1,2012,2012-07-23,3626,3211,379,800,155,18,60,359,320,32,700,22,48,25,38,88,65,32
98,35,33,2,7,2,0,0,2,1,0,8,1,0,0,2,3,0,0,2012,2012-07-24,3661,3244,381,807,157,18,60,361,321,32,708,23,48,25,40,91,65,32
99,44,42,2,8,3,1,0,2,1,0,9,0,0,1,0,1,0,0,2012,2012-07-25,3705,3286,383,815,160,19,60,363,322,32,717,23,48,26,40,92,65,32
100,36,33,4,8,0,0,0,3,2,0,11,0,0,1,0,1,2,0,2012,2012-07-26,3741,3319,387,823,160,19,60,366,324,32,728,23,48,27,40,93,67,32
101,43,40,5,12,4,0,1,5,2,1,4,0,1,0,0,1,1,0,2012,2012-07-27,3784,3359,392,835,164,19,61,371,326,33,732,23,49,27,40,94,68,32
102,41,38,10,13,6,0,2,10,2,0,6,0,0,1,1,1,0,1,2012,2012-07-28,3825,3397,402,848,170,19,63,381,328,33,738,23,49,28,41,95,68,33
103,42,38,4,12,3,0,0,4,4,1,8,0,0,0,1,1,0,1,2012,2012-07-29,3867,3435,406,860,173,19,63,385,332,34,746,23,49,28,42,96,68,34
104,36,32,2,8,2,0,0,2,3,0,7,0,1,0,0,2,2,0,2012,2012-07-30,3903,3467,408,868,175,19,63,387,335,34,753,23,50,28,42,98,70,34
105,33,32,2,5,1,0,1,2,1,0,8,0,0,0,0,0,0,0,2012,2012-07-31,3936,3499,410,873,176,19,64,389,336,34,761,23,50,28,42,98,70,34
106,32,29,0,2,0,0,0,0,2,0,8,1,0,0,1,1,0,0,2012,2012-08-01,3968,3528,410,875,176,19,64,389,338,34,769,24,50,28,43,99,70,34
107,33,33,6,10,3,0,2,6,0,0,5,0,0,0,0,1,1,0,2012,2012-08-03,4001,3561,416,885,179,19,66,395,338,34,774,24,50,28,43,100,71,34
108,33,31,3,8,1,0,1,3,2,1,3,0,0,0,0,1,0,0,2012,2012-08-04,4034,3592,419,893,180,19,67,398,340,35,777,24,50,28,43,101,71,34
109,41,33,7,9,2,0,0,7,6,1,7,1,1,0,0,0,1,0,2012,2012-08-05,4075,3625,426,902,182,19,67,405,346,36,784,25,51,28,43,101,72,34
110,37,31,0,5,0,0,0,0,4,0,10,2,0,0,1,1,0,0,2012,2012-08-06,4112,3656,426,907,182,19,67,405,350,36,794,27,51,28,44,102,72,34
111,37,31,1,4,1,0,0,1,6,1,5,0,0,0,0,0,2,0,2012,2012-08-07,4149,3687,427,911,183,19,67,406,356,37,799,27,51,28,44,102,74,34
112,37,31,6,9,0,0,1,6,4,0,3,1,1,0,2,1,1,0,2012,2012-08-08,4186,3718,433,920,183,19,68,412,360,37,802,28,52,28,46,103,75,34
113,40,36,5,11,2,0,1,5,3,1,7,0,1,0,0,1,0,0,2012,2012-08-10,4226,3754,438,931,185,19,69,417,363,38,809,28,53,28,46,104,75,34
114,40,37,3,11,2,0,0,3,1,0,3,1,1,0,2,2,2,0,2012,2012-08-11,4266,3791,441,942,187,19,69,420,364,38,812,29,54,28,48,106,77,34
115,40,38,5,12,3,0,0,5,1,0,7,0,0,1,0,0,0,0,2012,2012-08-12,4306,3829,446,954,190,19,69,425,365,38,819,29,54,29,48,106,77,34
116,39,33,5,9,4,0,1,5,3,0,7,1,2,0,0,0,0,0,2012,2012-08-13,4345,3862,451,963,194,19,70,430,368,38,826,30,56,29,48,106,77,34
117,43,39,11,13,1,0,0,11,2,0,3,0,1,1,1,0,0,0,2012,2012-08-14,4388,3901,462,976,195,19,70,441,370,38,829,30,57,30,49,106,77,34
118,44,39,9,15,4,0,0,9,1,0,2,1,0,3,0,0,0,0,2012,2012-08-15,4432,3940,471,991,199,19,70,450,371,38,831,31,57,33,49,106,77,34
119,39,36,6,8,1,0,2,5,1,0,7,2,0,0,1,0,1,0,2012,2012-08-16,4471,3976,477,999,200,19,72,455,372,38,838,33,57,33,50,106,78,34
120,44,38,3,9,4,0,1,3,4,1,7,0,2,0,1,1,0,1,2012,2012-08-17,4515,4014,480,1008,204,19,73,458,376,39,845,33,59,33,51,107,78,35
121,34,31,6,4,0,0,4,6,3,0,3,0,0,0,0,0,1,0,2012,2012-08-18,4549,4045,486,1012,204,19,77,464,379,39,848,33,59,33,51,107,79,35
122,40,36,5,10,2,0,1,5,3,0,3,0,1,0,0,1,0,0,2012,2012-08-19,4589,4081,491,1022,206,19,78,469,382,39,851,33,60,33,51,108,79,35
123,32,31,1,5,0,0,1,1,0,0,11,1,0,0,1,0,2,2,2012,2012-08-20,4621,4112,492,1027,206,19,79,470,382,39,862,34,60,33,52,108,81,37
124,31,29,1,6,1,0,0,1,1,0,6,0,0,1,0,2,0,0,2012,2012-08-21,4652,4141,493,1033,207,19,79,471,383,39,868,34,60,34,52,110,81,37
125,39,37,4,12,5,0,0,4,1,0,8,0,1,0,0,1,0,0,2012,2012-08-22,4691,4178,497,1045,212,19,79,475,384,39,876,34,61,34,52,111,81,37
126,38,34,11,13,1,0,3,8,3,1,10,0,1,0,0,2,0,0,2012,2012-08-24,4729,4212,508,1058,213,19,82,483,387,40,886,34,62,34,52,113,81,37
127,41,37,8,16,4,0,3,8,3,0,8,0,1,0,0,1,0,0,2012,2012-08-25,4770,4249,516,1074,217,19,85,491,390,40,894,34,63,34,52,114,81,37
128,45,37,2,11,0,0,0,2,6,0,7,2,0,0,0,0,3,0,2012,2012-08-26,4815,4286,518,1085,217,19,85,493,396,40,901,36,63,34,52,114,84,37
129,34,30,0,4,2,1,0,0,3,0,8,1,0,0,0,1,1,0,2012,2012-08-27,4849,4316,518,1089,219,20,85,493,399,40,909,37,63,34,52,115,85,37
130,36,30,4,7,2,0,1,3,4,1,6,0,0,2,0,1,1,0,2012,2012-08-28,4885,4346,522,1096,221,20,86,496,403,41,915,37,63,36,52,116,86,37
131,43,39,10,12,1,0,2,10,3,0,8,0,1,0,1,0,0,0,2012,2012-08-29,4928,4385,532,1108,222,20,88,506,406,41,923,37,64,36,53,116,86,37
132,34,31,0,5,0,0,0,0,2,0,8,1,0,0,0,1,0,0,2012,2012-08-30,4962,4416,532,1113,222,20,88,506,408,41,931,38,64,36,53,117,86,37
133,44,38,3,6,0,0,0,3,5,0,12,1,0,0,0,1,1,0,2012,2012-08-31,5006,4454,535,1119,222,20,88,509,413,41,943,39,64,36,53,118,87,37
134,31,29,2,6,0,0,2,2,2,0,8,0,0,0,0,0,1,0,2012,2012-09-01,5037,4483,537,1125,222,20,90,511,415,41,951,39,64,36,53,118,88,37
135,39,35,5,11,4,0,1,5,4,0,4,0,0,0,0,1,0,0,2012,2012-09-02,5076,4518,542,1136,226,20,91,516,419,41,955,39,64,36,53,119,88,37
136,44,42,4,11,0,0,2,4,1,0,13,0,1,0,0,0,0,0,2012,2012-09-03,5120,4560,546,1147,226,20,93,520,420,41,968,39,65,36,53,119,88,37
137,45,38,3,10,3,0,1,3,3,0,6,0,3,1,0,0,1,0,2012,2012-09-04,5165,4598,549,1157,229,20,94,523,423,41,974,39,68,37,53,119,89,37
138,39,36,3,10,0,0,0,3,2,1,5,1,0,0,0,1,0,0,2012,2012-09-05,5204,4634,552,1167,229,20,94,526,425,42,979,40,68,37,53,120,89,37
139,40,33,2,6,0,0,1,2,7,0,9,0,0,0,0,0,1,0,2012,2012-09-07,5244,4667,554,1173,229,20,95,528,432,42,988,40,68,37,53,120,90,37
140,33,28,3,8,3,1,0,2,3,0,5,0,1,1,0,2,0,3,2012,2012-09-08,5277,4695,557,1181,232,21,95,530,435,42,993,40,69,38,53,122,90,40
141,36,31,0,5,1,0,0,0,4,0,8,0,1,0,0,0,0,0,2012,2012-09-09,5313,4726,557,1186,233,21,95,530,439,42,1001,40,70,38,53,122,90,40
142,30,30,0,5,3,0,0,0,0,0,8,0,0,0,0,2,0,0,2012,2012-09-11,5343,4756,557,1191,236,21,95,530,439,42,1009,40,70,38,53,124,90,40
143,32,30,2,4,1,0,0,2,0,0,8,1,1,0,0,0,0,0,2012,2012-09-12,5375,4786,559,1195,237,21,95,532,439,42,1017,41,71,38,53,124,90,40
144,33,31,1,6,2,0,0,1,2,0,8,0,0,0,1,1,0,2,2012,2012-09-13,5408,4817,560,1201,239,21,95,533,441,42,1025,41,71,38,54,125,90,42
145,35,31,8,9,2,0,2,8,3,0,5,1,0,0,0,1,0,0,2012,2012-09-14,5443,4848,568,1210,241,21,97,541,444,42,1030,42,71,38,54,126,90,42
146,35,34,4,6,2,0,1,4,1,0,9,0,0,0,2,0,3,0,2012,2012-09-15,5478,4882,572,1216,243,21,98,545,445,42,1039,42,71,38,56,126,93,42
147,47,39,2,7,1,0,1,2,6,2,10,0,2,0,0,0,0,2,2012,2012-09-16,5525,4921,574,1223,244,21,99,547,451,44,1049,42,73,38,56,126,93,44
148,39,35,1,9,4,0,0,1,3,0,8,1,0,0,0,1,2,0,2012,,5564,4956,575,1232,248,21,99,548,454,44,1057,43,73,38,56,127,95,44
149,43,39,7,13,2,0,1,6,2,0,6,1,1,0,0,0,1,0,2012,,5607,4995,582,1245,250,21,100,554,456,44,1063,44,74,38,56,127,96,44
150,32,31,1,4,0,0,1,1,1,0,10,0,0,0,1,1,0,0,2012,2012-09-20,5639,5026,583,1249,250,21,101,555,457,44,1073,44,74,38,57,128,96,44
151,40,35,3,7,0,0,0,3,1,0,6,2,2,0,0,1,1,0,2012,2012-09-21,5679,5061,586,1256,250,21,101,558,458,44,1079,46,76,38,57,129,97,44
152,32,31,0,6,0,0,0,0,1,0,7,0,0,0,0,2,0,0,2012,2012-09-22,5711,5092,586,1262,250,21,101,558,459,44,1086,46,76,38,57,131,97,44
153,37,33,5,8,2,0,2,5,3,0,8,0,1,0,0,1,0,0,2012,2012-09-23,5748,5125,591,1270,252,21,103,563,462,44,1094,46,77,38,57,132,97,44
154,39,34,1,10,1,0,0,1,3,0,7,1,1,0,0,0,1,0,2012,2012-09-25,5787,5159,592,1280,253,21,103,564,465,44,1101,47,78,38,57,132,98,44
155,41,40,8,14,2,0,2,8,1,0,5,0,0,0,1,2,0,0,2012,2012-09-26,5828,5199,600,1294,255,21,105,572,466,44,1106,47,78,38,58,134,98,44
156,46,42,8,14,4,0,0,7,2,1,9,2,0,0,1,0,1,0,2012,2012-09-27,5874,5241,608,1308,259,21,105,579,468,45,1115,49,78,38,59,134,99,44
157,38,34,8,12,3,0,2,7,2,0,7,1,1,0,0,1,0,0,2012,2012-09-28,5912,5275,616,1320,262,21,107,586,470,45,1122,50,79,38,59,135,99,44
158,35,31,3,10,1,0,2,3,3,1,6,0,1,0,0,2,2,0,2012,2012-09-29,5947,5306,619,1330,263,21,109,589,473,46,1128,50,80,38,59,137,101,44
159,38,35,7,12,0,0,3,7,3,0,8,0,0,0,0,0,1,0,2012,2012-09-30,5985,5341,626,1342,263,21,112,596,476,46,1136,50,80,38,59,137,102,44
160,36,30,3,9,2,0,1,3,3,2,3,1,2,0,0,1,0,0,2012,2012-10-01,6021,5371,629,1351,265,21,113,599,479,48,1139,51,82,38,59,138,102,44
161,37,35,3,10,3,2,1,3,1,1,9,1,0,0,0,1,2,0,2012,2012-10-02,6058,5406,632,1361,268,23,114,602,480,49,1148,52,82,38,59,139,104,44
162,33,32,5,8,1,0,2,5,1,0,8,0,0,0,1,0,0,0,2012,2012-10-03,6091,5438,637,1369,269,23,116,607,481,49,1156,52,82,38,60,139,104,44
1,35,30,2,6,1,0,0,1,4,1,6,1,0,0,1,0,1,0,2011,2011-03-31,35,30,2,6,1,0,0,1,4,1,6,1,0,0,1,0,1,0
2,35,31,4,8,1,0,0,3,3,0,9,0,0,1,1,0,0,1,2011,2011-04-01,70,61,6,14,2,0,0,4,7,1,15,1,0,1,2,0,1,1
3,35,35,0,9,1,0,0,0,0,0,5,0,0,0,0,1,0,0,2011,2011-04-02,105,96,6,23,3,0,0,4,7,1,20,1,0,1,2,1,1,1
4,35,33,7,9,1,2,1,7,2,0,7,0,0,0,0,0,0,0,2011,2011-04-03,140,129,13,32,4,2,1,11,9,1,27,1,0,1,2,1,1,1
5,33,30,0,5,1,0,0,0,2,1,7,0,1,0,0,1,0,0,2011,2011-04-05,173,159,13,37,5,2,1,11,11,2,34,1,1,1,2,2,1,1
6,39,35,5,10,1,1,2,5,3,0,7,1,0,0,0,2,0,0,2011,2011-04-06,212,194,18,47,6,3,3,16,14,2,41,2,1,1,2,4,1,1
7,47,41,4,10,2,0,0,2,4,1,10,1,1,0,0,1,3,0,2011,,259,235,22,57,8,3,3,18,18,3,51,3,2,1,2,5,4,1
8,45,39,4,13,2,0,1,3,5,2,4,0,1,0,1,1,5,0,2011,2011-04-09,304,274,26,70,10,3,4,21,23,5,55,3,3,1,3,6,9,1
9,32,28,2,4,0,0,0,1,2,0,6,1,1,0,0,2,2,1,2011,2011-04-10,336,302,28,74,10,3,4,22,25,5,61,4,4,1,3,8,11,2
10,38,34,6,11,0,0,1,5,4,1,9,0,0,0,0,2,2,0,2011,2011-04-11,374,336,34,85,10,3,5,27,29,6,70,4,4,1,3,10,13,2
11,38,35,4,8,3,0,1,4,2,1,9,1,0,0,1,0,0,1,2011,2011-04-12,412,371,38,93,13,3,6,31,31,7,79,5,4,1,4,10,13,3
12,37,35,3,9,2,0,1,3,2,0,12,0,0,0,0,0,0,1,2011,2011-04-13,449,406,41,102,15,3,7,34,33,7,91,5,4,1,4,10,13,4
13,42,38,5,11,2,0,1,4,4,0,5,0,0,0,0,0,2,0,2011,2011-04-14,491,444,46,113,17,3,8,38,37,7,96,5,4,1,4,10,15,4
14,35,34,2,7,2,0,0,1,1,0,8,0,0,0,0,0,0,0,2011,2011-04-15,526,478,48,120,19,3,8,39,38,7,104,5,4,1,4,10,15,4
15,38,35,2,9,2,0,0,2,1,0,5,2,0,0,0,1,0,0,2011,2011-04-16,564,513,50,129,21,3,8,41,39,7,109,7,4,1,4,11,15,4
16,31,30,2,7,1,0,1,2,0,0,6,0,1,0,1,0,0,1,2011,2011-04-17,595,543,52,136,22,3,9,43,39,7,115,7,5,1,5,11,15,5
17,36,33,4,10,1,0,0,4,2,1,6,0,0,1,0,0,0,0,2011,2011-04-18,631,576,56,146,23,3,9,47,41,8,121,7,5,2,5,11,15,5
18,35,32,1,5,2,0,0,1,3,1,9,0,0,0,0,0,0,0,2011,2011-04-19,666,608,57,151,25,3,9,48,44,9,130,7,5,2,5,11,15,5
19,35,33,6,11,1,0,1,6,2,0,11,0,0,0,0,1,0,1,2011,2011-04-20,701,641,63,162,26,3,10,54,46,9,141,7,5,2,5,12,15,6
20,49,43,5,11,1,0,3,5,4,0,12,1,1,0,0,0,1,1,2011,2011-04-21,750,684,68,173,27,3,13,59,50,9,153,8,6,2,5,12,16,7
21,49,38,12,14,2,0,2,12,10,0,8,0,0,1,0,1,0,1,2011,2011-04-22,799,722,80,187,29,3,15,71,60,9,161,8,6,3,5,13,16,8
22,43,39,8,11,1,1,3,8,4,0,8,0,0,0,0,0,1,0,2011,2011-04-23,842,761,88,198,30,4,18,79,64,9,169,8,6,3,5,13,17,8
23,42,36,7,11,3,1,0,7,4,0,4,1,0,1,2,3,0,0,2011,2011-04-24,884,797,95,209,33,5,18,86,68,9,173,9,6,4,7,16,17,8
24,37,33,4,10,2,0,0,4,2,0,5,0,2,0,0,2,2,0,2011,2011-04-25,921,830,99,219,35,5,18,90,70,9,178,9,8,4,7,18,19,8
25,36,34,2,8,2,0,0,2,1,0,8,0,0,1,0,0,1,0,2011,2011-04-26,957,864,101,227,37,5,18,92,71,9,186,9,8,5,7,18,20,8
26,42,35,5,8,1,0,2,5,5,0,9,0,2,0,0,1,0,0,2011,2011-04-27,999,899,106,235,38,5,20,97,76,9,195,9,10,5,7,19,20,8
27,38,34,3,11,4,0,2,3,4,1,6,0,0,0,0,0,0,1,2011,2011-04-29,1037,933,109,246,42,5,22,100,80,10,201,9,10,5,7,19,20,9
28,36,33,2,7,1,0,0,2,1,0,9,1,0,1,0,0,0,0,2011,2011-04-30,1073,966,111,253,43,5,22,102,81,10,210,10,10,6,7,19,20,9
29,32,30,0,5,1,0,0,0,2,0,7,0,0,0,0,2,0,0,2011,2011-05-01,1105,996,111,258,44,5,22,102,83,10,217,10,10,6,7,21,20,9
30,32,31,5,7,3,0,0,5,0,0,6,1,0,0,0,1,1,0,2011,2011-05-02,1137,1027,116,265,47,5,22,107,83,10,223,11,10,6,7,22,21,9
31,33,30,1,6,0,0,0,1,2,0,7,0,1,0,0,2,1,0,2011,2011-05-03,1170,1057,117,271,47,5,22,108,85,10,230,11,11,6,7,24,22,9
32,34,31,1,6,2,0,0,1,1,0,6,1,0,1,0,1,0,0,2011,2011-05-04,1204,1088,118,277,49,5,22,109,86,10,236,12,11,7,7,25,22,9
33,41,37,3,10,0,0,1,3,4,1,8,0,0,0,0,0,0,0,2011,2011-05-06,1245,1125,121,287,49,5,23,112,90,11,244,12,11,7,7,25,22,9
34,43,34,2,8,1,0,1,2,5,0,9,2,2,0,1,0,1,0,2011,2011-05-07,1288,1159,123,295,50,5,24,114,95,11,253,14,13,7,8,25,23,9
35,38,34,4,10,0,0,1,4,2,0,5,1,1,0,0,1,0,0,2011,2011-05-08,1326,1193,127,305,50,5,25,118,97,11,258,15,14,7,8,26,23,9
36,38,35,1,10,1,0,0,1,1,0,2,1,1,0,1,0,0,0,2011,2011-05-09,1364,1228,128,315,51,5,25,119,98,11,260,16,15,7,9,26,23,9
37,44,40,10,15,1,0,1,9,4,0,6,0,0,0,1,2,0,0,2011,2011-05-10,1408,1268,138,330,52,5,26,128,102,11,266,16,15,7,10,28,23,9
38,37,31,2,5,1,0,0,1,6,2,4,0,0,0,0,1,1,0,2011,2011-05-11,1445,1299,140,335,53,5,26,129,108,13,270,16,15,7,10,29,24,9
39,35,30,4,8,1,0,1,3,4,1,3,0,1,0,0,0,0,0,2011,2011-05-13,1480,1329,144,343,54,5,27,132,112,14,273,16,16,7,10,29,24,9
40,31,29,0,4,2,0,0,0,1,0,7,0,1,0,0,1,0,0,2011,2011-05-14,1511,1358,144,347,56,5,27,132,113,14,280,16,17,7,10,30,24,9
41,36,33,1,6,2,0,0,1,3,0,13,0,0,0,0,0,2,0,2011,2011-05-15,1547,1391,145,353,58,5,27,133,116,14,293,16,17,7,10,30,26,9
42,33,31,1,5,1,0,0,1,1,0,6,0,0,1,0,0,0,0,2011,2011-05-16,1580,1422,146,358,59,5,27,134,117,14,299,16,17,8,10,30,26,9
43,36,31,3,8,1,0,1,3,5,0,2,0,0,0,0,0,0,0,2011,2011-05-17,1616,1453,149,366,60,5,28,137,122,14,301,16,17,8,10,30,26,9
44,38,34,5,7,2,0,1,5,3,0,9,1,0,0,0,0,0,0,2011,2011-05-18,1654,1487,154,373,62,5,29,142,125,14,310,17,17,8,10,30,26,9
45,37,32,1,6,1,0,0,1,4,0,3,0,1,0,0,0,0,0,2011,2011-05-19,1691,1519,155,379,63,5,29,143,129,14,313,17,18,8,10,30,26,9
46,45,41,6,12,3,0,2,6,4,2,8,0,0,0,0,1,0,0,2011,2011-05-20,1736,1560,161,391,66,5,31,149,133,16,321,17,18,8,10,31,26,9
47,36,34,2,7,1,0,1,2,2,0,4,0,0,0,0,0,0,0,2011,2011-05-21,1772,1594,163,398,67,5,32,151,135,16,325,17,18,8,10,31,26,9
48,38,34,3,8,3,0,0,3,4,0,10,0,0,0,1,1,3,0,2011,2011-05-22,1810,1628,166,406,70,5,32,154,139,16,335,17,18,8,11,32,29,9
49,35,31,3,7,1,0,1,2,4,1,6,0,0,0,0,0,1,1,2011,2011-05-23,1845,1659,169,413,71,5,33,156,143,17,341,17,18,8,11,32,30,10
50,37,34,5,6,1,0,2,5,3,1,11,0,0,0,1,0,0,0,2011,2011-05-24,1882,1693,174,419,72,5,35,161,146,18,352,17,18,8,12,32,30,10
51,36,32,1,6,1,0,1,1,3,2,8,0,1,0,0,0,1,0,2011,2011-05-25,1918,1725,175,425,73,5,36,162,149,20,360,17,19,8,12,32,31,10
52,32,30,3,6,0,0,2,3,2,1,5,0,0,0,0,0,0,0,2011,2011-05-27,1950,1755,178,431,73,5,38,165,151,21,365,17,19,8,12,32,31,10
53,36,33,1,6,2,0,0,1,3,0,8,0,0,0,1,1,1,0,2011,2011-05-28,1986,1788,179,437,75,5,38,166,154,21,373,17,19,8,13,33,32,10
54,43,40,8,17,2,0,1,8,3,2,6,0,0,0,0,1,0,0,2011,2011-05-29,2029,1828,187,454,77,5,39,174,157,23,379,17,19,8,13,34,32,10
55,37,34,7,11,0,1,1,7,2,0,5,0,0,1,1,0,1,1,2011,2011-05-30,2066,1862,194,465,77,6,40,181,159,23,384,17,19,9,14,34,33,11
56,35,30,8,9,2,0,2,8,5,1,2,0,0,0,0,3,0,0,2011,2011-05-31,2101,1892,202,474,79,6,42,189,164,24,386,17,19,9,14,37,33,11
57,31,31,0,4,0,0,0,0,0,0,7,0,0,0,0,0,0,0,2011,2011-06-01,2132,1923,202,478,79,6,42,189,164,24,393,17,19,9,14,37,33,11
58,35,31,1,6,2,0,0,1,2,1,4,1,0,1,0,0,0,0,2011,2011-06-03,2167,1954,203,484,81,6,42,190,166,25,397,18,19,10,14,37,33,11
59,51,43,11,15,0,0,2,11,5,0,7,0,2,1,1,1,0,0,2011,2011-06-04,2218,1997,214,499,81,6,44,201,171,25,404,18,21,11,15,38,33,11
60,50,39,9,13,4,0,2,9,10,2,6,0,0,1,0,0,0,0,2011,2011-06-05,2268,2036,223,512,85,6,46,210,181,27,410,18,21,12,15,38,33,11
61,36,35,1,9,0,0,0,1,1,0,13,0,0,0,0,1,0,0,2011,2011-06-06,2304,2071,224,521,85,6,46,211,182,27,423,18,21,12,15,39,33,11
62,37,32,6,10,2,0,1,5,4,0,3,0,1,0,0,2,1,1,2011,2011-06-07,2341,2103,230,531,87,6,47,216,186,27,426,18,22,12,15,41,34,12
63,33,33,0,7,1,0,0,0,0,0,9,0,0,0,0,1,0,0,2011,2011-06-08,2374,2136,230,538,88,6,47,216,186,27,435,18,22,12,15,42,34,12
64,41,38,7,12,3,1,1,6,2,1,7,0,0,1,0,0,0,0,2011,2011-06-09,2415,2174,237,550,91,7,48,222,188,28,442,18,22,13,15,42,34,12
65,38,35,5,8,1,0,1,5,3,0,11,0,0,0,1,1,1,0,2011,2011-06-10,2453,2209,242,558,92,7,49,227,191,28,453,18,22,13,16,43,35,12
66,48,41,11,18,4,1,0,11,4,0,4,0,3,0,1,1,2,0,2011,2011-06-11,2501,2250,253,576,96,8,49,238,195,28,457,18,25,13,17,44,37,12
67,48,43,10,17,2,0,3,9,5,1,5,0,0,0,2,2,1,1,2011,2011-06-12,2549,2293,263,593,98,8,52,247,200,29,462,18,25,13,19,46,38,13
68,34,31,4,6,0,1,0,3,1,0,5,1,0,1,0,1,1,0,2011,2011-06-13,2583,2324,267,599,98,9,52,250,201,29,467,19,25,14,19,47,39,13
69,34,32,2,7,1,0,0,1,2,0,7,0,0,0,0,1,3,0,2011,2011-06-14,2617,2356,269,606,99,9,52,251,203,29,474,19,25,14,19,48,42,13
70,41,34,2,8,2,0,0,2,6,1,4,1,0,0,2,2,0,1,2011,2011-06-15,2658,2390,271,614,101,9,52,253,209,30,478,20,25,14,21,50,42,14
71,32,30,3,4,0,0,1,3,1,0,6,0,0,1,1,1,1,0,2011,2011-06-17,2690,2420,274,618,101,9,53,256,210,30,484,20,25,15,22,51,43,14
72,36,35,0,10,1,0,0,0,1,1,7,0,0,0,1,1,0,0,2011,2011-06-18,2726,2455,274,628,102,9,53,256,211,31,491,20,25,15,23,52,43,14
73,28,25,1,3,0,0,1,1,2,0,5,0,1,0,0,1,1,0,2011,2011-06-19,2754,2480,275,631,102,9,54,257,213,31,496,20,26,15,23,53,44,14
74,37,30,4,9,2,0,1,4,6,2,7,0,1,0,0,1,1,1,2011,2011-06-20,2791,2510,279,640,104,9,55,261,219,33,503,20,27,15,23,54,45,15
75,39,33,6,9,3,0,1,6,6,0,6,0,0,0,0,0,2,0,2011,2011-06-21,2830,2543,285,649,107,9,56,267,225,33,509,20,27,15,23,54,47,15
76,43,37,5,13,0,1,0,5,5,0,8,0,1,0,0,1,1,0,2011,2011-06-22,2873,2580,290,662,107,10,56,272,230,33,517,20,28,15,23,55,48,15
77,38,36,3,10,3,0,1,3,1,0,7,0,1,0,0,0,1,0,2011,2011-06-24,2911,2616,293,672,110,10,57,275,231,33,524,20,29,15,23,55,49,15
78,34,30,1,5,0,0,0,1,4,0,6,0,0,0,0,1,0,0,2011,2011-06-25,2945,2646,294,677,110,10,57,276,235,33,530,20,29,15,23,56,49,15
79,37,32,3,8,1,1,0,3,3,0,5,0,1,1,0,0,1,0,2011,2011-06-26,2982,2678,297,685,111,11,57,279,238,33,535,20,30,16,23,56,50,15
80,54,49,15,25,2,1,3,14,3,0,4,0,0,2,1,1,2,0,2011,2011-06-27,3036,2727,312,710,113,12,60,293,241,33,539,20,30,18,24,57,52,15
81,38,30,4,7,0,0,1,4,6,0,5,1,0,1,0,2,0,0,2011,2011-06-28,3074,2757,316,717,113,12,61,297,247,33,544,21,30,19,24,59,52,15
82,35,33,0,7,1,0,0,0,1,0,11,0,1,0,0,0,2,0,2011,2011-06-29,3109,2790,316,724,114,12,61,297,248,33,555,21,31,19,24,59,54,15
83,48,36,5,13,2,0,0,4,6,1,4,2,2,2,0,0,5,0,2011,2011-07-01,3157,2826,321,737,116,12,61,301,254,34,559,23,33,21,24,59,59,15
84,32,29,1,5,3,0,0,1,2,0,9,0,0,1,0,1,0,1,2011,2011-07-02,3189,2855,322,742,119,12,61,302,256,34,568,23,33,22,24,60,59,16
85,36,35,1,6,3,0,0,1,1,0,8,0,0,0,1,0,3,0,2011,2011-07-03,3225,2890,323,748,122,12,61,303,257,34,576,23,33,22,25,60,62,16
86,36,34,2,7,3,0,0,2,2,1,9,0,0,0,0,0,2,0,2011,2011-07-04,3261,2924,325,755,125,12,61,305,259,35,585,23,33,22,25,60,64,16
87,40,35,0,8,2,1,0,0,3,0,4,2,0,0,1,0,2,0,2011,2011-07-05,3301,2959,325,763,127,13,61,305,262,35,589,25,33,22,26,60,66,16
88,34,32,3,6,0,0,0,3,1,0,9,0,0,1,0,0,1,0,2011,2011-07-06,3335,2991,328,769,127,13,61,308,263,35,598,25,33,23,26,60,67,16
89,35,31,6,7,3,1,0,6,2,0,5,1,0,1,2,0,2,0,2011,2011-07-07,3370,3022,334,776,130,14,61,314,265,35,603,26,33,24,28,60,69,16
90,32,28,1,5,0,0,0,1,3,1,7,0,1,0,0,0,0,0,2011,2011-07-08,3402,3050,335,781,130,14,61,315,268,36,610,26,34,24,28,60,69,16
91,34,28,1,2,1,0,0,1,5,1,8,0,1,0,2,0,0,1,2011,2011-07-09,3436,3078,336,783,131,14,61,316,273,37,618,26,35,24,30,60,69,17
92,32,26,4,5,2,0,2,3,5,1,2,0,1,0,0,1,2,0,2011,2011-07-10,3468,3104,340,788,133,14,63,319,278,38,620,26,36,24,30,61,71,17
93,39,35,6,8,0,0,2,6,3,0,5,0,1,0,1,0,0,0,2011,2011-07-15,3507,3139,346,796,133,14,65,325,281,38,625,26,37,24,31,61,71,17
94,35,31,2,5,0,0,1,2,3,0,9,0,1,0,0,0,0,0,2011,2011-07-16,3542,3170,348,801,133,14,66,327,284,38,634,26,38,24,31,61,71,17
95,32,32,1,5,0,0,0,0,0,0,3,0,0,0,0,0,0,0,2011,2011-07-17,3574,3202,349,806,133,14,66,327,284,38,637,26,38,24,31,61,71,17
96,35,33,0,7,1,0,0,0,2,0,8,0,0,0,1,2,0,0,2011,2011-07-18,3609,3235,349,813,134,14,66,327,286,38,645,26,38,24,32,63,71,17
97,32,31,3,5,2,0,0,3,0,0,7,1,0,0,0,0,0,0,2011,2011-07-19,3641,3266,352,818,136,14,66,330,286,38,652,27,38,24,32,63,71,17
98,37,29,1,5,2,0,1,1,6,0,10,0,2,0,0,1,1,0,2011,2011-07-20,3678,3295,353,823,138,14,67,331,292,38,662,27,40,24,32,64,72,17
99,35,30,2,3,2,0,0,1,4,0,10,0,1,0,2,1,0,0,2011,2011-07-22,3713,3325,355,826,140,14,67,332,296,38,672,27,41,24,34,65,72,17
100,46,36,7,14,3,0,0,6,5,1,5,1,2,2,1,1,1,0,2011,2011-07-23,3759,3361,362,840,143,14,67,338,301,39,677,28,43,26,35,66,73,17
101,34,29,3,5,0,0,0,3,5,0,3,0,0,0,0,0,3,0,2011,2011-07-24,3793,3390,365,845,143,14,67,341,306,39,680,28,43,26,35,66,76,17
102,41,36,8,12,3,0,1,8,5,1,6,0,0,0,0,0,2,0,2011,2011-07-25,3834,3426,373,857,146,14,68,349,311,40,686,28,43,26,35,66,78,17
103,31,28,3,4,1,1,0,3,1,0,5,1,0,1,1,0,0,0,2011,2011-07-26,3865,3454,376,861,147,15,68,352,312,40,691,29,43,27,36,66,78,17
104,36,34,1,8,1,0,1,1,2,0,5,0,0,0,0,0,0,1,2011,2011-07-27,3901,3488,377,869,148,15,69,353,314,40,696,29,43,27,36,66,78,18
105,41,34,9,13,5,0,1,9,3,0,2,2,1,1,0,1,0,0,2011,2011-07-29,3942,3522,386,882,153,15,70,362,317,40,698,31,44,28,36,67,78,18
106,38,34,4,8,1,1,1,4,3,0,5,0,0,1,0,0,2,0,2011,2011-07-30,3980,3556,390,890,154,16,71,366,320,40,703,31,44,29,36,67,80,18
107,39,38,3,12,0,0,1,3,1,0,4,0,0,0,1,2,0,0,2011,2011-07-31,4019,3594,393,902,154,16,72,369,321,40,707,31,44,29,37,69,80,18
108,37,32,6,11,2,1,0,6,1,0,4,0,1,3,0,2,2,0,2011,2011-08-01,4056,3626,399,913,156,17,72,375,322,40,711,31,45,32,37,71,82,18
109,31,31,1,7,0,1,0,1,0,0,9,0,0,0,0,1,1,1,2011,2011-08-02,4087,3657,400,920,156,18,72,376,322,40,720,31,45,32,37,72,83,19
110,35,32,0,6,1,0,0,0,2,2,6,0,1,0,0,0,0,0,2011,2011-08-03,4122,3689,400,926,157,18,72,376,324,42,726,31,46,32,37,72,83,19
111,41,35,7,11,2,0,1,6,5,0,4,0,0,1,0,1,2,1,2011,2011-08-05,4163,3724,407,937,159,18,73,382,329,42,730,31,46,33,37,73,85,20
112,41,37,5,12,1,0,0,5,3,0,7,0,1,0,1,1,0,1,2011,2011-08-06,4204,3761,412,949,160,18,73,387,332,42,737,31,47,33,38,74,85,21
113,32,31,3,6,1,0,1,3,1,0,6,0,0,0,0,1,0,0,2011,2011-08-07,4236,3792,415,955,161,18,74,390,333,42,743,31,47,33,38,75,85,21
114,41,37,3,13,0,0,0,3,3,0,5,0,1,0,0,2,1,0,2011,2011-08-08,4277,3829,418,968,161,18,74,393,336,42,748,31,48,33,38,77,86,21
115,34,32,1,6,0,0,0,1,2,0,11,0,0,0,0,1,2,0,2011,2011-08-09,4311,3861,419,974,161,18,74,394,338,42,759,31,48,33,38,78,88,21
116,42,37,8,12,4,1,1,8,4,0,10,0,0,1,0,0,1,0,2011,2011-08-10,4353,3898,427,986,165,19,75,402,342,42,769,31,48,34,38,78,89,21
117,40,32,1,5,1,1,0,1,8,3,9,0,0,0,0,0,0,0,2011,2011-08-12,4393,3930,428,991,166,20,75,403,350,45,778,31,48,34,38,78,89,21
118,37,31,6,9,0,1,1,5,3,1,6,0,2,1,2,2,2,0,2011,2011-08-13,4430,3961,434,1000,166,21,76,408,353,46,784,31,50,35,40,80,91,21
119,38,33,7,10,1,0,3,7,5,0,5,0,0,0,0,1,2,0,2011,2011-08-14,4468,3994,441,1010,167,21,79,415,358,46,789,31,50,35,40,81,93,21
120,32,27,0,7,1,0,0,0,5,0,5,0,0,0,0,2,0,0,2011,2011-08-15,4500,4021,441,1017,168,21,79,415,363,46,794,31,50,35,40,83,93,21
121,32,31,1,4,0,0,0,1,1,0,9,0,0,0,0,0,2,0,2011,2011-08-16,4532,4052,442,1021,168,21,79,416,364,46,803,31,50,35,40,83,95,21
122,37,33,1,6,0,0,1,1,4,0,11,0,0,0,1,0,1,1,2011,2011-08-17,4569,4085,443,1027,168,21,80,417,368,46,814,31,50,35,41,83,96,22
123,38,35,5,9,2,0,1,4,2,0,10,0,0,1,2,1,1,0,2011,2011-08-18,4607,4120,448,1036,170,21,81,421,370,46,824,31,50,36,43,84,97,22
124,41,35,8,10,2,0,2,8,5,0,8,0,1,0,0,1,0,0,2011,2011-08-19,4648,4155,456,1046,172,21,83,429,375,46,832,31,51,36,43,85,97,22
125,56,53,6,17,1,0,2,6,2,1,10,0,1,0,0,0,1,2,2011,2011-08-20,4704,4208,462,1063,173,21,85,435,377,47,842,31,52,36,43,85,98,24
126,36,34,3,8,2,0,1,3,2,0,5,0,0,0,0,0,0,0,2011,2011-08-21,4740,4242,465,1071,175,21,86,438,379,47,847,31,52,36,43,85,98,24
127,35,33,2,6,0,1,0,2,1,0,8,1,0,0,0,1,0,0,2011,2011-08-22,4775,4275,467,1077,175,22,86,440,380,47,855,32,52,36,43,86,98,24
128,44,40,13,14,4,0,4,13,3,0,7,0,1,0,1,0,0,0,2011,2011-08-23,4819,4315,480,1091,179,22,90,453,383,47,862,32,53,36,44,86,98,24
129,43,40,9,13,3,0,2,9,2,0,9,0,1,0,1,0,0,0,2011,2011-08-24,4862,4355,489,1104,182,22,92,462,385,47,871,32,54,36,45,86,98,24
130,34,31,6,9,1,0,2,5,3,1,7,0,0,0,0,1,0,0,2011,2011-08-26,4896,4386,495,1113,183,22,94,467,388,48,878,32,54,36,45,87,98,24
131,48,41,7,13,2,0,2,7,5,1,5,1,1,0,0,1,0,0,2011,2011-08-27,4944,4427,502,1126,185,22,96,474,393,49,883,33,55,36,45,88,98,24
132,41,34,6,8,3,1,0,6,6,0,9,0,0,1,0,0,2,0,2011,2011-08-28,4985,4461,508,1134,188,23,96,480,399,49,892,33,55,37,45,88,100,24
133,33,28,4,6,2,0,1,4,4,1,6,0,0,1,0,0,1,0,2011,2011-08-29,5018,4489,512,1140,190,23,97,484,403,50,898,33,55,38,45,88,101,24
134,40,27,8,7,0,0,1,8,12,1,3,0,0,1,0,2,0,1,2011,2011-08-30,5058,4516,520,1147,190,23,98,492,415,51,901,33,55,39,45,90,101,25
135,34,32,4,9,2,0,1,4,2,0,7,0,0,0,1,1,0,1,2011,2011-08-31,5092,4548,524,1156,192,23,99,496,417,51,908,33,55,39,46,91,101,26
136,42,36,6,11,2,0,0,5,4,1,7,1,0,1,0,0,1,1,2011,2011-09-01,5134,4584,530,1167,194,23,99,501,421,52,915,34,55,40,46,91,102,27
137,40,33,8,10,1,0,0,8,6,1,9,1,0,0,0,2,4,1,2011,2011-09-02,5174,4617,538,1177,195,23,99,509,427,53,924,35,55,40,46,93,106,28
138,40,32,2,8,2,0,1,2,5,2,12,0,2,1,0,1,0,2,2011,2011-09-03,5214,4649,540,1185,197,23,100,511,432,55,936,35,57,41,46,94,106,30
139,38,33,3,7,1,0,1,3,3,1,8,1,0,0,0,1,1,0,2011,2011-09-04,5252,4682,543,1192,198,23,101,514,435,56,944,36,57,41,46,95,107,30
140,37,35,2,9,4,0,0,2,2,0,8,0,0,0,0,1,0,0,2011,2011-09-05,5289,4717,545,1201,202,23,101,516,437,56,952,36,57,41,46,96,107,30
141,41,38,7,13,4,0,0,7,3,1,6,0,0,0,0,1,2,0,2011,2011-09-06,5330,4755,552,1214,206,23,101,523,440,57,958,36,57,41,46,97,109,30
142,39,37,7,11,4,0,0,7,1,0,5,1,0,0,0,0,2,1,2011,2011-09-08,5369,4792,559,1225,210,23,101,530,441,57,963,37,57,41,46,97,111,31
143,38,33,2,7,0,0,0,2,2,0,6,1,2,0,0,0,1,0,2011,2011-09-09,5407,4825,561,1232,210,23,101,532,443,57,969,38,59,41,46,97,112,31
144,40,36,3,10,0,2,0,2,3,2,8,0,1,0,0,0,4,0,2011,2011-09-10,5447,4861,564,1242,210,25,101,534,446,59,977,38,60,41,46,97,116,31
145,34,30,1,4,2,0,0,1,4,1,11,0,0,0,0,0,0,1,2011,2011-09-11,5481,4891,565,1246,212,25,101,535,450,60,988,38,60,41,46,97,116,32
146,37,34,2,6,0,0,1,2,2,0,5,1,0,0,1,0,0,0,2011,2011-09-12,5518,4925,567,1252,212,25,102,537,452,60,993,39,60,41,47,97,116,32
147,41,36,4,8,3,0,0,4,3,0,8,0,1,1,0,0,0,0,2011,2011-09-13,5559,4961,571,1260,215,25,102,541,455,60,1001,39,61,42,47,97,116,32
148,34,28,3,6,0,0,0,3,5,0,5,0,1,0,0,0,1,1,2011,2011-09-14,5593,4989,574,1266,215,25,102,544,460,60,1006,39,62,42,47,97,117,33
149,36,32,2,6,1,0,1,2,2,0,8,2,0,0,0,0,1,1,2011,2011-09-15,5629,5021,576,1272,216,25,103,546,462,60,1014,41,62,42,47,97,118,34
150,36,33,7,10,2,0,1,7,3,0,2,0,0,0,0,0,3,1,2011,2011-09-16,5665,5054,583,1282,218,25,104,553,465,60,1016,41,62,42,47,97,121,35
151,41,35,6,12,2,0,2,6,5,0,5,0,1,0,1,0,1,1,2011,2011-09-17,5706,5089,589,1294,220,25,106,559,470,60,1021,41,63,42,48,97,122,36
152,53,45,15,23,3,1,2,15,7,0,8,0,1,0,0,1,0,0,2011,2011-09-18,5759,5134,604,1317,223,26,108,574,477,60,1029,41,64,42,48,98,122,36
153,34,30,2,8,1,0,1,2,3,0,6,0,1,0,0,0,1,1,2011,2011-09-20,5793,5164,606,1325,224,26,109,576,480,60,1035,41,65,42,48,98,123,37
154,42,38,5,13,0,0,1,5,2,0,9,1,1,0,0,1,1,0,2011,2011-09-21,5835,5202,611,1338,224,26,110,581,482,60,1044,42,66,42,48,99,124,37
155,40,35,8,13,3,0,2,8,5,0,3,0,0,0,0,0,0,1,2011,2011-09-22,5875,5237,619,1351,227,26,112,589,487,60,1047,42,66,42,48,99,124,38
156,30,29,2,4,1,0,1,2,0,0,12,0,1,0,0,1,0,0,2011,2011-09-23,5905,5266,621,1355,228,26,113,591,487,60,1059,42,67,42,48,100,124,38
157,30,30,0,4,1,0,0,0,0,0,6,0,0,0,0,1,1,0,2011,2011-09-24,5935,5296,621,1359,229,26,113,591,487,60,1065,42,67,42,48,101,125,38
158,40,33,6,6,2,0,1,6,6,1,9,0,1,0,1,0,0,0,2011,2011-09-25,5975,5329,627,1365,231,26,114,597,493,61,1074,42,68,42,49,101,125,38
159,34,30,4,6,2,0,1,4,1,0,5,2,1,0,0,0,0,1,2011,2011-09-26,6009,5359,631,1371,233,26,115,601,494,61,1079,44,69,42,49,101,125,39
160,45,40,6,12,2,1,0,5,3,0,5,0,2,0,0,0,0,0,2011,2011-09-27,6054,5399,637,1383,235,27,115,606,497,61,1084,44,71,42,49,101,125,39
161,40,37,7,12,2,1,2,7,1,0,3,1,0,1,0,0,1,1,2011,2011-09-28,6094,5436,644,1395,237,28,117,613,498,61,1087,45,71,43,49,101,126,40
1,42,37,5,12,4,0,0,5,2,0,5,1,2,0,0,0,0,0,2010,2010-04-05,42,37,5,12,4,0,0,5,2,0,5,1,2,0,0,0,0,0
2,45,34,3,5,2,0,1,3,9,1,3,0,2,0,1,0,3,0,2010,2010-04-07,87,71,8,17,6,0,1,8,11,1,8,1,4,0,1,0,3,0
3,43,38,10,16,5,1,1,10,2,0,4,0,1,2,1,1,0,0,2010,2010-04-08,130,109,18,33,11,1,2,18,13,1,12,1,5,2,2,1,3,0
4,41,35,7,8,5,0,0,5,5,1,5,0,1,0,1,0,3,0,2010,2010-04-09,171,144,25,41,16,1,2,23,18,2,17,1,6,2,3,1,6,0
5,42,36,6,12,3,0,1,6,4,0,10,0,1,1,1,1,1,1,2010,2010-04-10,213,180,31,53,19,1,3,29,22,2,27,1,7,3,4,2,7,1
6,40,35,5,11,0,1,0,3,2,0,9,0,2,1,1,0,1,1,2010,2010-04-11,253,215,36,64,19,2,3,32,24,2,36,1,9,4,5,2,8,2
7,40,31,9,10,3,0,4,9,7,0,4,1,0,1,0,0,0,0,2010,2010-04-13,293,246,45,74,22,2,7,41,31,2,40,2,9,5,5,2,8,2
8,53,48,7,19,4,0,1,6,3,1,9,0,0,2,0,1,2,1,2010,2010-04-14,346,294,52,93,26,2,8,47,34,3,49,2,9,7,5,3,10,3
9,48,41,6,13,1,0,1,5,6,3,8,0,1,0,1,1,1,0,2010,2010-04-15,394,335,58,106,27,2,9,52,40,6,57,2,10,7,6,4,11,3
10,42,34,10,12,0,0,3,9,8,0,4,0,0,0,0,1,0,1,2010,2010-04-16,436,369,68,118,27,2,12,61,48,6,61,2,10,7,6,5,11,4
11,37,35,0,8,1,0,0,0,2,0,8,0,0,0,0,0,0,0,2010,2010-04-17,473,404,68,126,28,2,12,61,50,6,69,2,10,7,6,5,11,4
12,29,28,2,5,0,0,1,2,1,0,4,0,0,0,0,0,0,1,2010,2010-04-18,502,432,70,131,28,2,13,63,51,6,73,2,10,7,6,5,11,5
13,44,39,9,13,3,1,1,9,5,0,10,0,0,0,0,0,2,1,2010,2010-04-20,546,471,79,144,31,3,14,72,56,6,83,2,10,7,6,5,13,6
14,51,43,14,18,2,1,2,14,6,0,5,1,1,0,0,1,1,0,2010,2010-04-21,597,514,93,162,33,4,16,86,62,6,88,3,11,7,6,6,14,6
15,37,35,5,9,0,0,2,5,2,0,8,0,0,0,0,0,0,1,2010,2010-04-22,634,549,98,171,33,4,18,91,64,6,96,3,11,7,6,6,14,7
16,36,33,1,5,2,0,0,1,2,1,5,1,0,0,2,1,0,0,2010,2010-04-23,670,582,99,176,35,4,18,92,66,7,101,4,11,7,8,7,14,7
17,49,47,4,11,0,1,2,4,2,1,8,0,0,0,0,2,2,1,2010,2010-04-24,719,629,103,187,35,5,20,96,68,8,109,4,11,7,8,9,16,8
18,34,33,0,7,2,0,0,0,1,0,9,0,0,0,0,1,0,0,2010,2010-04-25,753,662,103,194,37,5,20,96,69,8,118,4,11,7,8,10,16,8
19,36,31,0,5,1,1,0,0,5,0,10,0,0,0,0,1,1,0,2010,,789,693,103,199,38,6,20,96,74,8,128,4,11,7,8,11,17,8
20,40,33,5,7,2,0,0,5,6,0,7,0,0,1,0,0,0,0,2010,,829,726,108,206,40,6,20,101,80,8,135,4,11,8,8,11,17,8
21,36,31,3,5,2,0,1,2,4,0,13,0,1,0,1,1,1,0,2010,2010-04-28,865,757,111,211,42,6,21,103,84,8,148,4,12,8,9,12,18,8
22,34,30,0,4,1,0,0,0,4,0,6,0,0,0,0,0,0,0,2010,2010-04-29,899,787,111,215,43,6,21,103,88,8,154,4,12,8,9,12,18,8
23,34,30,6,7,0,0,2,6,2,1,9,0,1,1,2,0,1,1,2010,2010-04-30,933,817,117,222,43,6,23,109,90,9,163,4,13,9,11,12,19,9
24,37,35,5,11,5,0,1,5,2,0,7,0,0,0,0,0,0,0,2010,2010-05-01,970,852,122,233,48,6,24,114,92,9,170,4,13,9,11,12,19,9
25,40,37,9,16,4,1,2,9,2,0,6,0,1,0,0,0,0,1,2010,2010-05-02,1010,889,131,249,52,7,26,123,94,9,176,4,14,9,11,12,19,10
26,36,32,6,7,2,0,1,6,2,0,6,0,0,2,0,0,0,0,2010,2010-05-04,1046,921,137,256,54,7,27,129,96,9,182,4,14,11,11,12,19,10
27,42,37,3,12,0,0,0,3,4,1,9,1,0,0,0,2,0,0,2010,2010-05-05,1088,958,140,268,54,7,27,132,100,10,191,5,14,11,11,14,19,10
28,39,31,7,8,2,0,1,6,7,0,7,0,0,1,1,2,1,0,2010,2010-05-06,1127,989,147,276,56,7,28,138,107,10,198,5,14,12,12,16,20,10
29,36,33,6,9,4,1,0,6,2,0,7,0,1,0,1,0,2,0,2010,2010-05-07,1163,1022,153,285,60,8,28,144,109,10,205,5,15,12,13,16,22,10
30,36,33,0,7,1,0,0,0,2,0,7,1,0,0,0,1,0,0,2010,2010-05-08,1199,1055,153,292,61,8,28,144,111,10,212,6,15,12,13,17,22,10
31,29,24,2,3,1,0,1,2,4,0,7,1,0,0,0,0,0,2,2010,2010-05-09,1228,1079,155,295,62,8,29,146,115,10,219,7,15,12,13,17,22,12
32,44,38,7,11,2,0,1,7,6,1,3,0,0,0,0,0,0,0,2010,2010-05-10,1272,1117,162,306,64,8,30,153,121,11,222,7,15,12,13,17,22,12
33,51,43,13,17,6,0,1,13,5,0,10,1,1,1,1,0,1,0,2010,2010-05-11,1323,1160,175,323,70,8,31,166,126,11,232,8,16,13,14,17,23,12
34,39,34,6,8,1,0,1,6,4,1,10,0,1,0,0,0,2,0,2010,2010-05-12,1362,1194,181,331,71,8,32,172,130,12,242,8,17,13,14,17,25,12
35,41,35,4,10,3,0,1,4,6,2,6,0,0,0,1,2,1,0,2010,2010-05-14,1403,1229,185,341,74,8,33,176,136,14,248,8,17,13,15,19,26,12
36,34,30,4,5,0,1,1,4,2,0,9,0,2,0,0,0,1,0,2010,2010-05-15,1437,1259,189,346,74,9,34,180,138,14,257,8,19,13,15,19,27,12
37,30,25,1,2,0,0,0,1,3,0,6,0,2,0,0,0,0,1,2010,2010-05-16,1467,1284,190,348,74,9,34,181,141,14,263,8,21,13,15,19,27,13
38,35,30,6,9,3,2,0,6,3,1,2,0,0,2,0,0,0,1,2010,2010-05-17,1502,1314,196,357,77,11,34,187,144,15,265,8,21,15,15,19,27,14
39,35,28,7,9,1,0,1,7,5,0,5,0,1,1,0,1,1,1,2010,2010-05-18,1537,1342,203,366,78,11,35,194,149,15,270,8,22,16,15,20,28,15
40,41,37,5,12,3,0,1,4,2,0,5,1,1,0,0,1,0,0,2010,2010-05-19,1578,1379,208,378,81,11,36,198,151,15,275,9,23,16,15,21,28,15
41,35,29,4,9,2,0,0,3,2,1,7,0,2,2,0,0,0,0,2010,2010-05-20,1613,1408,212,387,83,11,36,201,153,16,282,9,25,18,15,21,28,15
42,36,31,4,8,2,0,0,3,3,0,4,2,0,0,1,2,0,0,2010,2010-05-21,1649,1439,216,395,85,11,36,204,156,16,286,11,25,18,16,23,28,15
43,33,30,6,10,1,1,2,6,2,0,6,0,0,1,0,2,0,1,2010,2010-05-22,1682,1469,222,405,86,12,38,210,158,16,292,11,25,19,16,25,28,16
44,37,33,2,11,0,0,0,2,3,0,4,0,1,0,0,3,0,0,2010,2010-05-23,1719,1502,224,416,86,12,38,212,161,16,296,11,26,19,16,28,28,16
45,31,30,0,3,0,0,0,0,1,0,9,0,0,0,0,0,1,0,2010,2010-05-25,1750,1532,224,419,86,12,38,212,162,16,305,11,26,19,16,28,29,16
46,42,37,8,10,4,1,1,8,3,0,8,0,2,0,2,1,0,0,2010,2010-05-26,1792,1569,232,429,90,13,39,220,165,16,313,11,28,19,18,29,29,16
47,36,31,0,5,0,0,0,0,4,1,9,0,1,0,0,0,0,0,2010,2010-05-27,1828,1600,232,434,90,13,39,220,169,17,322,11,29,19,18,29,29,16
48,35,31,5,6,2,0,2,5,2,0,3,1,0,1,0,1,0,0,2010,2010-05-28,1863,1631,237,440,92,13,41,225,171,17,325,12,29,20,18,30,29,16
49,35,33,3,7,1,1,0,3,2,0,3,0,0,0,1,1,0,0,2010,2010-05-29,1898,1664,240,447,93,14,41,228,173,17,328,12,29,20,19,31,29,16
50,38,34,4,8,3,0,0,4,2,0,9,1,0,1,0,0,0,0,2010,2010-05-30,1936,1698,244,455,96,14,41,232,175,17,337,13,29,21,19,31,29,16
51,34,32,5,7,2,0,1,2,2,0,4,0,0,0,1,0,1,1,2010,2010-05-31,1970,1730,249,462,98,14,42,234,177,17,341,13,29,21,20,31,30,17
52,38,37,1,10,0,0,1,1,0,0,8,0,1,0,1,1,1,0,2010,2010-06-01,2008,1767,250,472,98,14,43,235,177,17,349,13,30,21,21,32,31,17
53,50,45,1,7,1,0,0,1,5,0,11,0,0,0,0,1,1,0,2010,2010-06-02,2058,1812,251,479,99,14,43,236,182,17,360,13,30,21,21,33,32,17
54,33,32,3,7,1,0,0,2,1,0,6,0,0,0,1,1,0,0,2010,2010-06-03,2091,1844,254,486,100,14,43,238,183,17,366,13,30,21,22,34,32,17
55,36,31,5,10,4,1,0,5,3,2,4,0,0,2,0,1,1,0,2010,2010-06-04,2127,1875,259,496,104,15,43,243,186,19,370,13,30,23,22,35,33,17
56,40,36,3,11,3,1,0,3,2,0,13,1,0,1,0,2,1,0,2010,2010-06-05,2167,1911,262,507,107,16,43,246,188,19,383,14,30,24,22,37,34,17
57,44,38,5,10,1,0,1,5,3,0,5,0,3,0,2,1,1,1,2010,2010-06-06,2211,1949,267,517,108,16,44,251,191,19,388,14,33,24,24,38,35,18
58,41,33,12,14,3,0,1,11,6,0,6,0,1,1,0,3,2,0,2010,2010-06-07,2252,1982,279,531,111,16,45,262,197,19,394,14,34,25,24,41,37,18
59,34,31,1,9,4,0,0,1,2,1,7,0,1,0,0,0,1,0,2010,2010-06-08,2286,2013,280,540,115,16,45,263,199,20,401,14,35,25,24,41,38,18
60,38,30,4,9,2,0,1,4,6,1,7,0,2,0,0,0,0,1,2010,2010-06-09,2324,2043,284,549,117,16,46,267,205,21,408,14,37,25,24,41,38,19
61,32,31,1,5,0,1,1,1,1,0,7,0,0,0,0,1,0,0,2010,2010-06-11,2356,2074,285,554,117,17,47,268,206,21,415,14,37,25,24,42,38,19
62,38,32,2,5,3,0,0,2,6,0,9,0,0,0,0,0,0,0,2010,2010-06-12,2394,2106,287,559,120,17,47,270,212,21,424,14,37,25,24,42,38,19
63,37,34,5,9,4,0,1,5,3,0,10,0,0,0,0,1,1,1,2010,2010-06-13,2431,2140,292,568,124,17,48,275,215,21,434,14,37,25,24,43,39,20
64,48,41,12,19,5,0,1,12,5,0,8,1,0,1,0,2,0,1,2010,2010-06-15,2479,2181,304,587,129,17,49,287,220,21,442,15,37,26,24,45,39,21
65,42,38,6,11,1,0,2,6,3,1,6,0,1,0,1,0,1,0,2010,2010-06-16,2521,2219,310,598,130,17,51,293,223,22,448,15,38,26,25,45,40,21
66,38,31,1,7,0,0,0,1,7,0,2,0,0,0,0,3,0,0,2010,2010-06-17,2559,2250,311,605,130,17,51,294,230,22,450,15,38,26,25,48,40,21
67,40,37,6,9,2,1,1,5,2,0,9,0,1,0,2,0,0,0,2010,2010-06-18,2599,2287,317,614,132,18,52,299,232,22,459,15,39,26,27,48,40,21
68,37,32,4,6,2,0,1,4,3,0,7,0,1,1,2,0,3,1,2010,2010-06-19,2636,2319,321,620,134,18,53,303,235,22,466,15,40,27,29,48,43,22
69,34,29,0,4,1,0,0,0,3,0,6,2,0,0,0,1,0,0,2010,2010-06-20,2670,2348,321,624,135,18,53,303,238,22,472,17,40,27,29,49,43,22
70,39,37,3,10,2,0,1,3,2,0,6,0,0,0,1,1,1,0,2010,2010-06-22,2709,2385,324,634,137,18,54,306,240,22,478,17,40,27,30,50,44,22
71,36,34,1,8,1,0,0,1,2,0,7,0,0,0,1,0,0,0,2010,2010-06-23,2745,2419,325,642,138,18,54,307,242,22,485,17,40,27,31,50,44,22
72,47,41,10,15,3,0,0,10,4,1,7,1,0,1,1,0,0,1,2010,2010-06-24,2792,2460,335,657,141,18,54,317,246,23,492,18,40,28,32,50,44,23
73,33,29,1,4,0,0,0,1,3,0,10,1,0,0,0,2,1,0,2010,2010-06-25,2825,2489,336,661,141,18,54,318,249,23,502,19,40,28,32,52,45,23
74,43,30,9,11,3,0,0,8,10,2,8,0,2,1,0,1,1,0,2010,2010-06-26,2868,2519,345,672,144,18,54,326,259,25,510,19,42,29,32,53,46,23
75,45,34,6,10,3,0,1,4,5,1,9,0,4,2,1,2,1,0,2010,2010-06-27,2913,2553,351,682,147,18,55,330,264,26,519,19,46,31,33,55,47,23
76,37,32,4,9,2,0,1,4,3,1,10,0,1,1,0,1,1,1,2010,2010-06-28,2950,2585,355,691,149,18,56,334,267,27,529,19,47,32,33,56,48,24
77,42,38,4,12,0,1,0,4,4,1,11,0,0,0,0,0,2,1,2010,2010-06-29,2992,2623,359,703,149,19,56,338,271,28,540,19,47,32,33,56,50,25
78,43,36,8,10,2,0,2,6,6,0,10,0,1,0,0,0,0,1,2010,2010-06-30,3035,2659,367,713,151,19,58,344,277,28,550,19,48,32,33,56,50,26
79,40,37,5,12,2,0,0,5,3,0,6,0,0,0,0,2,1,0,2010,2010-07-02,3075,2696,372,725,153,19,58,349,280,28,556,19,48,32,33,58,51,26
80,48,44,14,15,1,0,3,12,2,0,9,1,0,1,6,1,0,0,2010,2010-07-03,3123,2740,386,740,154,19,61,361,282,28,565,20,48,33,39,59,51,26
81,35,32,3,9,3,0,1,3,3,0,5,0,0,0,0,1,0,2,2010,2010-07-04,3158,2772,389,749,157,19,62,364,285,28,570,20,48,33,39,60,51,28
82,37,34,5,8,3,0,1,4,2,0,3,0,1,0,1,0,1,1,2010,2010-07-05,3195,2806,394,757,160,19,63,368,287,28,573,20,49,33,40,60,52,29
83,39,31,7,8,0,0,3,7,6,0,8,0,2,0,0,0,5,0,2010,2010-07-06,3234,2837,401,765,160,19,66,375,293,28,581,20,51,33,40,60,57,29
84,34,33,0,6,1,0,0,0,1,0,10,0,0,0,0,0,1,0,2010,2010-07-07,3268,2870,401,771,161,19,66,375,294,28,591,20,51,33,40,60,58,29
85,32,29,3,6,1,0,1,3,1,0,8,1,1,0,1,1,1,0,2010,2010-07-08,3300,2899,404,777,162,19,67,378,295,28,599,21,52,33,41,61,59,29
86,39,33,9,11,4,0,1,9,3,0,3,0,2,1,1,0,1,0,2010,2010-07-09,3339,2932,413,788,166,19,68,387,298,28,602,21,54,34,42,61,60,29
87,41,37,3,9,0,0,0,2,4,0,10,0,0,0,1,0,0,0,2010,2010-07-10,3380,2969,416,797,166,19,68,389,302,28,612,21,54,34,43,61,60,29
88,38,29,7,8,1,0,1,6,7,1,8,1,0,1,0,1,0,0,2010,2010-07-11,3418,2998,423,805,167,19,69,395,309,29,620,22,54,35,43,62,60,29
89,30,30,1,4,1,0,1,1,0,0,8,0,0,0,0,1,0,0,2010,2010-07-15,3448,3028,424,809,168,19,70,396,309,29,628,22,54,35,43,63,60,29
90,43,39,4,13,3,1,0,4,3,0,8,0,0,1,0,0,1,0,2010,2010-07-16,3491,3067,428,822,171,20,70,400,312,29,636,22,54,36,43,63,61,29
91,33,31,0,6,2,0,0,0,2,0,5,0,0,0,0,2,0,0,2010,2010-07-17,3524,3098,428,828,173,20,70,400,314,29,641,22,54,36,43,65,61,29
92,40,34,4,8,3,0,0,3,6,3,3,0,0,0,1,2,0,0,2010,2010-07-18,3564,3132,432,836,176,20,70,403,320,32,644,22,54,36,44,67,61,29
93,40,35,2,10,0,0,1,2,5,0,9,0,0,0,0,1,0,1,2010,2010-07-19,3604,3167,434,846,176,20,71,405,325,32,653,22,54,36,44,68,61,30
94,39,33,5,9,4,0,1,5,4,2,7,1,1,0,0,1,1,0,2010,2010-07-20,3643,3200,439,855,180,20,72,410,329,34,660,23,55,36,44,69,62,30
95,33,29,2,7,0,0,1,2,3,0,5,0,1,0,0,1,0,0,2010,2010-07-21,3676,3229,441,862,180,20,73,412,332,34,665,23,56,36,44,70,62,30
96,30,27,2,4,1,0,1,2,3,1,6,0,0,0,0,0,0,1,2010,2010-07-22,3706,3256,443,866,181,20,74,414,335,35,671,23,56,36,44,70,62,31
97,33,31,1,5,1,0,0,1,1,0,7,0,0,1,0,0,0,0,2010,2010-07-23,3739,3287,444,871,182,20,74,415,336,35,678,23,56,37,44,70,62,31
98,49,42,3,9,1,1,1,3,5,2,7,0,1,1,1,1,0,2,2010,2010-07-24,3788,3329,447,880,183,21,75,418,341,37,685,23,57,38,45,71,62,33
99,28,27,1,4,2,0,0,1,1,1,7,0,0,0,0,1,0,0,2010,2010-07-25,3816,3356,448,884,185,21,75,419,342,38,692,23,57,38,45,72,62,33
100,34,31,2,5,0,0,0,2,2,1,7,0,1,0,1,0,0,1,2010,2010-07-27,3850,3387,450,889,185,21,75,421,344,39,699,23,58,38,46,72,62,34
101,30,29,1,4,0,0,0,1,1,0,11,0,0,0,0,2,0,0,2010,2010-07-28,3880,3416,451,893,185,21,75,422,345,39,710,23,58,38,46,74,62,34
102,33,30,2,3,0,0,1,1,3,0,13,0,0,0,0,0,1,0,2010,2010-07-29,3913,3446,453,896,185,21,76,423,348,39,723,23,58,38,46,74,63,34
103,42,36,5,10,2,1,1,4,3,0,12,3,0,0,0,0,1,0,2010,2010-07-30,3955,3482,458,906,187,22,77,427,351,39,735,26,58,38,46,74,64,34
104,33,29,1,3,0,0,1,1,4,0,9,0,0,0,0,0,1,1,2010,2010-07-31,3988,3511,459,909,187,22,78,428,355,39,744,26,58,38,46,74,65,35
105,32,30,0,4,0,0,0,0,2,0,9,0,0,0,0,0,1,1,2010,2010-08-01,4020,3541,459,913,187,22,78,428,357,39,753,26,58,38,46,74,66,36
106,44,39,5,14,1,0,1,5,4,0,9,1,0,0,0,0,0,0,2010,2010-08-02,4064,3580,464,927,188,22,79,433,361,39,762,27,58,38,46,74,66,36
107,30,28,2,5,2,0,0,2,2,0,9,0,0,0,0,0,0,0,2010,2010-08-03,4094,3608,466,932,190,22,79,435,363,39,771,27,58,38,46,74,66,36
108,40,36,9,12,5,0,1,9,2,1,9,1,1,0,1,0,3,0,2010,2010-08-04,4134,3644,475,944,195,22,80,444,365,40,780,28,59,38,47,74,69,36
109,36,34,0,9,0,0,0,0,2,0,3,0,0,0,0,2,0,0,2010,2010-08-05,4170,3678,475,953,195,22,80,444,367,40,783,28,59,38,47,76,69,36
110,35,31,3,5,0,0,1,3,4,0,4,0,0,0,0,1,0,0,2010,2010-08-06,4205,3709,478,958,195,22,81,447,371,40,787,28,59,38,47,77,69,36
111,40,33,3,7,3,0,0,2,5,2,5,0,1,1,0,0,0,0,2010,2010-08-07,4245,3742,481,965,198,22,81,449,376,42,792,28,60,39,47,77,69,36
112,37,29,8,10,3,0,0,7,4,0,8,1,3,0,1,1,3,2,2010,2010-08-08,4282,3771,489,975,201,22,81,456,380,42,800,29,63,39,48,78,72,38
113,53,44,15,18,2,0,2,15,6,0,8,1,0,2,1,1,1,0,2010,2010-08-10,4335,3815,504,993,203,22,83,471,386,42,808,30,63,41,49,79,73,38
114,34,32,0,6,3,0,0,0,2,0,9,0,0,0,0,1,0,0,2010,2010-08-11,4369,3847,504,999,206,22,83,471,388,42,817,30,63,41,49,80,73,38
115,47,40,9,15,0,0,1,9,5,1,6,0,1,1,1,1,1,0,2010,2010-08-12,4416,3887,513,1014,206,22,84,480,393,43,823,30,64,42,50,81,74,38
116,30,29,0,4,0,0,0,0,1,0,7,0,0,0,0,1,0,1,2010,2010-08-13,4446,3916,513,1018,206,22,84,480,394,43,830,30,64,42,50,82,74,39
117,37,35,2,12,0,0,0,1,1,1,10,0,0,1,0,2,1,1,2010,2010-08-14,4483,3951,515,1030,206,22,84,481,395,44,840,30,64,43,50,84,75,40
118,34,30,1,6,2,0,0,0,2,0,8,1,1,0,0,1,0,0,2010,2010-08-15,4517,3981,516,1036,208,22,84,481,397,44,848,31,65,43,50,85,75,40
119,34,32,3,6,2,0,0,1,2,0,4,0,0,0,1,0,1,1,2010,2010-08-16,4551,4013,519,1042,210,22,84,482,399,44,852,31,65,43,51,85,76,41
120,37,30,6,7,2,0,0,5,6,0,6,0,1,0,1,1,0,0,2010,2010-08-17,4588,4043,525,1049,212,22,84,487,405,44,858,31,66,43,52,86,76,41
121,37,31,2,7,1,0,0,1,5,0,10,0,1,0,0,2,0,2,2010,2010-08-18,4625,4074,527,1056,213,22,84,488,410,44,868,31,67,43,52,88,76,43
122,32,28,2,5,1,0,1,2,4,1,5,0,0,0,2,2,0,0,2010,2010-08-19,4657,4102,529,1061,214,22,85,490,414,45,873,31,67,43,54,90,76,43
123,33,30,1,5,1,0,0,1,2,0,7,0,1,0,0,1,0,0,2010,2010-08-20,4690,4132,530,1066,215,22,85,491,416,45,880,31,68,43,54,91,76,43
124,42,37,8,12,1,0,4,8,5,0,9,0,0,0,0,0,0,0,2010,2010-08-21,4732,4169,538,1078,216,22,89,499,421,45,889,31,68,43,54,91,76,43
125,33,32,2,7,0,0,1,2,0,0,7,0,1,0,0,1,0,0,2010,2010-08-22,4765,4201,540,1085,216,22,90,501,421,45,896,31,69,43,54,92,76,43
126,39,36,5,11,2,0,2,5,2,0,7,1,0,0,0,0,2,2,2010,2010-08-24,4804,4237,545,1096,218,22,92,506,423,45,903,32,69,43,54,92,78,45
127,42,36,5,10,6,0,1,5,4,1,5,1,0,1,1,0,0,0,2010,2010-08-25,4846,4273,550,1106,224,22,93,511,427,46,908,33,69,44,55,92,78,45
128,41,36,7,11,1,0,1,6,4,1,12,0,1,0,0,0,1,0,2010,2010-08-26,4887,4309,557,1117,225,22,94,517,431,47,920,33,70,44,55,92,79,45
129,41,35,6,11,2,0,1,6,6,2,5,0,0,0,0,2,2,0,2010,2010-08-27,4928,4344,563,1128,227,22,95,523,437,49,925,33,70,44,55,94,81,45
130,36,32,3,7,2,0,1,3,4,1,8,0,0,0,0,0,0,1,2010,2010-08-28,4964,4376,566,1135,229,22,96,526,441,50,933,33,70,44,55,94,81,46
131,44,39,5,13,4,0,0,5,5,0,9,0,0,0,1,2,0,0,2010,2010-08-29,5008,4415,571,1148,233,22,96,531,446,50,942,33,70,44,56,96,81,46
132,32,31,3,11,2,0,1,2,1,0,5,0,0,0,0,2,0,1,2010,2010-08-30,5040,4446,574,1159,235,22,97,533,447,50,947,33,70,44,56,98,81,47
133,36,34,4,8,2,0,1,4,1,0,1,1,0,0,0,1,0,0,2010,2010-08-31,5076,4480,578,1167,237,22,98,537,448,50,948,34,70,44,56,99,81,47
134,37,28,1,3,0,0,0,1,7,0,8,0,2,0,2,2,0,0,2010,2010-09-01,5113,4508,579,1170,237,22,98,538,455,50,956,34,72,44,58,101,81,47
135,34,28,4,7,0,0,1,4,4,1,7,1,1,0,0,2,0,0,2010,2010-09-03,5147,4536,583,1177,237,22,99,542,459,51,963,35,73,44,58,103,81,47
136,36,35,4,9,2,0,1,4,1,0,6,0,0,0,0,0,1,0,2010,2010-09-04,5183,4571,587,1186,239,22,100,546,460,51,969,35,73,44,58,103,82,47
137,31,29,0,3,1,0,0,0,1,0,13,1,0,0,0,1,0,0,2010,2010-09-05,5214,4600,587,1189,240,22,100,546,461,51,982,36,73,44,58,104,82,47
138,38,35,2,9,1,0,1,2,3,0,7,0,0,0,0,1,1,0,2010,2010-09-06,5252,4635,589,1198,241,22,101,548,464,51,989,36,73,44,58,105,83,47
139,33,32,1,5,2,0,0,1,1,0,14,0,0,0,0,0,1,0,2010,2010-09-07,5285,4667,590,1203,243,22,101,549,465,51,1003,36,73,44,58,105,84,47
140,31,29,0,3,1,0,0,0,2,0,8,0,0,0,0,1,0,0,2010,2010-09-08,5316,4696,590,1206,244,22,101,549,467,51,1011,36,73,44,58,106,84,47
141,38,31,2,4,2,0,1,2,7,0,8,0,0,0,1,0,0,0,2010,2010-09-09,5354,4727,592,1210,246,22,102,551,474,51,1019,36,73,44,59,106,84,47
142,47,42,4,12,2,1,1,4,3,0,12,0,2,0,1,1,0,1,2010,2010-09-10,5401,4769,596,1222,248,23,103,555,477,51,1031,36,75,44,60,107,84,48
143,39,34,6,7,1,0,1,4,4,0,12,0,1,0,2,0,3,0,2010,2010-09-11,5440,4803,602,1229,249,23,104,559,481,51,1043,36,76,44,62,107,87,48
144,36,31,4,7,1,1,1,4,3,1,6,0,1,1,0,1,0,0,2010,2010-09-12,5476,4834,606,1236,250,24,105,563,484,52,1049,36,77,45,62,108,87,48
145,31,26,1,1,0,0,0,0,3,0,9,1,1,0,1,1,0,1,2010,2010-09-14,5507,4860,607,1237,250,24,105,563,487,52,1058,37,78,45,63,109,87,49
146,31,31,1,4,0,0,1,1,0,0,7,0,0,0,0,0,0,0,2010,2010-09-15,5538,4891,608,1241,250,24,106,564,487,52,1065,37,78,45,63,109,87,49
147,32,31,2,4,1,0,1,1,0,0,14,0,1,0,1,0,0,0,2010,2010-09-16,5570,4922,610,1245,251,24,107,565,487,52,1079,37,79,45,64,109,87,49
148,43,38,5,11,2,1,0,5,4,0,10,1,0,0,1,0,1,1,2010,2010-09-17,5613,4960,615,1256,253,25,107,570,491,52,1089,38,79,45,65,109,88,50
149,39,37,2,12,1,0,1,2,2,0,4,0,0,0,0,1,0,0,2010,2010-09-18,5652,4997,617,1268,254,25,108,572,493,52,1093,38,79,45,65,110,88,50
150,49,46,7,14,3,0,2,7,3,2,9,0,0,0,1,1,0,0,2010,2010-09-19,5701,5043,624,1282,257,25,110,579,496,54,1102,38,79,45,66,111,88,50
151,34,32,0,8,0,0,0,0,2,0,6,0,0,0,0,3,0,0,2010,2010-09-21,5735,5075,624,1290,257,25,110,579,498,54,1108,38,79,45,66,114,88,50
152,34,30,1,3,1,0,0,1,4,0,8,0,0,0,0,0,0,0,2010,2010-09-22,5769,5105,625,1293,258,25,110,580,502,54,1116,38,79,45,66,114,88,50
153,33,30,3,6,2,0,0,3,3,1,6,0,0,0,1,1,1,0,2010,2010-09-23,5802,5135,628,1299,260,25,110,583,505,55,1122,38,79,45,67,115,89,50
154,35,29,3,6,0,2,1,3,3,0,3,1,1,1,0,2,0,0,2010,2010-09-24,5837,5164,631,1305,260,27,111,586,508,55,1125,39,80,46,67,117,89,50
155,32,28,2,3,1,0,0,2,2,0,6,1,1,0,0,1,0,0,2010,2010-09-25,5869,5192,633,1308,261,27,111,588,510,55,1131,40,81,46,67,118,89,50
156,40,38,4,11,2,0,1,4,2,0,8,0,0,0,1,1,0,0,2010,2010-09-26,5909,5230,637,1319,263,27,112,592,512,55,1139,40,81,46,68,119,89,50
157,38,32,3,6,2,0,0,3,4,1,9,0,2,0,1,0,1,0,2010,2010-09-27,5947,5262,640,1325,265,27,112,595,516,56,1148,40,83,46,69,119,90,50
158,45,40,9,14,1,2,4,8,2,0,10,1,1,1,1,0,2,0,2010,2010-09-28,5992,5302,649,1339,266,29,116,603,518,56,1158,41,84,47,70,119,92,50
159,38,32,7,6,2,0,1,7,4,0,9,1,0,1,1,1,0,0,2010,2010-09-29,6030,5334,656,1345,268,29,117,610,522,56,1167,42,84,48,71,120,92,50
160,38,29,5,4,0,0,1,5,6,0,5,2,0,1,0,1,0,0,2010,2010-10-01,6068,5363,661,1349,268,29,118,615,528,56,1172,44,84,49,71,121,92,50
161,36,34,3,11,1,0,1,3,0,0,6,1,0,1,1,1,0,0,2010,2010-10-02,6104,5397,664,1360,269,29,119,618,528,56,1178,45,84,50,72,122,92,50
162,36,29,3,8,1,0,1,3,5,1,6,1,1,0,1,1,0,0,2010,2010-10-03,6140,5426,667,1368,270,29,120,621,533,57,1184,46,85,50,73,123,92,50
1,37,34,4,9,0,0,1,4,3,0,11,0,0,0,0,1,3,0,2009,2009-04-06,37,34,4,9,0,0,1,4,3,0,11,0,0,0,0,1,3,0
2,37,31,2,5,2,0,0,2,5,0,9,0,0,1,0,0,1,0,2009,2009-04-07,74,65,6,14,2,0,1,6,8,0,20,0,0,1,0,1,4,0
3,42,34,5,10,2,0,1,5,8,1,4,0,0,0,0,2,1,1,2009,2009-04-08,116,99,11,24,4,0,2,11,16,1,24,0,0,1,0,3,5,1
4,41,33,3,8,0,1,0,3,7,2,6,1,0,0,0,2,1,0,2009,2009-04-09,157,132,14,32,4,1,2,14,23,3,30,1,0,1,0,5,6,1
5,36,33,4,8,2,0,1,4,3,0,4,0,0,0,0,2,1,0,2009,2009-04-10,193,165,18,40,6,1,3,18,26,3,34,1,0,1,0,7,7,1
6,43,36,11,11,5,0,1,11,5,0,10,0,1,1,0,0,0,0,2009,2009-04-11,236,201,29,51,11,1,4,29,31,3,44,1,1,2,0,7,7,1
7,36,32,3,6,1,0,0,3,4,0,2,0,0,0,1,1,1,0,2009,2009-04-12,272,233,32,57,12,1,4,32,35,3,46,1,1,2,1,8,8,1
8,44,38,11,15,2,1,3,11,5,2,8,0,1,0,0,0,0,0,2009,2009-04-13,316,271,43,72,14,2,7,43,40,5,54,1,2,2,1,8,8,1
9,42,35,5,13,2,0,1,5,6,2,5,0,0,1,0,1,0,1,2009,2009-04-15,358,306,48,85,16,2,8,48,46,7,59,1,2,3,1,9,8,2
10,39,30,7,7,1,1,1,6,6,1,7,2,0,1,1,1,2,0,2009,2009-04-16,397,336,55,92,17,3,9,54,52,8,66,3,2,4,2,10,10,2
11,40,35,4,11,2,0,0,4,5,0,7,0,0,0,1,1,1,0,2009,2009-04-17,437,371,59,103,19,3,9,58,57,8,73,3,2,4,3,11,11,2
12,40,34,9,12,0,0,4,9,4,0,5,0,1,1,1,1,1,0,2009,2009-04-18,477,405,68,115,19,3,13,67,61,8,78,3,3,5,4,12,12,2
13,46,38,14,19,6,0,2,14,5,0,5,1,1,1,0,2,0,1,2009,2009-04-19,523,443,82,134,25,3,15,81,66,8,83,4,4,6,4,14,12,3
14,42,34,5,8,0,1,1,5,7,0,5,1,0,0,1,2,0,0,2009,2009-04-21,565,477,87,142,25,4,16,86,73,8,88,5,4,6,5,16,12,3
15,38,37,5,10,2,0,3,5,1,0,8,0,0,0,0,0,0,0,2009,2009-04-22,603,514,92,152,27,4,19,91,74,8,96,5,4,6,5,16,12,3
16,35,33,2,8,2,0,0,2,2,0,5,0,0,0,0,0,0,0,2009,2009-04-23,638,547,94,160,29,4,19,93,76,8,101,5,4,6,5,16,12,3
17,44,36,6,12,3,0,0,5,8,2,6,0,0,0,0,1,0,1,2009,2009-04-24,682,583,100,172,32,4,19,98,84,10,107,5,4,6,5,17,12,4
18,43,35,6,9,2,0,0,6,6,2,7,2,0,0,0,0,3,0,2009,2009-04-25,725,618,106,181,34,4,19,104,90,12,114,7,4,6,5,17,15,4
19,41,36,4,9,3,0,0,4,5,0,6,0,0,0,1,1,0,0,2009,2009-04-26,766,654,110,190,37,4,19,108,95,12,120,7,4,6,6,18,15,4
20,37,31,4,7,0,0,1,4,4,0,5,1,1,0,1,3,0,0,2009,2009-04-27,803,685,114,197,37,4,20,112,99,12,125,8,5,6,7,21,15,4
21,45,35,5,9,4,1,0,4,9,2,9,0,1,0,2,1,0,1,2009,2009-04-28,848,720,119,206,41,5,20,116,108,14,134,8,6,6,9,22,15,5
22,39,35,4,9,3,0,0,3,4,0,8,0,0,0,0,1,0,0,2009,2009-04-29,887,755,123,215,44,5,20,119,112,14,142,8,6,6,9,23,15,5
23,37,36,8,14,3,0,2,7,1,1,6,0,0,0,0,2,0,0,2009,2009-04-30,924,791,131,229,47,5,22,126,113,15,148,8,6,6,9,25,15,5
24,33,29,1,3,0,0,0,1,4,1,9,0,0,0,0,0,0,0,2009,2009-05-01,957,820,132,232,47,5,22,127,117,16,157,8,6,6,9,25,15,5
25,40,36,2,10,2,0,0,2,4,1,7,0,0,0,0,0,1,0,2009,2009-05-02,997,856,134,242,49,5,22,129,121,17,164,8,6,6,9,25,16,5
26,36,32,7,10,3,0,0,7,3,0,5,1,0,0,0,1,1,0,2009,2009-05-03,1033,888,141,252,52,5,22,136,124,17,169,9,6,6,9,26,17,5
27,40,30,7,10,2,0,2,6,7,0,5,1,0,2,2,2,2,0,2009,2009-05-04,1073,918,148,262,54,5,24,142,131,17,174,10,6,8,11,28,19,5
28,32,30,3,5,1,0,0,2,2,1,6,0,0,0,1,0,1,0,2009,2009-05-05,1105,948,151,267,55,5,24,144,133,18,180,10,6,8,12,28,20,5
29,43,34,10,11,3,0,0,9,8,1,1,0,1,0,2,2,0,0,2009,2009-05-06,1148,982,161,278,58,5,24,153,141,19,181,10,7,8,14,30,20,5
30,43,38,9,14,1,1,1,9,4,0,6,0,0,1,0,1,1,1,2009,2009-05-07,1191,1020,170,292,59,6,25,162,145,19,187,10,7,9,14,31,21,6
31,37,31,1,9,2,0,0,1,5,0,8,1,0,0,0,3,0,1,2009,2009-05-08,1228,1051,171,301,61,6,25,163,150,19,195,11,7,9,14,34,21,7
32,39,34,8,11,5,0,0,7,4,1,5,0,1,0,1,1,2,0,2009,2009-05-09,1267,1085,179,312,66,6,25,170,154,20,200,11,8,9,15,35,23,7
33,50,47,5,11,2,0,1,5,2,0,12,0,0,1,0,1,1,1,2009,2009-05-10,1317,1132,184,323,68,6,26,175,156,20,212,11,8,10,15,36,24,8
34,37,37,3,11,2,0,0,3,0,0,6,0,0,0,0,0,0,0,2009,2009-05-12,1354,1169,187,334,70,6,26,178,156,20,218,11,8,10,15,36,24,8
35,45,38,9,14,4,0,2,9,4,0,4,1,1,1,0,1,2,0,2009,2009-05-13,1399,1207,196,348,74,6,28,187,160,20,222,12,9,11,15,37,26,8
36,44,39,5,13,4,1,1,4,3,1,11,0,1,1,1,0,1,2,2009,2009-05-14,1443,1246,201,361,78,7,29,191,163,21,233,12,10,12,16,37,27,10
37,41,37,6,12,1,0,2,6,3,0,7,0,0,1,0,0,0,1,2009,2009-05-15,1484,1283,207,373,79,7,31,197,166,21,240,12,10,13,16,37,27,11
38,38,30,3,7,0,1,0,3,5,0,9,0,1,2,0,0,4,1,2009,2009-05-16,1522,1313,210,380,79,8,31,200,171,21,249,12,11,15,16,37,31,12
39,48,38,12,11,3,0,1,10,8,1,13,0,2,0,2,0,0,0,2009,2009-05-17,1570,1351,222,391,82,8,32,210,179,22,262,12,13,15,18,37,31,12
40,48,39,3,5,0,0,0,2,7,2,6,1,0,1,3,0,1,1,2009,2009-05-18,1618,1390,225,396,82,8,32,212,186,24,268,13,13,16,21,37,32,13
41,35,32,5,9,1,0,1,5,3,0,5,0,0,0,1,2,0,0,2009,2009-05-19,1653,1422,230,405,83,8,33,217,189,24,273,13,13,16,22,39,32,13
42,34,30,2,9,1,0,0,2,3,1,4,0,0,1,0,0,0,0,2009,2009-05-20,1687,1452,232,414,84,8,33,219,192,25,277,13,13,17,22,39,32,13
43,39,34,1,10,3,0,0,1,4,0,6,0,1,0,0,1,1,1,2009,2009-05-22,1726,1486,233,424,87,8,33,220,196,25,283,13,14,17,22,40,33,14
44,46,37,5,11,4,0,0,5,5,1,7,3,1,0,0,0,0,0,2009,2009-05-23,1772,1523,238,435,91,8,33,225,201,26,290,16,15,17,22,40,33,14
45,42,38,7,12,5,0,1,7,3,1,7,0,0,1,0,0,2,0,2009,2009-05-24,1814,1561,245,447,96,8,34,232,204,27,297,16,15,18,22,40,35,14
46,51,45,16,19,2,1,0,16,4,0,11,0,1,1,1,0,2,0,2009,2009-05-25,1865,1606,261,466,98,9,34,248,208,27,308,16,16,19,23,40,37,14
47,44,37,7,12,2,1,0,6,5,0,5,0,2,0,1,1,0,0,2009,2009-05-26,1909,1643,268,478,100,10,34,254,213,27,313,16,18,19,24,41,37,14
48,41,35,8,12,2,0,0,7,4,0,6,1,1,0,0,2,1,0,2009,2009-05-27,1950,1678,276,490,102,10,34,261,217,27,319,17,19,19,24,43,38,14
49,36,33,2,8,1,0,0,2,3,0,9,0,0,0,0,1,3,0,2009,2009-05-28,1986,1711,278,498,103,10,34,263,220,27,328,17,19,19,24,44,41,14
50,35,30,1,5,0,0,1,1,5,0,7,0,0,0,1,3,0,0,2009,2009-05-29,2021,1741,279,503,103,10,35,264,225,27,335,17,19,19,25,47,41,14
51,32,30,0,5,2,0,0,0,2,0,5,0,0,0,0,2,0,0,2009,2009-05-30,2053,1771,279,508,105,10,35,264,227,27,340,17,19,19,25,49,41,14
52,46,39,8,12,2,0,1,7,4,0,10,2,0,1,1,0,2,0,2009,2009-05-31,2099,1810,287,520,107,10,36,271,231,27,350,19,19,20,26,49,43,14
53,38,36,2,9,2,0,0,2,2,0,8,0,0,0,1,1,1,0,2009,2009-06-01,2137,1846,289,529,109,10,36,273,233,27,358,19,19,20,27,50,44,14
54,33,30,6,6,2,0,1,6,3,0,8,0,0,0,0,0,0,0,2009,2009-06-02,2170,1876,295,535,111,10,37,279,236,27,366,19,19,20,27,50,44,14
55,30,25,1,5,0,1,0,1,3,0,6,0,1,1,0,0,0,1,2009,2009-06-03,2200,1901,296,540,111,11,37,280,239,27,372,19,20,21,27,50,44,15
56,29,29,0,5,1,0,0,0,0,0,5,0,0,0,0,2,0,0,2009,2009-06-04,2229,1930,296,545,112,11,37,280,239,27,377,19,20,21,27,52,44,15
57,34,31,4,6,2,0,0,4,2,0,5,1,0,0,1,1,3,0,2009,2009-06-05,2263,1961,300,551,114,11,37,284,241,27,382,20,20,21,28,53,47,15
58,48,45,3,12,0,0,3,3,2,0,10,0,1,0,0,0,1,0,2009,2009-06-06,2311,2006,303,563,114,11,40,287,243,27,392,20,21,21,28,53,48,15
59,37,35,2,9,2,0,0,1,1,0,7,1,0,0,0,1,0,0,2009,2009-06-07,2348,2041,305,572,116,11,40,288,244,27,399,21,21,21,28,54,48,15
60,36,32,6,11,0,0,4,6,4,1,1,0,0,0,0,1,1,1,2009,2009-06-09,2384,2073,311,583,116,11,44,294,248,28,400,21,21,21,28,55,49,16
61,33,30,1,6,1,0,0,1,2,0,7,0,1,0,0,1,1,1,2009,2009-06-10,2417,2103,312,589,117,11,44,295,250,28,407,21,22,21,28,56,50,17
62,38,34,0,8,1,0,0,0,4,0,4,0,0,0,0,1,1,0,2009,2009-06-12,2455,2137,312,597,118,11,44,295,254,28,411,21,22,21,28,57,51,17
63,35,34,3,7,3,0,1,3,1,0,4,0,0,0,0,0,2,0,2009,2009-06-13,2490,2171,315,604,121,11,45,298,255,28,415,21,22,21,28,57,53,17
64,44,33,6,10,3,0,1,6,7,0,7,1,2,1,1,1,3,0,2009,2009-06-14,2534,2204,321,614,124,11,46,304,262,28,422,22,24,22,29,58,56,17
65,42,39,5,9,4,0,0,5,3,1,4,0,0,0,2,1,0,0,2009,2009-06-16,2576,2243,326,623,128,11,46,309,265,29,426,22,24,22,31,59,56,17
66,41,35,4,8,2,0,0,4,5,0,5,0,0,1,3,2,2,0,2009,2009-06-17,2617,2278,330,631,130,11,46,313,270,29,431,22,24,23,34,61,58,17
67,32,28,3,8,1,0,1,3,3,1,6,0,1,0,0,0,0,1,2009,2009-06-18,2649,2306,333,639,131,11,47,316,273,30,437,22,25,23,34,61,58,18
68,42,33,4,9,2,0,2,4,6,1,8,1,2,0,0,0,1,1,2009,2009-06-19,2691,2339,337,648,133,11,49,320,279,31,445,23,27,23,34,61,59,19
69,41,35,6,12,0,1,1,5,4,0,7,0,1,1,0,0,1,1,2009,2009-06-20,2732,2374,343,660,133,12,50,325,283,31,452,23,28,24,34,61,60,20
70,41,35,5,12,2,0,1,5,4,0,6,0,2,0,0,1,1,0,2009,2009-06-21,2773,2409,348,672,135,12,51,330,287,31,458,23,30,24,34,62,61,20
71,39,33,5,7,3,0,1,5,5,0,7,1,0,0,0,0,1,1,2009,2009-06-23,2812,2442,353,679,138,12,52,335,292,31,465,24,30,24,34,62,62,21
72,41,36,7,9,1,0,1,5,3,0,6,1,0,1,2,1,0,0,2009,2009-06-24,2853,2478,360,688,139,12,53,340,295,31,471,25,30,25,36,63,62,21
73,53,46,5,9,2,0,0,5,3,1,12,3,1,0,2,1,3,0,2009,2009-06-25,2906,2524,365,697,141,12,53,345,298,32,483,28,31,25,38,64,65,21
74,38,34,8,14,1,1,4,8,2,0,3,1,1,0,0,2,0,1,2009,2009-06-26,2944,2558,373,711,142,13,57,353,300,32,486,29,32,25,38,66,65,22
75,35,33,1,5,1,0,0,0,2,0,11,0,0,0,1,0,0,0,2009,2009-06-27,2979,2591,374,716,143,13,57,353,302,32,497,29,32,25,39,66,65,22
76,34,29,2,5,1,0,1,2,2,0,5,1,1,1,0,0,0,1,2009,2009-06-28,3013,2620,376,721,144,13,58,355,304,32,502,30,33,26,39,66,65,23
77,50,45,4,10,1,0,1,4,4,3,10,0,1,0,0,0,4,0,2009,2009-06-29,3063,2665,380,731,145,13,59,359,308,35,512,30,34,26,39,66,69,23
78,29,29,0,2,0,0,0,0,0,0,3,0,0,0,0,0,0,0,2009,2009-06-30,3092,2694,380,733,145,13,59,359,308,35,515,30,34,26,39,66,69,23
79,28,27,1,5,1,0,0,1,0,0,5,0,1,0,1,1,1,1,2009,2009-07-01,3120,2721,381,738,146,13,59,360,308,35,520,30,35,26,40,67,70,24
80,40,36,6,9,3,0,0,5,4,1,10,0,0,0,0,0,1,0,2009,2009-07-03,3160,2757,387,747,149,13,59,365,312,36,530,30,35,26,40,67,71,24
81,37,33,4,9,0,0,1,3,3,1,5,0,1,0,0,2,0,0,2009,2009-07-04,3197,2790,391,756,149,13,60,368,315,37,535,30,36,26,40,69,71,24
82,60,54,7,18,2,1,4,7,5,1,7,0,1,0,0,0,2,2,2009,2009-07-05,3257,2844,398,774,151,14,64,375,320,38,542,30,37,26,40,69,73,26
83,48,38,8,13,1,1,1,8,7,0,6,0,2,1,1,0,1,0,2009,2009-07-07,3305,2882,406,787,152,15,65,383,327,38,548,30,39,27,41,69,74,26
84,43,32,4,9,0,1,1,4,9,0,6,0,2,0,0,2,0,0,2009,2009-07-08,3348,2914,410,796,152,16,66,387,336,38,554,30,41,27,41,71,74,26
85,51,40,11,17,4,0,0,11,9,1,8,1,1,0,0,0,0,0,2009,2009-07-09,3399,2954,421,813,156,16,66,398,345,39,562,31,42,27,41,71,74,26
86,47,41,12,13,1,1,5,12,4,1,3,0,2,0,1,1,0,0,2009,2009-07-10,3446,2995,433,826,157,17,71,410,349,40,565,31,44,27,42,72,74,26
87,34,34,3,8,0,0,2,3,0,0,11,0,0,0,0,1,0,0,2009,2009-07-11,3480,3029,436,834,157,17,73,413,349,40,576,31,44,27,42,73,74,26
88,41,34,7,9,2,0,3,6,7,1,6,0,0,0,0,1,0,0,2009,2009-07-12,3521,3063,443,843,159,17,76,419,356,41,582,31,44,27,42,74,74,26
89,36,33,0,8,1,0,0,0,3,0,8,0,0,0,0,2,0,0,2009,2009-07-16,3557,3096,443,851,160,17,76,419,359,41,590,31,44,27,42,76,74,26
90,31,30,1,4,0,1,0,1,0,0,5,1,0,0,0,1,0,0,2009,2009-07-17,3588,3126,444,855,160,18,76,420,359,41,595,32,44,27,42,77,74,26
91,32,30,5,8,1,1,0,4,2,2,6,0,0,0,0,1,0,1,2009,2009-07-18,3620,3156,449,863,161,19,76,424,361,43,601,32,44,27,42,78,74,27
92,35,31,4,8,2,0,1,4,3,1,4,0,1,0,2,2,1,0,2009,2009-07-19,3655,3187,453,871,163,19,77,428,364,44,605,32,45,27,44,80,75,27
93,37,33,7,12,3,0,2,7,3,0,6,1,0,0,0,0,0,3,2009,2009-07-20,3692,3220,460,883,166,19,79,435,367,44,611,33,45,27,44,80,75,30
94,40,35,12,12,2,1,2,11,3,0,2,1,1,0,1,1,0,0,2009,2009-07-21,3732,3255,472,895,168,20,81,446,370,44,613,34,46,27,45,81,75,30
95,35,31,6,6,0,1,2,6,4,1,10,0,0,0,1,0,0,0,2009,2009-07-22,3767,3286,478,901,168,21,83,452,374,45,623,34,46,27,46,81,75,30
96,35,32,3,6,2,1,0,2,1,0,4,2,0,0,0,1,0,0,2009,2009-07-24,3802,3318,481,907,170,22,83,454,375,45,627,36,46,27,46,82,75,30
97,41,36,4,13,1,1,0,4,5,0,5,0,0,0,0,1,0,1,2009,2009-07-25,3843,3354,485,920,171,23,83,458,380,45,632,36,46,27,46,83,75,31
98,41,35,6,13,3,1,1,6,4,1,6,1,1,0,0,2,1,1,2009,2009-07-26,3884,3389,491,933,174,24,84,464,384,46,638,37,47,27,46,85,76,32
99,39,32,1,11,1,0,0,1,3,0,5,2,1,1,0,4,0,0,2009,2009-07-27,3923,3421,492,944,175,24,84,465,387,46,643,39,48,28,46,89,76,32
100,36,35,0,9,2,0,0,0,1,0,5,0,0,0,1,2,1,0,2009,2009-07-28,3959,3456,492,953,177,24,84,465,388,46,648,39,48,28,47,91,77,32
101,62,53,2,13,1,1,0,2,7,2,13,0,1,1,0,2,0,0,2009,2009-07-29,4021,3509,494,966,178,25,84,467,395,48,661,39,49,29,47,93,77,32
102,44,41,5,12,2,0,0,5,3,0,3,0,0,0,0,0,1,1,2009,2009-07-30,4065,3550,499,978,180,25,84,472,398,48,664,39,49,29,47,93,78,33
103,39,35,5,12,3,0,1,5,1,0,8,0,3,0,0,0,0,0,2009,2009-07-31,4104,3585,504,990,183,25,85,477,399,48,672,39,52,29,47,93,78,33
104,33,30,3,6,2,0,1,3,2,0,3,0,0,1,0,0,0,0,2009,2009-08-01,4137,3615,507,996,185,25,86,480,401,48,675,39,52,30,47,93,78,33
105,49,44,9,19,4,0,1,9,4,1,8,0,1,0,0,0,1,0,2009,2009-08-02,4186,3659,516,1015,189,25,87,489,405,49,683,39,53,30,47,93,79,33
106,39,36,5,11,4,0,0,5,1,0,4,1,1,0,1,2,0,0,2009,2009-08-03,4225,3695,521,1026,193,25,87,494,406,49,687,40,54,30,48,95,79,33
107,49,41,17,18,6,0,2,17,5,0,10,2,1,0,0,0,0,0,2009,2009-08-04,4274,3736,538,1044,199,25,89,511,411,49,697,42,55,30,48,95,79,33
108,34,32,1,5,0,0,1,1,2,0,6,0,0,0,1,0,0,0,2009,2009-08-05,4308,3768,539,1049,199,25,90,512,413,49,703,42,55,30,49,95,79,33
109,38,33,5,12,1,1,1,5,3,0,4,0,1,1,0,1,2,0,2009,2009-08-06,4346,3801,544,1061,200,26,91,517,416,49,707,42,56,31,49,96,81,33
110,51,43,5,10,0,0,1,4,7,1,11,0,1,0,0,2,2,0,2009,2009-08-07,4397,3844,549,1071,200,26,92,521,423,50,718,42,57,31,49,98,83,33
111,40,35,1,6,1,0,0,1,5,1,9,0,0,0,0,0,1,1,2009,2009-08-08,4437,3879,550,1077,201,26,92,522,428,51,727,42,57,31,49,98,84,34
112,35,31,2,8,2,0,0,1,2,0,7,1,0,1,0,2,0,0,2009,2009-08-09,4472,3910,552,1085,203,26,92,523,430,51,734,43,57,32,49,100,84,34
113,39,33,4,9,2,0,0,4,4,0,10,0,2,0,0,0,0,1,2009,2009-08-10,4511,3943,556,1094,205,26,92,527,434,51,744,43,59,32,49,100,84,35
114,43,37,9,11,3,0,2,9,5,2,8,0,1,0,0,1,0,0,2009,2009-08-11,4554,3980,565,1105,208,26,94,536,439,53,752,43,60,32,49,101,84,35
115,35,34,2,4,0,1,0,2,1,0,11,0,0,0,1,1,0,0,2009,2009-08-12,4589,4014,567,1109,208,27,94,538,440,53,763,43,60,32,50,102,84,35
116,36,31,1,7,2,0,1,1,3,0,9,1,1,0,0,1,0,1,2009,2009-08-14,4625,4045,568,1116,210,27,95,539,443,53,772,44,61,32,50,103,84,36
117,42,35,3,9,1,1,0,2,5,0,5,1,0,1,0,3,2,0,2009,2009-08-15,4667,4080,571,1125,211,28,95,541,448,53,777,45,61,33,50,106,86,36
118,43,41,9,14,3,0,3,9,2,0,7,0,0,0,0,0,0,0,2009,2009-08-16,4710,4121,580,1139,214,28,98,550,450,53,784,45,61,33,50,106,86,36
119,32,29,2,5,2,0,0,2,1,1,8,0,1,1,0,0,1,0,2009,2009-08-17,4742,4150,582,1144,216,28,98,552,451,54,792,45,62,34,50,106,87,36
120,40,36,7,14,4,1,0,7,4,0,7,0,0,0,0,1,0,0,2009,2009-08-18,4782,4186,589,1158,220,29,98,559,455,54,799,45,62,34,50,107,87,36
121,33,30,2,4,1,0,2,2,2,0,4,1,0,0,0,1,0,0,2009,2009-08-19,4815,4216,591,1162,221,29,100,561,457,54,803,46,62,34,50,108,87,36
122,37,33,7,11,1,0,1,7,2,1,7,0,2,0,0,0,0,0,2009,2009-08-20,4852,4249,598,1173,222,29,101,568,459,55,810,46,64,34,50,108,87,36
123,34,31,2,8,2,0,0,2,2,0,3,1,0,0,1,0,1,1,2009,2009-08-21,4886,4280,600,1181,224,29,101,570,461,55,813,47,64,34,51,108,88,37
124,29,26,2,5,0,0,2,2,1,0,6,1,1,0,0,0,1,1,2009,2009-08-22,4915,4306,602,1186,224,29,103,572,462,55,819,48,65,34,51,108,89,38
125,30,28,1,3,1,0,0,1,2,0,7,0,0,0,1,2,0,1,2009,2009-08-23,4945,4334,603,1189,225,29,103,573,464,55,826,48,65,34,52,110,89,39
126,46,42,4,12,2,0,1,4,3,2,7,0,0,1,1,0,1,0,2009,2009-08-25,4991,4376,607,1201,227,29,104,577,467,57,833,48,65,35,53,110,90,39
127,36,31,6,8,0,0,3,6,4,0,8,1,0,0,0,3,0,1,2009,2009-08-26,5027,4407,613,1209,227,29,107,583,471,57,841,49,65,35,53,113,90,40
128,41,34,3,8,2,0,1,3,5,2,9,0,2,0,2,0,0,0,2009,2009-08-27,5068,4441,616,1217,229,29,108,586,476,59,850,49,67,35,55,113,90,40
129,40,38,2,10,0,0,1,1,2,0,9,0,0,0,0,0,1,0,2009,2009-08-28,5108,4479,618,1227,229,29,109,587,478,59,859,49,67,35,55,113,91,40
130,42,35,11,13,1,0,4,11,5,0,7,0,1,1,0,1,0,1,2009,2009-08-29,5150,4514,629,1240,230,29,113,598,483,59,866,49,68,36,55,114,91,41
131,50,43,3,11,2,0,1,3,6,1,4,0,0,1,0,3,1,0,2009,2009-08-30,5200,4557,632,1251,232,29,114,601,489,60,870,49,68,37,55,117,92,41
132,37,35,3,5,1,0,3,3,2,0,4,0,0,0,0,0,0,0,2009,2009-08-31,5237,4592,635,1256,233,29,117,604,491,60,874,49,68,37,55,117,92,41
133,36,33,4,9,2,0,1,3,3,1,4,0,0,0,0,0,1,0,2009,2009-09-01,5273,4625,639,1265,235,29,118,607,494,61,878,49,68,37,55,117,93,41
134,34,33,1,7,1,0,0,1,1,0,4,0,0,0,0,1,0,0,2009,2009-09-02,5307,4658,640,1272,236,29,118,608,495,61,882,49,68,37,55,118,93,41
135,33,31,4,9,1,0,1,4,1,0,5,1,0,0,0,1,0,1,2009,2009-09-03,5340,4689,644,1281,237,29,119,612,496,61,887,50,68,37,55,119,93,42
136,37,32,0,6,0,0,0,0,3,0,4,2,0,0,0,1,0,0,2009,2009-09-04,5377,4721,644,1287,237,29,119,612,499,61,891,52,68,37,55,120,93,42
137,40,34,7,9,3,0,1,5,6,1,11,0,0,0,2,0,2,1,2009,2009-09-05,5417,4755,651,1296,240,29,120,617,505,62,902,52,68,37,57,120,95,43
138,39,35,3,8,1,0,0,3,3,1,7,1,0,0,1,1,0,0,2009,2009-09-06,5456,4790,654,1304,241,29,120,620,508,63,909,53,68,37,58,121,95,43
139,41,36,7,10,2,0,3,7,3,1,4,1,0,1,0,0,3,0,2009,2009-09-07,5497,4826,661,1314,243,29,123,627,511,64,913,54,68,38,58,121,98,43
140,38,33,5,12,1,0,0,5,5,0,4,0,0,0,0,5,1,1,2009,2009-09-08,5535,4859,666,1326,244,29,123,632,516,64,917,54,68,38,58,126,99,44
141,35,34,3,7,0,1,2,3,1,0,11,0,0,0,0,0,0,0,2009,2009-09-09,5570,4893,669,1333,244,30,125,635,517,64,928,54,68,38,58,126,99,44
142,44,37,10,13,4,0,1,10,5,1,6,0,1,1,0,1,0,0,2009,2009-09-11,5614,4930,679,1346,248,30,126,645,522,65,934,54,69,39,58,127,99,44
143,46,37,9,10,2,1,2,8,8,0,8,1,0,0,1,0,2,0,2009,2009-09-12,5660,4967,688,1356,250,31,128,653,530,65,942,55,69,39,59,127,101,44
144,36,31,2,5,0,0,1,2,3,0,4,1,0,0,0,0,0,0,2009,2009-09-13,5696,4998,690,1361,250,31,129,655,533,65,946,56,69,39,59,127,101,44
145,37,33,6,12,4,0,1,5,3,0,3,1,0,0,0,1,2,0,2009,2009-09-14,5733,5031,696,1373,254,31,130,660,536,65,949,57,69,39,59,128,103,44
146,48,44,5,9,3,2,1,5,2,0,9,0,1,1,0,0,0,0,2009,2009-09-15,5781,5075,701,1382,257,33,131,665,538,65,958,57,70,40,59,128,103,44
147,32,30,3,8,1,0,2,3,2,0,7,0,0,0,0,1,1,1,2009,2009-09-16,5813,5105,704,1390,258,33,133,668,540,65,965,57,70,40,59,129,104,45
148,38,33,4,8,1,0,2,4,4,0,9,1,0,0,0,2,1,0,2009,2009-09-18,5851,5138,708,1398,259,33,135,672,544,65,974,58,70,40,59,131,105,45
149,43,37,12,12,2,0,4,12,6,0,7,0,0,0,0,0,2,0,2009,2009-09-19,5894,5175,720,1410,261,33,139,684,550,65,981,58,70,40,59,131,107,45
150,36,28,6,5,0,1,1,4,7,3,8,0,1,0,0,0,1,0,2009,2009-09-20,5930,5203,726,1415,261,34,140,688,557,68,989,58,71,40,59,131,108,45
151,48,40,14,15,4,0,1,14,5,1,2,1,1,1,1,1,0,0,2009,2009-09-22,5978,5243,740,1430,265,34,141,702,562,69,991,59,72,41,60,132,108,45
152,41,33,4,8,1,0,0,3,7,1,2,0,1,0,2,0,1,1,2009,2009-09-23,6019,5276,744,1438,266,34,141,705,569,70,993,59,73,41,62,132,109,46
153,44,37,7,10,2,1,2,7,5,1,9,1,0,1,1,0,0,0,2009,2009-09-24,6063,5313,751,1448,268,35,143,712,574,71,1002,60,73,42,63,132,109,46
154,33,32,1,7,3,0,0,1,0,0,7,1,0,0,0,1,0,1,2009,2009-09-25,6096,5345,752,1455,271,35,143,713,574,71,1009,61,73,42,63,133,109,47
155,43,35,8,11,2,1,1,8,8,1,3,0,0,0,0,2,0,0,2009,2009-09-26,6139,5380,760,1466,273,36,144,721,582,72,1012,61,73,42,63,135,109,47
156,39,33,5,9,1,0,0,4,4,2,5,0,2,0,0,0,0,0,2009,2009-09-27,6178,5413,765,1475,274,36,144,725,586,74,1017,61,75,42,63,135,109,47
157,31,28,1,4,0,1,0,1,1,0,7,0,1,1,2,0,0,1,2009,2009-09-28,6209,5441,766,1479,274,37,144,726,587,74,1024,61,76,43,65,135,109,48
158,33,29,1,4,0,1,0,1,4,0,8,0,0,0,1,2,1,0,2009,2009-09-29,6242,5470,767,1483,274,38,144,727,591,74,1032,61,76,43,66,137,110,48
159,32,27,0,1,0,0,0,0,5,0,7,0,0,0,1,2,0,0,2009,2009-09-30,6274,5497,767,1484,274,38,144,727,596,74,1039,61,76,43,67,139,110,48
160,37,31,3,5,1,0,1,2,5,0,13,0,1,0,0,0,1,0,2009,2009-10-02,6311,5528,770,1489,275,38,145,729,601,74,1052,61,77,43,67,139,111,48
161,35,30,5,9,1,0,0,5,3,2,9,0,1,1,0,1,2,0,2009,2009-10-03,6346,5558,775,1498,276,38,145,734,604,76,1061,61,78,44,67,140,113,48
162,39,34,5,13,2,1,0,5,3,0,7,2,0,0,0,1,3,0,2009,2009-10-04,6385,5592,780,1511,278,39,145,739,607,76,1068,63,78,44,67,141,116,48
1,37,31,5,11,1,0,1,5,4,0,3,0,2,0,0,2,1,0,2008,2008-03-31,37,31,5,11,1,0,1,5,4,0,3,0,2,0,0,2,1,0
2,40,35,3,10,2,0,0,3,5,0,8,0,0,0,0,0,2,0,2008,2008-04-01,77,66,8,21,3,0,1,8,9,0,11,0,2,0,0,2,3,0
3,37,31,1,6,3,0,0,1,5,1,11,0,1,0,1,1,1,1,2008,2008-04-02,114,97,9,27,6,0,1,9,14,1,22,0,3,0,1,3,4,1
4,43,34,7,8,1,0,0,6,7,0,7,0,0,2,1,0,0,0,2008,2008-04-04,157,131,16,35,7,0,1,15,21,1,29,0,3,2,2,3,4,1
5,30,28,1,2,1,1,0,0,1,0,8,1,0,0,0,1,0,0,2008,2008-04-05,187,159,17,37,8,1,1,15,22,1,37,1,3,2,2,4,4,1
6,37,33,3,7,2,0,1,3,4,0,10,0,0,0,0,0,2,0,2008,2008-04-06,224,192,20,44,10,1,2,18,26,1,47,1,3,2,2,4,6,1
7,36,34,3,8,1,0,1,2,2,0,8,0,0,0,0,1,0,0,2008,2008-04-07,260,226,23,52,11,1,3,20,28,1,55,1,3,2,2,5,6,1
8,41,36,5,11,3,1,0,5,4,0,9,0,0,1,0,0,0,0,2008,2008-04-08,301,262,28,63,14,2,3,25,32,1,64,1,3,3,2,5,6,1
9,36,32,3,7,3,0,1,3,2,0,6,1,0,1,0,1,0,0,2008,2008-04-09,337,294,31,70,17,2,4,28,34,1,70,2,3,4,2,6,6,1
10,40,34,5,12,2,1,1,5,4,0,6,0,1,1,0,1,1,1,2008,2008-04-11,377,328,36,82,19,3,5,33,38,1,76,2,4,5,2,7,7,2
11,45,38,11,13,4,0,3,10,7,2,4,0,0,0,2,1,1,0,2008,2008-04-12,422,366,47,95,23,3,8,43,45,3,80,2,4,5,4,8,8,2
12,33,32,0,5,2,0,0,0,1,0,5,0,0,0,0,0,0,0,2008,2008-04-13,455,398,47,100,25,3,8,43,46,3,85,2,4,5,4,8,8,2
13,39,37,4,10,2,1,0,4,2,0,2,0,0,0,0,0,0,0,2008,2008-04-14,494,435,51,110,27,4,8,47,48,3,87,2,4,5,4,8,8,2
14,37,32,11,13,3,1,2,9,2,0,1,1,2,0,1,2,2,2,2008,2008-04-15,531,467,62,123,30,5,10,56,50,3,88,3,6,5,5,10,10,4
15,41,35,8,15,1,0,1,8,4,0,6,0,0,2,0,2,0,0,2008,2008-04-16,572,502,70,138,31,5,11,64,54,3,94,3,6,7,5,12,10,4
16,36,31,1,5,2,0,0,1,4,0,7,1,0,0,0,1,1,1,2008,2008-04-18,608,533,71,143,33,5,11,65,58,3,101,4,6,7,5,13,11,5
17,33,30,1,7,1,0,1,1,2,0,4,0,1,0,0,3,0,0,2008,2008-04-19,641,563,72,150,34,5,12,66,60,3,105,4,7,7,5,16,11,5
18,38,33,1,5,0,0,1,1,5,0,9,0,0,0,1,0,4,0,2008,2008-04-20,679,596,73,155,34,5,13,67,65,3,114,4,7,7,6,16,15,5
19,43,39,9,15,3,0,2,9,2,0,7,1,1,0,1,2,0,1,2008,2008-04-21,722,635,82,170,37,5,15,76,67,3,121,5,8,7,7,18,15,6
20,35,29,1,5,3,0,0,1,6,0,9,0,0,0,0,3,0,0,2008,2008-04-22,757,664,83,175,40,5,15,77,73,3,130,5,8,7,7,21,15,6
21,43,37,8,13,1,0,0,6,4,1,10,1,1,0,1,0,2,0,2008,2008-04-23,800,701,91,188,41,5,15,83,77,4,140,6,9,7,8,21,17,6
22,38,33,4,8,1,0,0,4,3,1,3,1,0,1,0,2,1,0,2008,2008-04-24,838,734,95,196,42,5,15,87,80,5,143,7,9,8,8,23,18,6
23,60,49,8,16,4,0,0,7,8,2,4,2,0,1,1,1,0,3,2008,2008-04-25,898,783,103,212,46,5,15,94,88,7,147,9,9,9,9,24,18,9
24,39,32,11,10,2,0,1,11,5,0,3,1,0,1,0,1,1,0,2008,2008-04-26,937,815,114,222,48,5,16,105,93,7,150,10,9,10,9,25,19,9
25,41,34,3,9,0,1,0,3,6,2,8,0,1,0,0,2,0,0,2008,2008-04-27,978,849,117,231,48,6,16,108,99,9,158,10,10,10,9,27,19,9
26,41,37,7,14,2,0,0,6,3,0,3,0,1,0,0,2,2,0,2008,2008-04-29,1019,886,124,245,50,6,16,114,102,9,161,10,11,10,9,29,21,9
27,49,40,13,15,2,2,1,12,8,2,3,0,1,0,1,0,3,0,2008,2008-04-30,1068,926,137,260,52,8,17,126,110,11,164,10,12,10,10,29,24,9
28,42,32,5,7,1,0,0,4,7,0,7,1,2,0,1,0,2,0,2008,2008-05-01,1110,958,142,267,53,8,17,130,117,11,171,11,14,10,11,29,26,9
29,44,38,11,13,3,1,1,11,5,0,6,0,1,0,0,1,2,0,2008,2008-05-02,1154,996,153,280,56,9,18,141,122,11,177,11,15,10,11,30,28,9
30,46,38,12,14,2,0,1,11,6,1,6,0,0,2,0,1,4,0,2008,2008-05-03,1200,1034,165,294,58,9,19,152,128,12,183,11,15,12,11,31,32,9
31,33,33,2,9,1,0,1,2,0,0,3,0,0,0,0,2,0,0,2008,2008-05-04,1233,1067,167,303,59,9,20,154,128,12,186,11,15,12,11,33,32,9
32,31,29,5,7,0,0,3,5,2,0,3,0,0,0,0,1,2,1,2008,2008-05-05,1264,1096,172,310,59,9,23,159,130,12,189,11,15,12,11,34,34,10
33,38,32,5,10,0,0,1,5,4,0,6,0,2,0,1,0,3,0,2008,2008-05-06,1302,1128,177,320,59,9,24,164,134,12,195,11,17,12,12,34,37,10
34,32,30,1,4,3,0,0,1,2,0,5,0,0,0,0,1,0,0,2008,2008-05-07,1334,1158,178,324,62,9,24,165,136,12,200,11,17,12,12,35,37,10
35,36,33,1,7,2,0,0,1,2,0,7,0,1,0,0,0,1,0,2008,2008-05-09,1370,1191,179,331,64,9,24,166,138,12,207,11,18,12,12,35,38,10
36,31,29,0,3,1,0,0,0,2,0,3,0,0,0,1,2,1,0,2008,2008-05-10,1401,1220,179,334,65,9,24,166,140,12,210,11,18,12,13,37,39,10
37,38,34,5,12,4,0,1,4,2,0,4,0,1,1,1,2,0,2,2008,2008-05-11,1439,1254,184,346,69,9,25,170,142,12,214,11,19,13,14,39,39,12
38,37,34,3,9,1,1,0,3,2,0,3,0,1,0,0,1,0,0,2008,2008-05-13,1476,1288,187,355,70,10,25,173,144,12,217,11,20,13,14,40,39,12
39,39,36,6,10,1,0,1,5,3,0,6,0,0,0,1,1,1,1,2008,2008-05-14,1515,1324,193,365,71,10,26,178,147,12,223,11,20,13,15,41,40,13
40,39,35,7,11,1,1,3,7,4,0,9,0,0,0,0,2,0,0,2008,2008-05-15,1554,1359,200,376,72,11,29,185,151,12,232,11,20,13,15,43,40,13
41,33,31,2,5,0,0,1,2,2,0,4,0,0,0,1,1,0,0,2008,2008-05-16,1587,1390,202,381,72,11,30,187,153,12,236,11,20,13,16,44,40,13
42,40,35,6,8,1,0,1,5,4,1,5,1,0,0,1,0,1,1,2008,2008-05-17,1627,1425,208,389,73,11,31,192,157,13,241,12,20,13,17,44,41,14
43,35,32,2,7,0,0,0,2,3,0,11,0,0,0,0,1,2,1,2008,2008-05-18,1662,1457,210,396,73,11,31,194,160,13,252,12,20,13,17,45,43,15
44,43,38,6,14,1,0,0,4,5,2,4,0,0,0,1,1,1,0,2008,2008-05-19,1705,1495,216,410,74,11,31,198,165,15,256,12,20,13,18,46,44,15
45,34,33,4,9,0,0,0,4,0,0,3,0,1,0,0,0,1,0,2008,2008-05-20,1739,1528,220,419,74,11,31,202,165,15,259,12,21,13,18,46,45,15
46,36,30,5,8,1,0,1,2,3,0,5,0,3,0,0,0,1,0,2008,2008-05-21,1775,1558,225,427,75,11,32,204,168,15,264,12,24,13,18,46,46,15
47,36,31,1,5,1,1,0,1,4,0,9,0,0,1,0,0,1,0,2008,2008-05-23,1811,1589,226,432,76,12,32,205,172,15,273,12,24,14,18,46,47,15
48,34,33,0,8,0,0,0,0,1,0,9,0,0,0,0,1,0,1,2008,2008-05-24,1845,1622,226,440,76,12,32,205,173,15,282,12,24,14,18,47,47,16
49,39,38,4,9,1,0,1,4,0,0,6,0,1,0,1,0,0,0,2008,2008-05-25,1884,1660,230,449,77,12,33,209,173,15,288,12,25,14,19,47,47,16
50,40,36,1,10,3,0,0,1,4,1,6,0,0,0,0,0,1,0,2008,2008-05-26,1924,1696,231,459,80,12,33,210,177,16,294,12,25,14,19,47,48,16
51,36,32,1,6,0,0,0,1,4,0,6,0,0,0,1,1,0,1,2008,2008-05-27,1960,1728,232,465,80,12,33,211,181,16,300,12,25,14,20,48,48,17
52,41,35,1,7,0,0,0,1,5,0,6,1,0,0,1,3,0,0,2008,2008-05-28,2001,1763,233,472,80,12,33,212,186,16,306,13,25,14,21,51,48,17
53,34,33,4,7,1,0,2,4,1,0,6,0,0,0,0,0,1,0,2008,2008-05-29,2035,1796,237,479,81,12,35,216,187,16,312,13,25,14,21,51,49,17
54,38,37,9,12,3,0,1,8,1,0,8,0,0,0,0,1,1,0,2008,2008-05-30,2073,1833,246,491,84,12,36,224,188,16,320,13,25,14,21,52,50,17
55,34,33,2,7,0,0,0,1,1,0,9,0,0,0,0,1,0,0,2008,2008-05-31,2107,1866,248,498,84,12,36,225,189,16,329,13,25,14,21,53,50,17
56,34,30,1,6,1,0,0,1,3,0,6,1,0,0,0,2,0,1,2008,2008-06-01,2141,1896,249,504,85,12,36,226,192,16,335,14,25,14,21,55,50,18
57,38,33,8,11,3,0,3,7,4,1,3,0,1,0,1,1,0,0,2008,2008-06-02,2179,1929,257,515,88,12,39,233,196,17,338,14,26,14,22,56,50,18
58,34,32,0,6,3,0,0,0,2,0,7,0,0,0,0,0,0,1,2008,2008-06-03,2213,1961,257,521,91,12,39,233,198,17,345,14,26,14,22,56,50,19
59,31,29,1,6,0,0,0,1,1,0,7,0,1,0,0,2,0,1,2008,2008-06-04,2244,1990,258,527,91,12,39,234,199,17,352,14,27,14,22,58,50,20
60,38,33,4,8,3,1,2,4,3,0,5,1,1,0,0,1,0,0,2008,2008-06-05,2282,2023,262,535,94,13,41,238,202,17,357,15,28,14,22,59,50,20
61,35,31,3,7,2,0,0,3,4,0,9,0,0,0,0,0,0,0,2008,2008-06-06,2317,2054,265,542,96,13,41,241,206,17,366,15,28,14,22,59,50,20
62,37,36,7,13,0,0,2,6,1,1,7,0,0,0,0,1,3,0,2008,2008-06-07,2354,2090,272,555,96,13,43,247,207,18,373,15,28,14,22,60,53,20
63,33,31,1,4,1,0,0,1,2,0,7,0,0,0,0,0,1,0,2008,2008-06-08,2387,2121,273,559,97,13,43,248,209,18,380,15,28,14,22,60,54,20
64,43,36,7,13,2,0,0,6,6,1,2,0,1,0,0,1,2,0,2008,2008-06-10,2430,2157,280,572,99,13,43,254,215,19,382,15,29,14,22,61,56,20
65,33,32,1,5,2,0,1,1,1,0,9,0,0,0,0,0,0,0,2008,2008-06-11,2463,2189,281,577,101,13,44,255,216,19,391,15,29,14,22,61,56,20
66,32,32,0,5,1,0,0,0,0,0,5,0,0,0,0,0,1,0,2008,2008-06-12,2495,2221,281,582,102,13,44,255,216,19,396,15,29,14,22,61,57,20
67,31,30,0,3,0,1,0,0,1,0,5,0,0,0,0,0,1,0,2008,2008-06-13,2526,2251,281,585,102,14,44,255,217,19,401,15,29,14,22,61,58,20
68,41,40,7,13,5,0,1,7,1,0,4,0,0,0,2,2,1,0,2008,2008-06-14,2567,2291,288,598,107,14,45,262,218,19,405,15,29,14,24,63,59,20
69,37,36,4,10,1,0,1,3,1,0,3,0,0,0,0,1,0,0,2008,2008-06-15,2604,2327,292,608,108,14,46,265,219,19,408,15,29,14,24,64,59,20
70,35,30,3,7,3,0,0,3,4,0,3,0,1,0,0,3,0,0,2008,2008-06-17,2639,2357,295,615,111,14,46,268,223,19,411,15,30,14,24,67,59,20
71,36,32,6,9,3,1,1,5,2,0,7,1,1,0,0,2,1,1,2008,2008-06-18,2675,2389,301,624,114,15,47,273,225,19,418,16,31,14,24,69,60,21
72,45,40,7,14,5,0,1,7,4,0,6,1,0,0,0,0,1,0,2008,2008-06-19,2720,2429,308,638,119,15,48,280,229,19,424,17,31,14,24,69,61,21
73,45,42,4,12,3,0,0,4,3,2,6,0,0,0,0,0,2,0,2008,2008-06-20,2765,2471,312,650,122,15,48,284,232,21,430,17,31,14,24,69,63,21
74,43,41,2,9,1,0,1,2,2,0,14,0,0,0,0,1,0,0,2008,2008-06-21,2808,2512,314,659,123,15,49,286,234,21,444,17,31,14,24,70,63,21
75,32,32,4,9,2,0,1,4,0,0,4,0,0,0,0,1,1,0,2008,2008-06-22,2840,2544,318,668,125,15,50,290,234,21,448,17,31,14,24,71,64,21
76,31,31,1,6,0,0,1,1,0,0,2,0,0,0,1,2,0,0,2008,2008-06-24,2871,2575,319,674,125,15,51,291,234,21,450,17,31,14,25,73,64,21
77,34,30,5,6,2,0,0,5,2,1,4,0,1,1,2,0,3,0,2008,2008-06-25,2905,2605,324,680,127,15,51,296,236,22,454,17,32,15,27,73,67,21
78,35,31,0,5,1,0,0,0,4,0,4,0,0,0,1,2,3,0,2008,2008-06-26,2940,2636,324,685,128,15,51,296,240,22,458,17,32,15,28,75,70,21
79,38,32,6,10,1,0,2,6,4,0,9,0,1,1,0,2,3,0,2008,2008-06-27,2978,2668,330,695,129,15,53,302,244,22,467,17,33,16,28,77,73,21
80,29,24,1,0,0,0,0,1,3,0,9,1,0,1,1,0,1,0,2008,2008-06-28,3007,2692,331,695,129,15,53,303,247,22,476,18,33,17,29,77,74,21
81,32,29,0,3,0,0,0,0,3,0,9,0,0,0,0,1,1,0,2008,2008-06-29,3039,2721,331,698,129,15,53,303,250,22,485,18,33,17,29,78,75,21
82,38,35,1,11,2,0,0,1,0,0,10,2,0,1,0,2,0,0,2008,2008-06-30,3077,2756,332,709,131,15,53,304,250,22,495,20,33,18,29,80,75,21
83,51,41,7,10,4,0,2,7,8,1,8,0,2,0,1,1,2,0,2008,2008-07-01,3128,2797,339,719,135,15,55,311,258,23,503,20,35,18,30,81,77,21
84,38,34,4,8,3,1,1,4,2,0,9,1,1,0,0,0,1,0,2008,2008-07-02,3166,2831,343,727,138,16,56,315,260,23,512,21,36,18,30,81,78,21
85,40,35,5,8,1,0,2,5,5,0,9,0,0,0,1,0,0,1,2008,2008-07-03,3206,2866,348,735,139,16,58,320,265,23,521,21,36,18,31,81,78,22
86,47,39,10,13,7,0,2,10,6,1,11,1,1,0,1,1,1,0,2008,2008-07-04,3253,2905,358,748,146,16,60,330,271,24,532,22,37,18,32,82,79,22
87,35,32,2,6,3,0,0,2,2,0,11,1,0,0,0,0,0,1,2008,2008-07-05,3288,2937,360,754,149,16,60,332,273,24,543,23,37,18,32,82,79,23
88,38,33,5,10,2,0,0,5,4,2,6,0,0,1,0,2,2,0,2008,2008-07-06,3326,2970,365,764,151,16,60,337,277,26,549,23,37,19,32,84,81,23
89,30,26,3,5,0,0,1,3,3,0,3,0,1,0,0,1,0,0,2008,2008-07-07,3356,2996,368,769,151,16,61,340,280,26,552,23,38,19,32,85,81,23
90,37,32,3,7,1,0,0,2,5,0,8,0,0,0,0,1,0,0,2008,2008-07-08,3393,3028,371,776,152,16,61,342,285,26,560,23,38,19,32,86,81,23
91,30,28,2,5,1,0,1,2,2,1,4,0,0,0,0,0,0,1,2008,2008-07-09,3423,3056,373,781,153,16,62,344,287,27,564,23,38,19,32,86,81,24
92,44,39,4,8,0,0,1,4,3,0,13,0,2,0,1,1,3,0,2008,2008-07-10,3467,3095,377,789,153,16,63,348,290,27,577,23,40,19,33,87,84,24
93,31,30,1,5,0,0,0,1,1,0,6,0,0,0,0,1,0,1,2008,2008-07-11,3498,3125,378,794,153,16,63,349,291,27,583,23,40,19,33,88,84,25
94,44,42,3,8,0,0,2,3,2,0,11,0,0,0,0,0,0,0,2008,2008-07-12,3542,3167,381,802,153,16,65,352,293,27,594,23,40,19,33,88,84,25
95,42,30,9,8,3,0,0,9,10,0,6,0,2,0,0,0,2,0,2008,2008-07-13,3584,3197,390,810,156,16,65,361,303,27,600,23,42,19,33,88,86,25
96,47,43,8,11,3,0,4,7,3,0,5,1,0,0,0,0,0,0,2008,2008-07-18,3631,3240,398,821,159,16,69,368,306,27,605,24,42,19,33,88,86,25
97,37,34,2,8,1,0,1,2,3,0,7,0,0,0,0,1,0,0,2008,2008-07-19,3668,3274,400,829,160,16,70,370,309,27,612,24,42,19,33,89,86,25
98,40,36,6,12,3,1,0,6,3,0,4,0,1,0,1,2,0,1,2008,2008-07-20,3708,3310,406,841,163,17,70,376,312,27,616,24,43,19,34,91,86,26
99,50,44,16,18,6,1,0,15,5,0,7,1,0,0,1,2,0,0,2008,2008-07-21,3758,3354,422,859,169,18,70,391,317,27,623,25,43,19,35,93,86,26
100,31,29,1,4,1,0,1,1,2,0,4,0,0,0,0,2,0,0,2008,2008-07-22,3789,3383,423,863,170,18,71,392,319,27,627,25,43,19,35,95,86,26
101,38,35,3,11,2,0,0,3,3,0,9,0,0,0,0,1,0,0,2008,2008-07-23,3827,3418,426,874,172,18,71,395,322,27,636,25,43,19,35,96,86,26
102,31,28,3,6,1,0,0,3,2,0,5,1,0,0,0,2,0,0,2008,2008-07-25,3858,3446,429,880,173,18,71,398,324,27,641,26,43,19,35,98,86,26
103,32,31,6,10,3,0,2,6,0,0,6,0,0,1,0,2,0,0,2008,2008-07-26,3890,3477,435,890,176,18,73,404,324,27,647,26,43,20,35,100,86,26
104,34,30,2,7,0,0,1,2,4,0,7,0,0,0,0,1,1,0,2008,2008-07-27,3924,3507,437,897,176,18,74,406,328,27,654,26,43,20,35,101,87,26
105,37,36,6,8,2,0,0,5,1,0,10,0,0,0,1,0,0,0,2008,2008-07-28,3961,3543,443,905,178,18,74,411,329,27,664,26,43,20,36,101,87,26
106,33,33,2,9,1,0,0,1,0,0,10,0,0,0,1,0,4,1,2008,2008-07-29,3994,3576,445,914,179,18,74,412,329,27,674,26,43,20,37,101,91,27
107,34,28,4,8,1,0,0,4,5,0,5,0,0,1,0,1,2,1,2008,2008-07-30,4028,3604,449,922,180,18,74,416,334,27,679,26,43,21,37,102,93,28
108,33,31,1,7,0,0,0,1,1,0,7,0,1,0,1,1,0,1,2008,2008-07-31,4061,3635,450,929,180,18,74,417,335,27,686,26,44,21,38,103,93,29
109,32,30,1,6,1,0,0,1,1,0,9,0,1,0,1,1,1,0,2008,2008-08-01,4093,3665,451,935,181,18,74,418,336,27,695,26,45,21,39,104,94,29
110,35,32,4,11,1,0,2,4,2,1,3,0,1,0,0,1,0,0,2008,2008-08-02,4128,3697,455,946,182,18,76,422,338,28,698,26,46,21,39,105,94,29
111,42,38,9,16,2,1,2,9,3,0,8,0,1,0,0,1,1,0,2008,2008-08-03,4170,3735,464,962,184,19,78,431,341,28,706,26,47,21,39,106,95,29
112,45,40,4,11,0,0,1,4,4,1,4,0,0,1,0,3,0,0,2008,2008-08-05,4215,3775,468,973,184,19,79,435,345,29,710,26,47,22,39,109,95,29
113,39,38,6,11,5,1,1,6,1,0,4,0,0,0,0,0,0,0,2008,2008-08-06,4254,3813,474,984,189,20,80,441,346,29,714,26,47,22,39,109,95,29
114,35,34,4,8,1,1,1,4,1,0,8,0,0,0,0,1,0,0,2008,2008-08-07,4289,3847,478,992,190,21,81,445,347,29,722,26,47,22,39,110,95,29
115,40,33,6,8,2,0,2,6,5,0,4,1,1,0,1,0,0,0,2008,2008-08-08,4329,3880,484,1000,192,21,83,451,352,29,726,27,48,22,40,110,95,29
116,44,39,2,10,0,1,1,2,4,2,9,1,0,0,0,0,1,1,2008,2008-08-09,4373,3919,486,1010,192,22,84,453,356,31,735,28,48,22,40,110,96,30
117,41,36,4,6,2,2,0,4,4,1,6,1,0,0,2,0,1,0,2008,2008-08-10,4414,3955,490,1016,194,24,84,457,360,32,741,29,48,22,42,110,97,30
118,44,34,8,16,3,0,1,8,7,4,3,1,2,0,0,2,1,1,2008,2008-08-11,4458,3989,498,1032,197,24,85,465,367,36,744,30,50,22,42,112,98,31
119,36,30,4,7,1,0,0,4,3,2,7,2,0,1,0,1,0,0,2008,2008-08-12,4494,4019,502,1039,198,24,85,469,370,38,751,32,50,23,42,113,98,31
120,43,38,7,12,2,0,3,7,5,1,9,0,0,0,1,0,0,0,2008,2008-08-13,4537,4057,509,1051,200,24,88,476,375,39,760,32,50,23,43,113,98,31
121,33,30,3,6,1,1,1,3,3,1,9,0,0,0,0,0,2,0,2008,2008-08-14,4570,4087,512,1057,201,25,89,479,378,40,769,32,50,23,43,113,100,31
122,37,35,5,12,2,0,2,5,2,0,8,0,0,0,0,1,0,0,2008,2008-08-15,4607,4122,517,1069,203,25,91,484,380,40,777,32,50,23,43,114,100,31
123,40,36,3,8,1,0,1,3,3,0,6,0,0,1,1,1,0,1,2008,2008-08-16,4647,4158,520,1077,204,25,92,487,383,40,783,32,50,24,44,115,100,32
124,38,36,7,14,3,0,4,7,2,0,6,0,0,0,0,1,0,0,2008,2008-08-17,4685,4194,527,1091,207,25,96,494,385,40,789,32,50,24,44,116,100,32
125,39,37,3,11,5,0,0,2,2,0,11,0,0,0,0,1,0,0,2008,2008-08-19,4724,4231,530,1102,212,25,96,496,387,40,800,32,50,24,44,117,100,32
126,36,35,3,9,1,0,0,1,0,0,6,0,1,0,1,0,2,0,2008,2008-08-20,4760,4266,533,1111,213,25,96,497,387,40,806,32,51,24,45,117,102,32
127,30,28,3,5,1,0,1,3,2,0,7,0,0,0,2,2,1,0,2008,2008-08-21,4790,4294,536,1116,214,25,97,500,389,40,813,32,51,24,47,119,103,32
128,34,31,1,5,1,0,1,1,2,0,6,1,0,0,0,1,0,0,2008,2008-08-22,4824,4325,537,1121,215,25,98,501,391,40,819,33,51,24,47,120,103,32
129,33,33,2,5,1,0,1,2,0,0,7,0,0,0,1,0,0,0,2008,2008-08-23,4857,4358,539,1126,216,25,99,503,391,40,826,33,51,24,48,120,103,32
130,48,42,2,13,1,0,0,2,5,0,6,1,0,0,0,3,1,1,2008,2008-08-24,4905,4400,541,1139,217,25,99,505,396,40,832,34,51,24,48,123,104,33
131,41,38,0,13,2,0,0,0,3,0,10,0,0,0,0,2,0,0,2008,2008-08-25,4946,4438,541,1152,219,25,99,505,399,40,842,34,51,24,48,125,104,33
132,38,32,1,7,1,0,0,1,4,1,4,2,0,0,1,3,0,0,2008,2008-08-26,4984,4470,542,1159,220,25,99,506,403,41,846,36,51,24,49,128,104,33
133,41,38,4,12,3,0,3,4,3,1,2,0,0,0,1,1,0,1,2008,2008-08-27,5025,4508,546,1171,223,25,102,510,406,42,848,36,51,24,50,129,104,34
134,36,32,2,5,1,0,1,2,3,0,6,1,0,0,0,0,0,0,2008,2008-08-28,5061,4540,548,1176,224,25,103,512,409,42,854,37,51,24,50,129,104,34
135,40,36,3,12,3,0,0,3,3,1,5,0,0,1,0,2,3,0,2008,2008-08-29,5101,4576,551,1188,227,25,103,515,412,43,859,37,51,25,50,131,107,34
136,41,40,6,14,1,0,3,5,0,0,9,1,0,0,0,1,1,0,2008,2008-08-30,5142,4616,557,1202,228,25,106,520,412,43,868,38,51,25,50,132,108,34
137,45,37,8,12,1,0,2,6,7,2,6,0,0,1,0,2,2,0,2008,2008-08-31,5187,4653,565,1214,229,25,108,526,419,45,874,38,51,26,50,134,110,34
138,36,31,5,9,1,0,1,5,4,0,3,0,0,1,0,1,3,0,2008,2008-09-01,5223,4684,570,1223,230,25,109,531,423,45,877,38,51,27,50,135,113,34
139,41,30,8,11,0,1,3,8,6,0,4,0,4,1,0,1,1,0,2008,2008-09-02,5264,4714,578,1234,230,26,112,539,429,45,881,38,55,28,50,136,114,34
140,36,33,6,9,2,0,3,6,3,2,4,0,0,0,0,0,1,0,2008,2008-09-03,5300,4747,584,1243,232,26,115,545,432,47,885,38,55,28,50,136,115,34
141,41,32,7,10,5,0,1,7,8,3,5,1,0,0,1,1,1,0,2008,2008-09-05,5341,4779,591,1253,237,26,116,552,440,50,890,39,55,28,51,137,116,34
142,39,28,7,6,1,0,1,7,9,1,9,1,1,0,0,0,0,1,2008,2008-09-06,5380,4807,598,1259,238,26,117,559,449,51,899,40,56,28,51,137,116,35
143,35,29,5,8,2,0,0,5,2,1,12,0,2,2,1,0,1,0,2008,2008-09-07,5415,4836,603,1267,240,26,117,564,451,52,911,40,58,30,52,137,117,35
144,32,30,0,4,2,0,0,0,2,0,3,0,0,0,1,1,0,0,2008,2008-09-08,5447,4866,603,1271,242,26,117,564,453,52,914,40,58,30,53,138,117,35
145,40,35,6,10,2,1,1,6,4,1,8,0,0,1,0,0,0,0,2008,2008-09-09,5487,4901,609,1281,244,27,118,570,457,53,922,40,58,31,53,138,117,35
146,40,35,7,9,1,0,3,7,5,0,4,0,0,0,0,1,1,0,2008,2008-09-10,5527,4936,616,1290,245,27,121,577,462,53,926,40,58,31,53,139,118,35
147,42,36,7,12,3,0,0,7,5,1,6,0,0,1,1,2,0,0,2008,2008-09-12,5569,4972,623,1302,248,27,121,584,467,54,932,40,58,32,54,141,118,35
148,39,32,5,8,3,0,1,5,6,0,6,0,0,1,0,1,0,1,2008,2008-09-13,5608,5004,628,1310,251,27,122,589,473,54,938,40,58,33,54,142,118,36
149,36,35,0,8,0,0,0,0,1,0,5,0,0,0,0,2,0,1,2008,2008-09-14,5644,5039,628,1318,251,27,122,589,474,54,943,40,58,33,54,144,118,37
150,44,34,8,12,2,0,1,7,8,0,3,0,0,2,0,2,1,0,2008,2008-09-15,5688,5073,636,1330,253,27,123,596,482,54,946,40,58,35,54,146,119,37
151,42,37,6,13,1,1,1,6,2,0,5,0,1,2,1,1,1,0,2008,2008-09-16,5730,5110,642,1343,254,28,124,602,484,54,951,40,59,37,55,147,120,37
152,46,42,8,18,4,0,0,8,3,0,6,0,0,1,1,1,0,0,2008,2008-09-17,5776,5152,650,1361,258,28,124,610,487,54,957,40,59,38,56,148,120,37
153,52,39,4,6,1,0,0,4,11,4,11,0,2,0,0,0,2,1,2008,2008-09-18,5828,5191,654,1367,259,28,124,614,498,58,968,40,61,38,56,148,122,38
154,34,32,1,6,1,0,1,1,2,0,6,0,0,0,0,0,0,0,2008,2008-09-19,5862,5223,655,1373,260,28,125,615,500,58,974,40,61,38,56,148,122,38
155,45,34,10,9,0,0,3,10,11,0,5,0,0,0,1,0,0,0,2008,2008-09-20,5907,5257,665,1382,260,28,128,625,511,58,979,40,61,38,57,148,122,38
156,41,36,0,5,0,0,0,0,4,1,10,0,1,0,0,0,0,0,2008,2008-09-21,5948,5293,665,1387,260,28,128,625,515,59,989,40,62,38,57,148,122,38
157,42,34,10,14,2,0,2,10,7,0,4,0,1,0,0,2,1,0,2008,2008-09-23,5990,5327,675,1401,262,28,130,635,522,59,993,40,63,38,57,150,123,38
158,48,39,12,17,4,0,2,12,7,1,5,1,1,0,0,1,0,0,2008,2008-09-24,6038,5366,687,1418,266,28,132,647,529,60,998,41,64,38,57,151,123,38
159,41,35,5,10,1,0,1,4,5,0,5,1,0,0,0,1,2,1,2008,2008-09-25,6079,5401,692,1428,267,28,133,651,534,60,1003,42,64,38,57,152,125,39
160,41,38,5,11,0,0,3,5,2,0,7,1,0,0,0,0,0,2,2008,2008-09-26,6120,5439,697,1439,267,28,136,656,536,60,1010,43,64,38,57,152,125,41
161,40,35,2,10,2,1,1,2,5,2,8,0,0,0,0,1,0,1,2008,2008-09-27,6160,5474,699,1449,269,29,137,658,541,62,1018,43,64,38,57,153,125,42
162,34,32,1,6,2,0,0,1,2,0,14,0,0,0,0,0,1,1,2008,2008-09-28,6194,5506,700,1455,271,29,137,659,543,62,1032,43,64,38,57,153,126,43
1,29,29,1,2,1,0,1,1,0,0,3,0,0,0,0,0,0,0,2007,2007-04-02,29,29,1,2,1,0,1,1,0,0,3,0,0,0,0,0,0,0
2,38,34,3,7,2,0,1,3,4,0,9,0,0,0,0,0,0,0,2007,2007-04-03,67,63,4,9,3,0,2,4,4,0,12,0,0,0,0,0,0,0
3,40,31,5,8,4,0,0,5,6,0,3,0,1,2,0,0,0,0,2007,2007-04-04,107,94,9,17,7,0,2,9,10,0,15,0,1,2,0,0,0,0
4,36,33,2,8,1,0,0,2,3,0,5,0,0,0,0,3,0,0,2007,2007-04-06,143,127,11,25,8,0,2,11,13,0,20,0,1,2,0,3,0,0
5,37,33,4,9,2,0,0,4,3,0,6,0,0,1,0,0,1,0,2007,2007-04-07,180,160,15,34,10,0,2,15,16,0,26,0,1,3,0,3,1,0
6,44,40,10,15,3,1,2,10,3,0,4,0,0,1,0,0,2,0,2007,2007-04-08,224,200,25,49,13,1,4,25,19,0,30,0,1,4,0,3,3,0
7,38,33,3,7,2,0,1,3,4,0,7,0,0,1,1,1,0,0,2007,2007-04-09,262,233,28,56,15,1,5,28,23,0,37,0,1,5,1,4,3,0
8,30,26,2,6,1,0,0,2,3,1,2,0,0,1,0,1,1,1,2007,2007-04-10,292,259,30,62,16,1,5,30,26,1,39,0,1,6,1,5,4,1
9,32,30,3,7,0,0,0,3,2,0,4,0,0,0,0,1,2,0,2007,2007-04-11,324,289,33,69,16,1,5,33,28,1,43,0,1,6,1,6,6,1
10,41,36,9,13,3,0,1,9,4,0,4,0,1,0,0,0,2,0,2007,2007-04-13,365,325,42,82,19,1,6,42,32,1,47,0,2,6,1,6,8,1
11,36,33,2,7,0,0,0,2,2,0,5,0,0,1,0,0,0,0,2007,2007-04-14,401,358,44,89,19,1,6,44,34,1,52,0,2,7,1,6,8,1
12,44,35,9,13,6,0,1,9,7,0,7,0,1,0,0,0,5,0,2007,2007-04-15,445,393,53,102,25,1,7,53,41,1,59,0,3,7,1,6,13,1
13,40,33,5,9,3,0,1,4,3,0,7,1,1,1,0,0,1,1,2007,2007-04-16,485,426,58,111,28,1,8,57,44,1,66,1,4,8,1,6,14,2
14,39,34,6,9,3,1,0,5,3,0,4,1,0,1,0,0,1,0,2007,2007-04-17,524,460,64,120,31,2,8,62,47,1,70,2,4,9,1,6,15,2
15,35,32,2,9,0,1,0,2,2,0,3,0,0,1,0,1,0,2,2007,2007-04-18,559,492,66,129,31,3,8,64,49,1,73,2,4,10,1,7,15,4
16,41,34,8,10,1,0,0,6,6,0,7,0,0,1,1,1,0,2,2007,2007-04-19,600,526,74,139,32,3,8,70,55,1,80,2,4,11,2,8,15,6
17,41,35,10,13,2,0,1,10,4,0,2,1,0,1,0,1,2,0,2007,2007-04-20,641,561,84,152,34,3,9,80,59,1,82,3,4,12,2,9,17,6
18,42,36,7,9,2,0,1,6,5,0,6,0,0,1,0,0,0,0,2007,2007-04-21,683,597,91,161,36,3,10,86,64,1,88,3,4,13,2,9,17,6
19,40,35,5,8,1,0,1,5,4,0,9,0,0,1,1,0,0,0,2007,2007-04-22,723,632,96,169,37,3,11,91,68,1,97,3,4,14,3,9,17,6
20,37,34,3,9,2,0,0,3,2,0,3,0,0,1,0,1,0,0,2007,2007-04-24,760,666,99,178,39,3,11,94,70,1,100,3,4,15,3,10,17,6
21,37,31,4,7,2,0,0,4,6,0,6,0,0,0,0,1,0,1,2007,2007-04-25,797,697,103,185,41,3,11,98,76,1,106,3,4,15,3,11,17,7
22,39,35,4,10,3,0,1,4,1,0,6,3,0,0,0,1,1,1,2007,2007-04-26,836,732,107,195,44,3,12,102,77,1,112,6,4,15,3,12,18,8
23,43,37,6,10,2,0,0,6,5,1,8,0,1,0,0,0,3,0,2007,2007-04-27,879,769,113,205,46,3,12,108,82,2,120,6,5,15,3,12,21,8
24,33,31,2,6,2,0,0,2,1,0,3,0,1,0,0,0,1,0,2007,2007-04-28,912,800,115,211,48,3,12,110,83,2,123,6,6,15,3,12,22,8
25,71,63,5,16,2,0,2,4,5,1,8,1,2,0,2,2,2,1,2007,2007-04-29,983,863,120,227,50,3,14,114,88,3,131,7,8,15,5,14,24,9
26,37,32,1,5,1,0,0,1,5,0,3,0,0,0,0,0,0,0,2007,2007-04-30,1020,895,121,232,51,3,14,115,93,3,134,7,8,15,5,14,24,9
27,41,31,2,8,3,0,0,2,8,1,5,0,2,0,0,1,1,0,2007,2007-05-01,1061,926,123,240,54,3,14,117,101,4,139,7,10,15,5,15,25,9
28,36,32,2,8,0,0,0,2,4,0,7,0,0,0,2,2,0,0,2007,2007-05-02,1097,958,125,248,54,3,14,119,105,4,146,7,10,15,7,17,25,9
29,38,34,0,8,0,0,0,0,2,0,8,0,1,0,0,0,0,0,2007,2007-05-04,1135,992,125,256,54,3,14,119,107,4,154,7,11,15,7,17,25,9
30,36,35,6,11,0,0,1,6,1,0,3,0,0,0,0,2,0,0,2007,2007-05-05,1171,1027,131,267,54,3,15,125,108,4,157,7,11,15,7,19,25,9
31,35,33,4,7,1,0,1,4,2,0,7,0,0,0,1,0,0,2,2007,2007-05-06,1206,1060,135,274,55,3,16,129,110,4,164,7,11,15,8,19,25,11
32,40,36,6,10,1,1,1,6,2,1,6,1,0,1,0,0,1,0,2007,2007-05-07,1246,1096,141,284,56,4,17,135,112,5,170,8,11,16,8,19,26,11
33,40,36,5,9,3,0,0,4,4,2,5,0,0,0,0,0,0,0,2007,2007-05-08,1286,1132,146,293,59,4,17,139,116,7,175,8,11,16,8,19,26,11
34,45,34,5,10,2,0,1,5,7,1,1,1,3,0,0,0,0,0,2007,2007-05-09,1331,1166,151,303,61,4,18,144,123,8,176,9,14,16,8,19,26,11
35,32,29,0,3,0,0,0,0,3,0,5,0,0,0,0,1,2,0,2007,2007-05-10,1363,1195,151,306,61,4,18,144,126,8,181,9,14,16,8,20,28,11
36,36,32,2,8,1,0,0,2,4,0,4,0,0,0,0,0,0,0,2007,2007-05-11,1399,1227,153,314,62,4,18,146,130,8,185,9,14,16,8,20,28,11
37,39,30,7,10,0,1,0,7,7,2,4,0,0,2,1,1,1,1,2007,2007-05-12,1438,1257,160,324,62,5,18,153,137,10,189,9,14,18,9,21,29,12
38,45,39,10,18,3,0,1,9,4,0,3,0,2,0,0,1,3,0,2007,2007-05-13,1483,1296,170,342,65,5,19,162,141,10,192,9,16,18,9,22,32,12
39,40,39,4,12,2,0,2,4,1,0,3,0,0,0,1,1,0,0,2007,2007-05-14,1523,1335,174,354,67,5,21,166,142,10,195,9,16,18,10,23,32,12
40,41,34,9,11,3,1,0,9,6,0,3,1,0,0,0,1,0,0,2007,2007-05-15,1564,1369,183,365,70,6,21,175,148,10,198,10,16,18,10,24,32,12
41,38,31,5,7,2,0,1,5,6,1,6,0,1,0,1,0,1,0,2007,2007-05-16,1602,1400,188,372,72,6,22,180,154,11,204,10,17,18,11,24,33,12
42,38,34,1,8,3,0,0,1,4,0,5,0,0,0,0,0,0,1,2007,2007-05-18,1640,1434,189,380,75,6,22,181,158,11,209,10,17,18,11,24,33,13
43,37,34,2,7,2,0,1,2,3,0,7,0,0,0,0,0,1,0,2007,2007-05-19,1677,1468,191,387,77,6,23,183,161,11,216,10,17,18,11,24,34,13
44,32,29,1,5,1,0,0,1,2,0,7,1,0,0,0,3,0,0,2007,2007-05-20,1709,1497,192,392,78,6,23,184,163,11,223,11,17,18,11,27,34,13
45,38,34,5,7,1,0,2,5,3,0,3,1,0,0,0,0,1,0,2007,2007-05-21,1747,1531,197,399,79,6,25,189,166,11,226,12,17,18,11,27,35,13
46,29,28,3,4,1,0,1,3,1,0,5,0,0,0,0,0,2,0,2007,2007-05-22,1776,1559,200,403,80,6,26,192,167,11,231,12,17,18,11,27,37,13
47,38,31,5,12,3,0,0,5,4,0,4,1,1,1,1,1,2,2,2007,2007-05-23,1814,1590,205,415,83,6,26,197,171,11,235,13,18,19,12,28,39,15
48,39,32,9,12,3,0,1,8,6,0,3,0,0,1,0,2,0,1,2007,2007-05-25,1853,1622,214,427,86,6,27,205,177,11,238,13,18,20,12,30,39,16
49,36,35,2,10,1,0,1,2,1,0,10,0,0,0,0,2,0,0,2007,2007-05-26,1889,1657,216,437,87,6,28,207,178,11,248,13,18,20,12,32,39,16
50,38,32,2,4,0,0,1,2,5,1,4,1,0,0,0,0,1,1,2007,2007-05-27,1927,1689,218,441,87,6,29,209,183,12,252,14,18,20,12,32,40,17
51,42,40,10,16,5,1,1,9,1,1,3,0,1,0,1,2,0,0,2007,2007-05-29,1969,1729,228,457,92,7,30,218,184,13,255,14,19,20,13,34,40,17
52,37,35,5,8,3,0,1,5,2,0,4,0,0,0,1,1,0,0,2007,2007-05-30,2006,1764,233,465,95,7,31,223,186,13,259,14,19,20,14,35,40,17
53,37,33,4,8,3,0,1,4,3,0,4,0,0,1,0,0,0,1,2007,2007-05-31,2043,1797,237,473,98,7,32,227,189,13,263,14,19,21,14,35,40,18
54,37,35,5,8,4,0,1,5,2,0,4,0,0,0,0,0,1,0,2007,2007-06-01,2080,1832,242,481,102,7,33,232,191,13,267,14,19,21,14,35,41,18
55,35,32,1,6,2,0,0,1,2,0,6,1,0,0,0,1,0,0,2007,2007-06-02,2115,1864,243,487,104,7,33,233,193,13,273,15,19,21,14,36,41,18
56,40,37,5,11,2,0,1,5,3,0,3,0,0,0,0,1,0,0,2007,2007-06-03,2155,1901,248,498,106,7,34,238,196,13,276,15,19,21,14,37,41,18
57,36,34,6,9,2,0,1,6,1,0,4,0,1,0,1,2,0,0,2007,2007-06-04,2191,1935,254,507,108,7,35,244,197,13,280,15,20,21,15,39,41,18
58,36,31,0,5,0,0,0,0,4,0,5,0,1,0,1,0,2,0,2007,2007-06-05,2227,1966,254,512,108,7,35,244,201,13,285,15,21,21,16,39,43,18
59,33,30,2,7,2,0,1,2,2,0,2,0,0,1,0,2,0,0,2007,2007-06-06,2260,1996,256,519,110,7,36,246,203,13,287,15,21,22,16,41,43,18
60,38,32,5,8,2,0,1,5,4,0,6,0,2,0,0,0,0,1,2007,2007-06-07,2298,2028,261,527,112,7,37,251,207,13,293,15,23,22,16,41,43,19
61,36,34,4,7,2,0,2,4,2,0,4,0,0,0,0,0,1,0,2007,2007-06-08,2334,2062,265,534,114,7,39,255,209,13,297,15,23,22,16,41,44,19
62,36,34,0,8,1,0,0,0,1,0,3,0,1,0,0,0,1,0,2007,2007-06-09,2370,2096,265,542,115,7,39,255,210,13,300,15,24,22,16,41,45,19
63,41,33,5,8,2,0,0,5,6,0,4,1,0,1,0,1,1,0,2007,2007-06-10,2411,2129,270,550,117,7,39,260,216,13,304,16,24,23,16,42,46,19
64,35,32,5,8,3,0,0,5,3,0,6,0,0,0,0,0,2,0,2007,2007-06-11,2446,2161,275,558,120,7,39,265,219,13,310,16,24,23,16,42,48,19
65,36,34,4,10,0,1,3,4,2,0,7,0,0,0,0,0,1,0,2007,2007-06-12,2482,2195,279,568,120,8,42,269,221,13,317,16,24,23,16,42,49,19
66,40,35,9,13,1,2,2,9,3,1,1,0,2,0,0,0,1,0,2007,2007-06-13,2522,2230,288,581,121,10,44,278,224,14,318,16,26,23,16,42,50,19
67,31,28,2,6,0,0,0,2,2,0,4,1,0,0,0,2,0,0,2007,2007-06-15,2553,2258,290,587,121,10,44,280,226,14,322,17,26,23,16,44,50,19
68,36,31,0,5,1,0,0,0,5,0,7,0,0,0,0,0,0,1,2007,2007-06-16,2589,2289,290,592,122,10,44,280,231,14,329,17,26,23,16,44,50,20
69,40,36,4,11,1,0,1,4,2,0,8,0,1,1,0,0,1,0,2007,2007-06-17,2629,2325,294,603,123,10,45,284,233,14,337,17,27,24,16,44,51,20
70,45,40,10,14,3,0,1,10,5,0,6,0,0,0,0,1,3,0,2007,2007-06-19,2674,2365,304,617,126,10,46,294,238,14,343,17,27,24,16,45,54,20
71,33,32,1,6,0,0,1,1,1,0,6,0,0,0,0,1,0,0,2007,2007-06-20,2707,2397,305,623,126,10,47,295,239,14,349,17,27,24,16,46,54,20
72,42,37,8,11,4,0,1,8,4,1,4,1,0,0,0,0,0,0,2007,2007-06-21,2749,2434,313,634,130,10,48,303,243,15,353,18,27,24,16,46,54,20
73,42,41,6,16,2,2,1,5,1,0,2,0,0,0,0,2,1,0,2007,2007-06-22,2791,2475,319,650,132,12,49,308,244,15,355,18,27,24,16,48,55,20
74,45,34,3,11,2,1,0,3,9,1,7,1,1,0,0,2,1,0,2007,2007-06-23,2836,2509,322,661,134,13,49,311,253,16,362,19,28,24,16,50,56,20
75,35,33,4,11,2,0,2,4,2,0,5,0,0,0,0,3,0,2,2007,2007-06-24,2871,2542,326,672,136,13,51,315,255,16,367,19,28,24,16,53,56,22
76,39,35,8,9,1,2,1,8,3,0,4,1,0,0,1,1,0,1,2007,2007-06-25,2910,2577,334,681,137,15,52,323,258,16,371,20,28,24,17,54,56,23
77,46,41,6,12,4,0,2,6,5,2,6,0,0,0,0,1,2,0,2007,2007-06-26,2956,2618,340,693,141,15,54,329,263,18,377,20,28,24,17,55,58,23
78,40,34,0,9,1,0,0,0,6,1,7,0,0,0,0,1,2,0,2007,2007-06-27,2996,2652,340,702,142,15,54,329,269,19,384,20,28,24,17,56,60,23
79,49,43,9,16,1,0,1,6,4,0,6,1,0,1,1,0,1,0,2007,2007-06-28,3045,2695,349,718,143,15,55,335,273,19,390,21,28,25,18,56,61,23
80,41,40,6,14,3,0,0,6,1,0,9,0,0,0,0,1,5,0,2007,2007-06-29,3086,2735,355,732,146,15,55,341,274,19,399,21,28,25,18,57,66,23
81,45,40,1,6,0,0,1,1,4,0,10,0,1,0,0,0,3,1,2007,2007-06-30,3131,2775,356,738,146,15,56,342,278,19,409,21,29,25,18,57,69,24
82,37,31,5,9,0,0,2,5,5,0,6,0,1,0,0,1,2,0,2007,2007-07-01,3168,2806,361,747,146,15,58,347,283,19,415,21,30,25,18,58,71,24
83,41,36,8,12,3,0,1,8,3,1,7,1,0,1,1,0,2,0,2007,2007-07-02,3209,2842,369,759,149,15,59,355,286,20,422,22,30,26,19,58,73,24
84,38,35,7,13,3,0,1,7,2,0,5,0,1,0,1,1,1,1,2007,2007-07-03,3247,2877,376,772,152,15,60,362,288,20,427,22,31,26,20,59,74,25
85,38,34,2,8,4,0,0,1,4,0,7,0,0,0,0,1,1,0,2007,2007-07-04,3285,2911,378,780,156,15,60,363,292,20,434,22,31,26,20,60,75,25
86,44,40,6,14,1,1,0,4,4,0,4,0,0,0,1,2,0,0,2007,2007-07-05,3329,2951,384,794,157,16,60,367,296,20,438,22,31,26,21,62,75,25
87,47,38,5,9,1,0,1,4,9,0,7,0,0,0,1,2,0,0,2007,2007-07-06,3376,2989,389,803,158,16,61,371,305,20,445,22,31,26,22,64,75,25
88,40,38,2,12,0,0,0,2,2,0,3,0,0,0,0,0,1,0,2007,2007-07-07,3416,3027,391,815,158,16,61,373,307,20,448,22,31,26,22,64,76,25
89,45,40,9,16,0,0,2,9,5,0,5,0,0,0,1,1,0,0,2007,2007-07-08,3461,3067,400,831,158,16,63,382,312,20,453,22,31,26,23,65,76,25
90,46,40,9,17,3,0,0,8,4,1,2,1,1,0,0,1,1,1,2007,2007-07-13,3507,3107,409,848,161,16,63,390,316,21,455,23,32,26,23,66,77,26
91,56,50,8,17,4,1,2,8,4,2,6,0,1,1,0,1,1,0,2007,2007-07-14,3563,3157,417,865,165,17,65,398,320,23,461,23,33,27,23,67,78,26
92,42,36,5,13,0,2,0,4,4,0,3,0,1,1,1,2,0,1,2007,2007-07-15,3605,3193,422,878,165,19,65,402,324,23,464,23,34,28,24,69,78,27
93,35,31,10,10,1,0,2,10,3,0,5,0,0,1,0,2,2,0,2007,2007-07-16,3640,3224,432,888,166,19,67,412,327,23,469,23,34,29,24,71,80,27
94,43,41,3,14,2,0,0,3,2,0,3,0,0,0,0,0,0,0,2007,2007-07-17,3683,3265,435,902,168,19,67,415,329,23,472,23,34,29,24,71,80,27
95,35,32,5,9,0,0,2,5,3,1,4,0,0,0,1,0,1,1,2007,2007-07-18,3718,3297,440,911,168,19,69,420,332,24,476,23,34,29,25,71,81,28
96,49,45,9,19,2,0,2,9,3,0,3,0,0,1,3,1,0,0,2007,2007-07-19,3767,3342,449,930,170,19,71,429,335,24,479,23,34,30,28,72,81,28
97,36,33,1,7,1,0,1,1,3,0,9,0,0,0,0,1,2,0,2007,2007-07-20,3803,3375,450,937,171,19,72,430,338,24,488,23,34,30,28,73,83,28
98,38,34,8,11,3,0,1,7,2,0,4,1,1,0,0,0,0,0,2007,2007-07-21,3841,3409,458,948,174,19,73,437,340,24,492,24,35,30,28,73,83,28
99,42,37,4,7,1,0,2,4,5,2,9,0,0,0,1,0,1,1,2007,2007-07-22,3883,3446,462,955,175,19,75,441,345,26,501,24,35,30,29,73,84,29
100,45,42,10,17,5,0,1,9,1,1,2,1,1,0,0,1,0,0,2007,2007-07-23,3928,3488,472,972,180,19,76,450,346,27,503,25,36,30,29,74,84,29
101,37,33,4,6,3,0,1,4,4,0,5,0,0,0,0,0,2,0,2007,2007-07-24,3965,3521,476,978,183,19,77,454,350,27,508,25,36,30,29,74,86,29
102,31,30,1,6,0,1,1,1,1,0,6,0,0,0,0,2,0,0,2007,2007-07-25,3996,3551,477,984,183,20,78,455,351,27,514,25,36,30,29,76,86,29
103,35,32,5,7,0,0,1,5,2,0,7,0,0,1,1,1,1,0,2007,2007-07-26,4031,3583,482,991,183,20,79,460,353,27,521,25,36,31,30,77,87,29
104,35,34,2,8,2,0,0,2,0,0,5,0,1,0,0,0,0,0,2007,2007-07-28,4066,3617,484,999,185,20,79,462,353,27,526,25,37,31,30,77,87,29
105,44,37,6,12,4,0,1,6,5,0,6,0,1,1,0,0,0,0,2007,2007-07-29,4110,3654,490,1011,189,20,80,468,358,27,532,25,38,32,30,77,87,29
106,36,30,1,5,0,0,0,1,5,1,5,0,1,0,0,1,0,0,2007,2007-07-31,4146,3684,491,1016,189,20,80,469,363,28,537,25,39,32,30,78,87,29
107,34,29,6,7,0,1,1,6,5,0,6,0,0,0,0,1,4,0,2007,2007-08-01,4180,3713,497,1023,189,21,81,475,368,28,543,25,39,32,30,79,91,29
108,42,36,2,11,1,0,0,2,6,1,6,0,0,0,0,1,0,1,2007,2007-08-02,4222,3749,499,1034,190,21,81,477,374,29,549,25,39,32,30,80,91,30
109,30,29,0,3,0,0,0,0,1,0,6,0,0,0,0,0,1,1,2007,2007-08-03,4252,3778,499,1037,190,21,81,477,375,29,555,25,39,32,30,80,92,31
110,41,35,7,9,0,0,2,7,2,0,6,2,0,2,2,1,0,0,2007,2007-08-04,4293,3813,506,1046,190,21,83,484,377,29,561,27,39,34,32,81,92,31
111,34,34,0,7,2,0,0,0,0,0,4,0,0,0,0,0,0,0,2007,2007-08-05,4327,3847,506,1053,192,21,83,484,377,29,565,27,39,34,32,81,92,31
112,35,35,0,8,1,0,0,0,0,0,5,0,0,0,2,2,0,0,2007,2007-08-07,4362,3882,506,1061,193,21,83,484,377,29,570,27,39,34,34,83,92,31
113,31,30,0,4,1,0,0,0,1,0,8,0,0,0,0,0,0,0,2007,2007-08-08,4393,3912,506,1065,194,21,83,484,378,29,578,27,39,34,34,83,92,31
114,48,42,5,14,3,0,1,5,2,0,7,0,1,3,0,1,1,0,2007,2007-08-09,4441,3954,511,1079,197,21,84,489,380,29,585,27,40,37,34,84,93,31
115,32,31,2,6,1,0,1,2,1,0,5,0,0,0,1,1,0,1,2007,2007-08-10,4473,3985,513,1085,198,21,85,491,381,29,590,27,40,37,35,85,93,32
116,33,32,1,5,3,0,0,1,1,0,6,0,0,0,0,0,0,0,2007,2007-08-11,4506,4017,514,1090,201,21,85,492,382,29,596,27,40,37,35,85,93,32
117,37,34,2,9,2,1,0,2,1,0,5,1,0,1,0,1,1,0,2007,2007-08-12,4543,4051,516,1099,203,22,85,494,383,29,601,28,40,38,35,86,94,32
118,34,31,1,6,0,0,0,1,2,1,4,0,0,1,0,2,1,0,2007,2007-08-13,4577,4082,517,1105,203,22,85,495,385,30,605,28,40,39,35,88,95,32
119,38,34,4,10,2,1,1,4,3,0,4,0,1,0,0,1,1,0,2007,2007-08-14,4615,4116,521,1115,205,23,86,499,388,30,609,28,41,39,35,89,96,32
120,36,34,6,11,3,0,2,6,1,0,6,0,0,1,0,0,3,0,2007,2007-08-15,4651,4150,527,1126,208,23,88,505,389,30,615,28,41,40,35,89,99,32
121,36,32,6,8,3,0,0,5,2,0,4,0,1,1,2,0,1,0,2007,2007-08-16,4687,4182,533,1134,211,23,88,510,391,30,619,28,42,41,37,89,100,32
122,34,31,6,10,3,1,1,6,0,0,4,2,0,1,0,0,1,2,2007,2007-08-17,4721,4213,539,1144,214,24,89,516,391,30,623,30,42,42,37,89,101,34
123,56,49,4,9,0,0,1,3,6,0,11,1,0,0,1,2,2,0,2007,2007-08-18,4777,4262,543,1153,214,24,90,519,397,30,634,31,42,42,38,91,103,34
124,36,28,4,9,1,0,0,4,5,0,8,1,1,1,0,0,0,0,2007,2007-08-19,4813,4290,547,1162,215,24,90,523,402,30,642,32,43,43,38,91,103,34
125,35,30,4,7,2,0,2,4,3,0,1,1,1,0,0,0,0,1,2007,2007-08-21,4848,4320,551,1169,217,24,92,527,405,30,643,33,44,43,38,91,103,35
126,50,41,15,18,3,1,1,15,5,3,1,1,0,3,1,1,0,0,2007,2007-08-22,4898,4361,566,1187,220,25,93,542,410,33,644,34,44,46,39,92,103,35
127,39,29,5,7,1,0,0,5,9,0,4,0,1,0,0,3,1,1,2007,2007-08-23,4937,4390,571,1194,221,25,93,547,419,33,648,34,45,46,39,95,104,36
128,41,34,2,8,2,0,0,2,6,0,7,0,0,1,0,1,0,0,2007,2007-08-24,4978,4424,573,1202,223,25,93,549,425,33,655,34,45,47,39,96,104,36
129,32,30,3,7,0,1,2,3,2,0,7,0,0,0,0,2,0,2,2007,2007-08-25,5010,4454,576,1209,223,26,95,552,427,33,662,34,45,47,39,98,104,38
130,42,40,6,13,2,1,0,6,1,0,7,1,0,0,1,0,2,0,2007,2007-08-26,5052,4494,582,1222,225,27,95,558,428,33,669,35,45,47,40,98,106,38
131,34,30,5,10,0,0,0,5,2,0,4,0,0,2,0,1,1,0,2007,2007-08-27,5086,4524,587,1232,225,27,95,563,430,33,673,35,45,49,40,99,107,38
132,36,29,4,8,2,0,1,4,4,0,1,1,1,1,1,1,1,1,2007,2007-08-28,5122,4553,591,1240,227,27,96,567,434,33,674,36,46,50,41,100,108,39
133,53,47,10,14,4,0,3,10,4,1,9,0,1,1,1,0,0,1,2007,2007-08-29,5175,4600,601,1254,231,27,99,577,438,34,683,36,47,51,42,100,108,40
134,39,38,4,12,2,0,0,4,1,0,6,0,0,0,1,1,0,0,2007,2007-08-31,5214,4638,605,1266,233,27,99,581,439,34,689,36,47,51,43,101,108,40
135,31,30,0,3,1,0,0,0,1,0,11,0,0,0,0,0,1,0,2007,2007-09-01,5245,4668,605,1269,234,27,99,581,440,34,700,36,47,51,43,101,109,40
136,42,36,5,11,2,0,0,5,5,1,6,0,1,0,1,1,4,0,2007,2007-09-02,5287,4704,610,1280,236,27,99,586,445,35,706,36,48,51,44,102,113,40
137,45,38,11,13,4,0,0,11,5,0,11,0,1,1,1,0,0,1,2007,2007-09-03,5332,4742,621,1293,240,27,99,597,450,35,717,36,49,52,45,102,113,41
138,41,38,6,14,3,1,0,6,3,1,7,0,0,0,1,0,2,1,2007,2007-09-04,5373,4780,627,1307,243,28,99,603,453,36,724,36,49,52,46,102,115,42
139,35,33,2,8,4,0,0,2,1,0,4,0,0,1,0,0,1,1,2007,2007-09-05,5408,4813,629,1315,247,28,99,605,454,36,728,36,49,53,46,102,116,43
140,39,36,7,10,1,0,3,6,1,1,5,1,1,0,0,0,2,0,2007,2007-09-06,5447,4849,636,1325,248,28,102,611,455,37,733,37,50,53,46,102,118,43
141,36,36,4,10,1,0,2,3,0,0,8,0,0,0,0,0,0,1,2007,2007-09-07,5483,4885,640,1335,249,28,104,614,455,37,741,37,50,53,46,102,118,44
142,38,33,6,7,0,0,1,6,4,0,7,0,1,0,0,0,0,0,2007,2007-09-08,5521,4918,646,1342,249,28,105,620,459,37,748,37,51,53,46,102,118,44
143,35,33,2,8,0,1,2,2,1,1,5,1,0,0,0,1,0,1,2007,2007-09-09,5556,4951,648,1350,249,29,107,622,460,38,753,38,51,53,46,103,118,45
144,40,37,4,11,1,0,2,4,3,1,7,0,0,0,0,1,0,0,2007,2007-09-11,5596,4988,652,1361,250,29,109,626,463,39,760,38,51,53,46,104,118,45
145,33,32,6,10,4,0,2,6,1,0,4,0,0,0,0,0,2,1,2007,2007-09-12,5629,5020,658,1371,254,29,111,632,464,39,764,38,51,53,46,104,120,46
146,35,31,6,11,2,0,0,6,3,0,2,0,1,0,0,2,4,0,2007,2007-09-13,5664,5051,664,1382,256,29,111,638,467,39,766,38,52,53,46,106,124,46
147,40,34,7,11,2,1,1,6,5,0,9,0,1,0,1,1,1,0,2007,2007-09-14,5704,5085,671,1393,258,30,112,644,472,39,775,38,53,53,47,107,125,46
148,37,32,6,8,1,0,2,5,5,0,4,0,0,0,1,0,4,0,2007,2007-09-15,5741,5117,677,1401,259,30,114,649,477,39,779,38,53,53,48,107,129,46
149,34,32,1,9,0,0,1,1,2,0,4,0,0,0,0,2,0,1,2007,2007-09-16,5775,5149,678,1410,259,30,115,650,479,39,783,38,53,53,48,109,129,47
150,37,34,1,7,2,0,1,1,3,1,11,0,0,0,0,0,1,0,2007,,5812,5183,679,1417,261,30,116,651,482,40,794,38,53,53,48,109,130,47
151,41,39,8,13,2,1,3,8,2,0,2,0,0,0,0,1,0,0,2007,,5853,5222,687,1430,263,31,119,659,484,40,796,38,53,53,48,110,130,47
152,43,41,5,15,2,1,0,5,1,0,4,0,1,0,0,0,1,0,2007,2007-09-19,5896,5263,692,1445,265,32,119,664,485,40,800,38,54,53,48,110,131,47
153,36,32,4,7,1,0,2,4,4,0,5,0,0,0,0,1,0,0,2007,2007-09-20,5932,5295,696,1452,266,32,121,668,489,40,805,38,54,53,48,111,131,47
154,41,37,3,12,1,0,0,3,1,0,2,2,1,0,0,1,1,0,2007,2007-09-21,5973,5332,699,1464,267,32,121,671,490,40,807,40,55,53,48,112,132,47
155,38,36,2,8,1,0,0,2,2,0,8,0,0,0,1,0,0,0,2007,2007-09-22,6011,5368,701,1472,268,32,121,673,492,40,815,40,55,53,49,112,132,47
156,42,38,7,15,0,0,2,6,3,0,10,0,0,1,0,1,1,2,2007,2007-09-23,6053,5406,708,1487,268,32,123,679,495,40,825,40,55,54,49,113,133,49
157,43,38,7,12,2,0,3,7,5,0,7,0,0,0,0,1,0,0,2007,2007-09-25,6096,5444,715,1499,270,32,126,686,500,40,832,40,55,54,49,114,133,49
158,37,34,0,8,1,1,0,0,3,0,7,0,0,0,0,1,0,0,2007,2007-09-26,6133,5478,715,1507,271,33,126,686,503,40,839,40,55,54,49,115,133,49
159,35,34,4,7,0,1,0,4,1,0,9,0,0,0,0,0,3,0,2007,2007-09-27,6168,5512,719,1514,271,34,126,690,504,40,848,40,55,54,49,115,136,49
160,36,30,8,10,2,0,1,8,3,0,6,1,1,1,0,1,0,1,2007,2007-09-28,6204,5542,727,1524,273,34,127,698,507,40,854,41,56,55,49,116,136,50
161,45,39,6,14,2,1,1,6,4,1,4,0,2,0,0,0,1,0,2007,2007-09-29,6249,5581,733,1538,275,35,128,704,511,41,858,41,58,55,49,116,137,50
162,33,33,2,6,1,0,1,2,0,0,6,0,0,0,0,0,0,0,2007,2007-09-30,6282,5614,735,1544,276,35,129,706,511,41,864,41,58,55,49,116,137,50
1,50,46,10,17,3,0,0,10,3,0,6,1,0,0,2,0,0,0,2006,2006-04-03,50,46,10,17,3,0,0,10,3,0,6,1,0,0,2,0,0,0
2,37,31,5,10,2,0,1,5,5,0,5,0,0,1,0,2,0,0,2006,2006-04-04,87,77,15,27,5,0,1,15,8,0,11,1,0,1,2,2,0,0
3,44,36,8,12,1,0,0,7,4,0,7,2,0,2,1,1,1,0,2006,2006-04-05,131,113,23,39,6,0,1,22,12,0,18,3,0,3,3,3,1,0
4,42,34,5,7,3,1,0,4,7,1,5,0,1,0,1,1,1,0,2006,2006-04-07,173,147,28,46,9,1,1,26,19,1,23,3,1,3,4,4,2,0
5,37,34,3,5,0,1,1,2,3,1,5,0,0,0,2,0,0,0,2006,,210,181,31,51,9,2,2,28,22,2,28,3,1,3,6,4,2,0
6,43,41,6,15,5,0,0,6,1,0,7,1,0,0,0,0,0,0,2006,,253,222,37,66,14,2,2,34,23,2,35,4,1,3,6,4,2,0
7,41,37,8,11,1,2,2,8,4,0,3,0,0,0,0,1,1,0,2006,2006-04-10,294,259,45,77,15,4,4,42,27,2,38,4,1,3,6,5,3,0
8,41,39,6,12,0,0,3,6,2,0,5,0,0,0,0,0,2,0,2006,2006-04-11,335,298,51,89,15,4,7,48,29,2,43,4,1,3,6,5,5,0
9,42,39,5,14,2,0,1,5,3,0,4,0,0,0,0,2,0,0,2006,2006-04-12,377,337,56,103,17,4,8,53,32,2,47,4,1,3,6,7,5,0
10,50,41,13,15,3,0,3,13,8,0,7,1,0,0,0,0,1,1,2006,2006-04-13,427,378,69,118,20,4,11,66,40,2,54,5,1,3,6,7,6,1
11,34,32,1,6,2,0,1,1,2,0,5,0,0,0,0,1,2,0,2006,2006-04-14,461,410,70,124,22,4,12,67,42,2,59,5,1,3,6,8,8,1
12,35,25,3,5,1,1,0,3,9,1,5,0,1,0,0,1,2,0,2006,2006-04-15,496,435,73,129,23,5,12,70,51,3,64,5,2,3,6,9,10,1
13,34,27,0,3,0,0,0,0,5,0,3,1,1,0,0,1,1,0,2006,2006-04-16,530,462,73,132,23,5,12,70,56,3,67,6,3,3,6,10,11,1
14,29,28,1,3,1,0,0,1,0,0,7,0,1,0,0,0,0,1,2006,2006-04-17,559,490,74,135,24,5,12,71,56,3,74,6,4,3,6,10,11,2
15,39,30,2,6,2,0,0,2,7,1,5,1,1,0,0,0,1,1,2006,2006-04-18,598,520,76,141,26,5,12,73,63,4,79,7,5,3,6,10,12,3
16,40,34,4,7,0,0,1,4,6,0,7,0,0,0,1,0,2,0,2006,2006-04-19,638,554,80,148,26,5,13,77,69,4,86,7,5,3,7,10,14,3
17,34,33,6,11,3,0,1,6,1,0,4,0,0,0,0,1,3,0,2006,2006-04-21,672,587,86,159,29,5,14,83,70,4,90,7,5,3,7,11,17,3
18,39,34,4,8,2,1,0,4,3,0,8,1,0,1,0,0,2,0,2006,2006-04-22,711,621,90,167,31,6,14,87,73,4,98,8,5,4,7,11,19,3
19,40,29,6,8,3,0,1,6,9,1,6,0,2,0,0,0,1,1,2006,2006-04-23,751,650,96,175,34,6,15,93,82,5,104,8,7,4,7,11,20,4
20,36,31,6,6,1,1,2,6,5,0,7,0,0,0,0,2,0,0,2006,2006-04-24,787,681,102,181,35,7,17,99,87,5,111,8,7,4,7,13,20,4
21,60,51,3,10,2,0,0,3,8,3,9,0,0,1,0,0,3,0,2006,2006-04-25,847,732,105,191,37,7,17,102,95,8,120,8,7,5,7,13,23,4
22,41,37,5,10,2,0,1,5,2,0,7,1,1,0,1,0,0,0,2006,2006-04-26,888,769,110,201,39,7,18,107,97,8,127,9,8,5,8,13,23,4
23,38,34,3,8,1,0,0,3,4,1,7,0,0,0,0,1,2,0,2006,2006-04-28,926,803,113,209,40,7,18,110,101,9,134,9,8,5,8,14,25,4
24,36,27,4,5,0,0,1,4,6,1,4,0,1,2,0,2,0,0,2006,2006-04-29,962,830,117,214,40,7,19,114,107,10,138,9,9,7,8,16,25,4
25,40,37,5,6,0,0,1,5,3,1,9,0,0,0,1,0,2,0,2006,2006-04-30,1002,867,122,220,40,7,20,119,110,11,147,9,9,7,9,16,27,4
26,35,34,2,8,2,0,0,2,1,0,5,0,0,0,1,2,0,0,2006,2006-05-01,1037,901,124,228,42,7,20,121,111,11,152,9,9,7,10,18,27,4
27,44,37,8,13,3,3,2,8,7,0,3,0,0,0,0,2,1,0,2006,2006-05-02,1081,938,132,241,45,10,22,129,118,11,155,9,9,7,10,20,28,4
28,35,31,5,6,0,0,3,5,3,0,4,0,1,0,0,1,1,0,2006,2006-05-03,1116,969,137,247,45,10,25,134,121,11,159,9,10,7,10,21,29,4
29,32,28,0,2,0,0,0,0,4,0,7,0,0,0,0,0,0,1,2006,2006-05-04,1148,997,137,249,45,10,25,134,125,11,166,9,10,7,10,21,29,5
30,39,32,4,13,3,0,0,4,3,0,3,0,4,0,0,2,0,0,2006,2006-05-05,1187,1029,141,262,48,10,25,138,128,11,169,9,14,7,10,23,29,5
31,39,30,5,7,5,0,0,5,8,0,5,0,0,1,0,1,3,0,2006,2006-05-06,1226,1059,146,269,53,10,25,143,136,11,174,9,14,8,10,24,32,5
32,39,37,10,14,3,0,3,10,1,0,7,0,1,0,2,0,3,0,2006,2006-05-07,1265,1096,156,283,56,10,28,153,137,11,181,9,15,8,12,24,35,5
33,42,37,12,14,4,0,3,12,4,0,7,0,1,0,1,0,1,0,2006,2006-05-09,1307,1133,168,297,60,10,31,165,141,11,188,9,16,8,13,24,36,5
34,38,35,9,13,2,0,3,9,3,1,5,0,0,0,0,2,1,0,2006,2006-05-10,1345,1168,177,310,62,10,34,174,144,12,193,9,16,8,13,26,37,5
35,38,31,2,6,1,1,1,2,7,0,6,0,0,0,0,1,0,1,2006,2006-05-11,1383,1199,179,316,63,11,35,176,151,12,199,9,16,8,13,27,37,6
36,40,36,6,11,3,0,0,6,2,0,2,0,2,0,0,0,2,0,2006,2006-05-12,1423,1235,185,327,66,11,35,182,153,12,201,9,18,8,13,27,39,6
37,41,33,5,9,0,1,2,5,8,0,3,0,0,0,0,3,0,0,2006,2006-05-13,1464,1268,190,336,66,12,37,187,161,12,204,9,18,8,13,30,39,6
38,38,31,6,7,0,0,1,4,6,0,4,0,0,1,1,0,0,2,2006,2006-05-14,1502,1299,196,343,66,12,38,191,167,12,208,9,18,9,14,30,39,8
39,42,34,5,9,4,0,1,5,6,1,6,2,0,0,0,1,0,0,2006,2006-05-15,1544,1333,201,352,70,12,39,196,173,13,214,11,18,9,14,31,39,8
40,37,31,1,6,1,1,0,1,5,0,6,0,1,0,0,0,2,0,2006,2006-05-16,1581,1364,202,358,71,13,39,197,178,13,220,11,19,9,14,31,41,8
41,38,35,3,8,1,0,0,3,3,0,6,0,0,0,0,0,0,0,2006,2006-05-17,1619,1399,205,366,72,13,39,200,181,13,226,11,19,9,14,31,41,8
42,53,47,16,25,4,1,1,16,3,1,7,1,1,1,1,1,1,1,2006,2006-05-19,1672,1446,221,391,76,14,40,216,184,14,233,12,20,10,15,32,42,9
43,38,34,8,10,1,0,2,7,4,0,10,0,0,0,0,0,0,0,2006,2006-05-20,1710,1480,229,401,77,14,42,223,188,14,243,12,20,10,15,32,42,9
44,34,33,7,10,2,0,1,7,1,0,4,0,0,0,0,1,0,0,2006,2006-05-21,1744,1513,236,411,79,14,43,230,189,14,247,12,20,10,15,33,42,9
45,41,31,6,9,2,0,0,6,8,2,2,1,1,0,1,1,0,1,2006,2006-05-22,1785,1544,242,420,81,14,43,236,197,16,249,13,21,10,16,34,42,10
46,40,35,8,14,4,2,0,8,2,0,5,1,0,2,1,1,0,1,2006,2006-05-23,1825,1579,250,434,85,16,43,244,199,16,254,14,21,12,17,35,42,11
47,40,33,7,12,1,0,0,7,5,2,6,1,1,0,0,0,1,0,2006,2006-05-24,1865,1612,257,446,86,16,43,251,204,18,260,15,22,12,17,35,43,11
48,40,36,4,9,2,0,1,4,3,0,7,1,0,0,1,0,0,0,2006,2006-05-26,1905,1648,261,455,88,16,44,255,207,18,267,16,22,12,18,35,43,11
49,37,31,3,9,1,0,0,2,2,0,3,1,2,1,1,2,0,1,2006,2006-05-27,1942,1679,264,464,89,16,44,257,209,18,270,17,24,13,19,37,43,12
50,39,33,4,6,1,0,1,4,4,0,6,2,0,0,0,0,0,0,2006,2006-05-28,1981,1712,268,470,90,16,45,261,213,18,276,19,24,13,19,37,43,12
51,46,38,12,15,2,0,1,11,6,2,6,0,0,2,1,4,2,0,2006,2006-05-29,2027,1750,280,485,92,16,46,272,219,20,282,19,24,15,20,41,45,12
52,43,39,8,13,4,0,1,8,3,2,5,0,1,0,0,0,0,0,2006,2006-05-30,2070,1789,288,498,96,16,47,280,222,22,287,19,25,15,20,41,45,12
53,36,34,3,7,2,1,1,3,2,0,10,0,0,0,0,0,0,0,2006,2006-05-31,2106,1823,291,505,98,17,48,283,224,22,297,19,25,15,20,41,45,12
54,37,32,7,9,1,0,3,7,5,0,7,0,0,0,1,1,2,1,2006,2006-06-01,2143,1855,298,514,99,17,51,290,229,22,304,19,25,15,21,42,47,13
55,40,35,6,10,3,0,1,6,5,0,3,0,0,0,0,1,1,1,2006,2006-06-02,2183,1890,304,524,102,17,52,296,234,22,307,19,25,15,21,43,48,14
56,40,35,8,14,5,0,1,8,4,0,1,0,1,0,0,2,0,0,2006,2006-06-03,2223,1925,312,538,107,17,53,304,238,22,308,19,26,15,21,45,48,14
57,37,33,4,9,1,0,1,3,4,0,5,0,0,0,1,4,1,0,2006,2006-06-04,2260,1958,316,547,108,17,54,307,242,22,313,19,26,15,22,49,49,14
58,36,35,1,8,1,0,1,1,1,0,9,0,0,0,0,0,0,0,2006,2006-06-05,2296,1993,317,555,109,17,55,308,243,22,322,19,26,15,22,49,49,14
59,40,36,8,13,1,0,2,7,4,1,9,0,0,0,0,2,3,0,2006,2006-06-06,2336,2029,325,568,110,17,57,315,247,23,331,19,26,15,22,51,52,14
60,37,33,7,10,1,0,3,7,4,0,2,0,0,0,0,3,0,0,2006,2006-06-07,2373,2062,332,578,111,17,60,322,251,23,333,19,26,15,22,54,52,14
61,39,36,3,10,2,2,0,3,3,1,7,0,0,0,0,0,1,0,2006,2006-06-09,2412,2098,335,588,113,19,60,325,254,24,340,19,26,15,22,54,53,14
62,44,37,9,14,3,1,1,8,4,0,10,1,1,1,0,1,1,0,2006,2006-06-10,2456,2135,344,602,116,20,61,333,258,24,350,20,27,16,22,55,54,14
63,38,34,6,10,4,0,2,6,4,1,1,0,0,0,0,2,0,1,2006,2006-06-11,2494,2169,350,612,120,20,63,339,262,25,351,20,27,16,22,57,54,15
64,37,34,1,8,1,0,0,1,3,0,9,0,0,0,0,1,0,0,2006,2006-06-13,2531,2203,351,620,121,20,63,340,265,25,360,20,27,16,22,58,54,15
65,35,33,3,6,0,0,2,3,2,0,7,0,0,0,0,0,0,0,2006,2006-06-14,2566,2236,354,626,121,20,65,343,267,25,367,20,27,16,22,58,54,15
66,42,34,7,9,1,1,0,7,5,2,9,1,0,2,0,0,0,0,2006,2006-06-15,2608,2270,361,635,122,21,65,350,272,27,376,21,27,18,22,58,54,15
67,34,34,3,8,3,0,0,3,0,0,11,0,0,0,0,1,0,0,2006,2006-06-16,2642,2304,364,643,125,21,65,353,272,27,387,21,27,18,22,59,54,15
68,70,58,4,15,4,2,0,4,9,3,5,0,2,1,0,3,4,0,2006,2006-06-17,2712,2362,368,658,129,23,65,357,281,30,392,21,29,19,22,62,58,15
69,35,33,2,9,0,0,1,2,1,0,4,1,0,0,0,2,1,0,2006,2006-06-18,2747,2395,370,667,129,23,66,359,282,30,396,22,29,19,22,64,59,15
70,40,37,4,11,3,0,0,3,2,0,6,0,0,1,0,0,0,0,2006,2006-06-20,2787,2432,374,678,132,23,66,362,284,30,402,22,29,20,22,64,59,15
71,38,36,5,9,1,0,1,5,2,0,7,0,0,0,0,0,0,0,2006,2006-06-21,2825,2468,379,687,133,23,67,367,286,30,409,22,29,20,22,64,59,15
72,40,37,4,14,0,0,0,4,2,0,9,0,1,0,1,0,0,1,2006,2006-06-22,2865,2505,383,701,133,23,67,371,288,30,418,22,30,20,23,64,59,16
73,42,31,10,12,2,0,1,9,8,0,5,0,1,2,0,2,0,0,2006,2006-06-23,2907,2536,393,713,135,23,68,380,296,30,423,22,31,22,23,66,59,16
74,38,37,7,13,2,0,1,7,1,0,5,0,0,0,1,0,1,0,2006,2006-06-24,2945,2573,400,726,137,23,69,387,297,30,428,22,31,22,24,66,60,16
75,39,37,7,14,2,0,1,7,2,0,4,0,0,0,0,0,2,1,2006,2006-06-25,2984,2610,407,740,139,23,70,394,299,30,432,22,31,22,24,66,62,17
76,33,32,2,6,1,0,0,2,0,0,4,0,0,1,0,0,1,0,2006,2006-06-26,3017,2642,409,746,140,23,70,396,299,30,436,22,31,23,24,66,63,17
77,34,34,2,6,0,0,2,2,0,0,9,0,0,0,2,1,0,0,2006,2006-06-27,3051,2676,411,752,140,23,72,398,299,30,445,22,31,23,26,67,63,17
78,36,32,3,5,3,0,0,3,4,0,14,0,0,0,0,0,0,0,2006,2006-06-28,3087,2708,414,757,143,23,72,401,303,30,459,22,31,23,26,67,63,17
79,38,38,6,13,4,0,1,5,0,0,3,0,0,0,0,0,0,1,2006,2006-06-30,3125,2746,420,770,147,23,73,406,303,30,462,22,31,23,26,67,63,18
80,39,35,2,10,2,0,0,2,4,0,9,0,0,0,1,1,0,0,2006,2006-07-01,3164,2781,422,780,149,23,73,408,307,30,471,22,31,23,27,68,63,18
81,33,32,0,5,2,0,0,0,1,0,15,0,0,0,0,0,1,0,2006,2006-07-02,3197,2813,422,785,151,23,73,408,308,30,486,22,31,23,27,68,64,18
82,47,40,10,15,5,0,0,10,2,1,8,4,0,1,2,0,0,0,2006,2006-07-03,3244,2853,432,800,156,23,73,418,310,31,494,26,31,24,29,68,64,18
83,40,32,11,13,3,1,0,11,3,0,3,1,2,2,1,0,0,1,2006,2006-07-04,3284,2885,443,813,159,24,73,429,313,31,497,27,33,26,30,68,64,19
84,39,35,5,11,3,1,1,4,4,0,6,0,0,0,1,0,2,1,2006,2006-07-05,3323,2920,448,824,162,25,74,433,317,31,503,27,33,26,31,68,66,20
85,40,32,4,7,1,0,0,3,5,0,6,2,0,1,0,1,0,0,2006,2006-07-06,3363,2952,452,831,163,25,74,436,322,31,509,29,33,27,31,69,66,20
86,43,35,9,15,4,1,1,8,6,0,6,0,2,0,0,0,3,0,2006,2006-07-07,3406,2987,461,846,167,26,75,444,328,31,515,29,35,27,31,69,69,20
87,47,41,7,16,1,0,1,7,4,0,4,0,2,0,0,0,1,0,2006,2006-07-08,3453,3028,468,862,168,26,76,451,332,31,519,29,37,27,31,69,70,20
88,33,29,3,7,2,1,0,3,2,0,5,0,1,1,0,0,1,0,2006,2006-07-09,3486,3057,471,869,170,27,76,454,334,31,524,29,38,28,31,69,71,20
89,55,51,2,11,4,0,1,2,4,1,8,0,0,0,0,1,1,1,2006,2006-07-13,3541,3108,473,880,174,27,77,456,338,32,532,29,38,28,31,70,72,21
90,29,28,0,2,0,0,0,0,0,0,7,1,0,0,0,1,0,0,2006,2006-07-14,3570,3136,473,882,174,27,77,456,338,32,539,30,38,28,31,71,72,21
91,42,36,1,6,2,0,0,1,5,1,9,1,0,0,0,0,0,0,2006,2006-07-15,3612,3172,474,888,176,27,77,457,343,33,548,31,38,28,31,71,72,21
92,35,34,3,11,2,0,1,3,1,0,7,0,0,0,0,3,1,0,2006,2006-07-16,3647,3206,477,899,178,27,78,460,344,33,555,31,38,28,31,74,73,21
93,37,33,3,10,3,0,0,3,1,0,2,1,1,1,0,2,0,0,2006,2006-07-17,3684,3239,480,909,181,27,78,463,345,33,557,32,39,29,31,76,73,21
94,39,33,4,10,4,1,0,4,4,0,6,1,0,1,0,1,0,2,2006,2006-07-18,3723,3272,484,919,185,28,78,467,349,33,563,33,39,30,31,77,73,23
95,33,31,0,6,1,0,0,0,2,0,2,0,0,0,0,1,1,0,2006,2006-07-19,3756,3303,484,925,186,28,78,467,351,33,565,33,39,30,31,78,74,23
96,34,32,2,8,3,0,0,1,2,0,5,0,0,0,1,4,0,0,2006,2006-07-20,3790,3335,486,933,189,28,78,468,353,33,570,33,39,30,32,82,74,23
97,36,31,0,6,2,0,0,0,4,0,5,1,0,0,1,1,1,1,2006,2006-07-21,3826,3366,486,939,191,28,78,468,357,33,575,34,39,30,33,83,75,24
98,39,35,1,6,3,0,0,1,3,0,4,1,0,0,2,0,1,0,2006,2006-07-22,3865,3401,487,945,194,28,78,469,360,33,579,35,39,30,35,83,76,24
99,34,32,1,5,2,0,0,1,2,0,3,0,0,0,1,1,1,0,2006,2006-07-23,3899,3433,488,950,196,28,78,470,362,33,582,35,39,30,36,84,77,24
100,45,41,6,10,2,1,2,6,4,1,8,0,0,0,0,0,3,2,2006,2006-07-24,3944,3474,494,960,198,29,80,476,366,34,590,35,39,30,36,84,80,26
101,36,34,3,10,1,0,1,3,0,0,3,1,1,0,0,1,0,0,2006,2006-07-25,3980,3508,497,970,199,29,81,479,366,34,593,36,40,30,36,85,80,26
102,39,35,3,7,3,0,1,3,4,0,9,0,0,0,1,0,0,0,2006,2006-07-26,4019,3543,500,977,202,29,82,482,370,34,602,36,40,30,37,85,80,26
103,45,38,13,12,0,1,3,12,5,0,7,2,0,0,3,1,0,0,2006,2006-07-28,4064,3581,513,989,202,30,85,494,375,34,609,38,40,30,40,86,80,26
104,36,28,7,8,1,0,2,6,5,1,3,2,0,1,0,2,1,1,2006,2006-07-29,4100,3609,520,997,203,30,87,500,380,35,612,40,40,31,40,88,81,27
105,36,33,4,11,6,0,3,4,3,1,4,0,0,0,0,1,0,0,2006,2006-07-30,4136,3642,524,1008,209,30,90,504,383,36,616,40,40,31,40,89,81,27
106,47,43,10,17,4,0,1,10,4,0,8,0,0,0,1,1,1,1,2006,2006-08-01,4183,3685,534,1025,213,30,91,514,387,36,624,40,40,31,41,90,82,28
107,41,35,5,7,2,1,0,5,6,0,8,0,0,0,1,0,2,0,2006,2006-08-02,4224,3720,539,1032,215,31,91,519,393,36,632,40,40,31,42,90,84,28
108,36,33,3,9,2,2,1,3,2,1,4,0,1,0,0,1,0,1,2006,2006-08-03,4260,3753,542,1041,217,33,92,522,395,37,636,40,41,31,42,91,84,29
109,38,36,6,11,2,1,2,5,2,0,5,0,0,0,0,1,0,1,2006,2006-08-04,4298,3789,548,1052,219,34,94,527,397,37,641,40,41,31,42,92,84,30
110,45,42,10,15,2,2,0,10,3,0,5,0,0,0,2,1,1,0,2006,2006-08-05,4343,3831,558,1067,221,36,94,537,400,37,646,40,41,31,44,93,85,30
111,43,38,7,11,3,0,0,6,5,0,10,0,0,0,1,1,1,0,2006,2006-08-06,4386,3869,565,1078,224,36,94,543,405,37,656,40,41,31,45,94,86,30
112,40,34,7,11,3,1,1,7,5,0,5,1,0,0,1,1,3,1,2006,2006-08-07,4426,3903,572,1089,227,37,95,550,410,37,661,41,41,31,46,95,89,31
113,33,29,4,10,0,0,2,4,4,2,4,0,0,0,0,2,3,2,2006,2006-08-08,4459,3932,576,1099,227,37,97,554,414,39,665,41,41,31,46,97,92,33
114,36,28,1,6,1,1,0,1,4,3,2,2,1,1,0,1,1,2,2006,2006-08-09,4495,3960,577,1105,228,38,97,555,418,42,667,43,42,32,46,98,93,35
115,38,33,4,9,1,1,1,4,4,0,7,0,0,1,1,1,1,0,2006,2006-08-10,4533,3993,581,1114,229,39,98,559,422,42,674,43,42,33,47,99,94,35
116,38,30,3,8,2,0,1,3,5,1,6,0,1,2,1,0,0,0,2006,2006-08-11,4571,4023,584,1122,231,39,99,562,427,43,680,43,43,35,48,99,94,35
117,38,34,6,14,2,1,1,6,3,0,6,0,1,0,0,2,1,1,2006,2006-08-12,4609,4057,590,1136,233,40,100,568,430,43,686,43,44,35,48,101,95,36
118,35,34,1,6,1,0,1,1,1,0,9,0,0,0,1,0,1,0,2006,2006-08-13,4644,4091,591,1142,234,40,101,569,431,43,695,43,44,35,49,101,96,36
119,38,31,4,8,0,0,1,4,7,2,10,0,0,0,0,1,1,0,2006,2006-08-14,4682,4122,595,1150,234,40,102,573,438,45,705,43,44,35,49,102,97,36
120,39,31,4,8,2,0,0,4,7,1,3,0,1,0,0,0,0,0,2006,2006-08-15,4721,4153,599,1158,236,40,102,577,445,46,708,43,45,35,49,102,97,36
121,36,32,4,7,3,0,0,4,3,0,3,0,1,0,1,1,2,0,2006,2006-08-16,4757,4185,603,1165,239,40,102,581,448,46,711,43,46,35,50,103,99,36
122,36,31,3,5,0,0,0,3,4,0,6,0,0,1,0,0,1,0,2006,2006-08-18,4793,4216,606,1170,239,40,102,584,452,46,717,43,46,36,50,103,100,36
123,45,38,14,17,3,2,0,12,3,1,5,0,1,3,1,3,0,0,2006,2006-08-19,4838,4254,620,1187,242,42,102,596,455,47,722,43,47,39,51,106,100,36
124,36,35,5,9,2,0,2,5,1,0,7,0,0,0,0,0,1,0,2006,2006-08-20,4874,4289,625,1196,244,42,104,601,456,47,729,43,47,39,51,106,101,36
125,32,30,2,6,0,0,0,2,1,0,3,1,0,0,0,2,0,1,2006,2006-08-21,4906,4319,627,1202,244,42,104,603,457,47,732,44,47,39,51,108,101,37
126,35,33,0,5,1,0,0,0,2,0,9,0,0,0,1,0,1,0,2006,2006-08-22,4941,4352,627,1207,245,42,104,603,459,47,741,44,47,39,52,108,102,37
127,33,33,2,7,0,1,1,2,0,0,6,0,0,0,0,1,0,0,2006,2006-08-23,4974,4385,629,1214,245,43,105,605,459,47,747,44,47,39,52,109,102,37
128,63,60,7,14,2,1,3,7,3,0,12,0,0,0,1,0,1,0,2006,2006-08-25,5037,4445,636,1228,247,44,108,612,462,47,759,44,47,39,53,109,103,37
129,35,31,4,5,2,0,1,4,4,1,3,0,0,0,0,1,0,1,2006,2006-08-26,5072,4476,640,1233,249,44,109,616,466,48,762,44,47,39,53,110,103,38
130,41,37,6,12,2,1,1,6,3,1,10,0,1,0,0,1,1,0,2006,2006-08-27,5113,4513,646,1245,251,45,110,622,469,49,772,44,48,39,53,111,104,38
131,39,31,6,12,2,0,1,6,7,1,0,0,1,0,0,1,1,2,2006,2006-08-28,5152,4544,652,1257,253,45,111,628,476,50,772,44,49,39,53,112,105,40
132,63,55,6,13,2,0,3,6,6,0,10,0,1,1,1,2,0,0,2006,2006-08-29,5215,4599,658,1270,255,45,114,634,482,50,782,44,50,40,54,114,105,40
133,39,34,7,13,2,1,3,7,3,0,7,0,2,0,0,0,1,0,2006,2006-08-30,5254,4633,665,1283,257,46,117,641,485,50,789,44,52,40,54,114,106,40
134,36,31,6,9,2,0,1,5,4,0,4,0,0,1,0,0,1,0,2006,2006-09-01,5290,4664,671,1292,259,46,118,646,489,50,793,44,52,41,54,114,107,40
135,46,38,14,15,5,0,3,13,6,2,7,1,0,1,1,2,0,0,2006,2006-09-02,5336,4702,685,1307,264,46,121,659,495,52,800,45,52,42,55,116,107,40
136,43,38,5,13,3,1,1,5,5,1,5,0,0,0,0,2,1,0,2006,2006-09-03,5379,4740,690,1320,267,47,122,664,500,53,805,45,52,42,55,118,108,40
137,35,34,3,9,3,0,0,3,1,0,7,0,0,0,0,1,1,0,2006,2006-09-04,5414,4774,693,1329,270,47,122,667,501,53,812,45,52,42,55,119,109,40
138,30,29,0,4,0,0,0,0,1,0,8,0,0,0,0,1,0,1,2006,2006-09-05,5444,4803,693,1333,270,47,122,667,502,53,820,45,52,42,55,120,109,41
139,34,28,2,5,2,1,0,2,3,0,3,0,2,1,0,1,0,0,2006,2006-09-06,5478,4831,695,1338,272,48,122,669,505,53,823,45,54,43,55,121,109,41
140,38,36,0,7,2,0,0,0,1,0,6,1,0,0,2,0,0,0,2006,2006-09-07,5516,4867,695,1345,274,48,122,669,506,53,829,46,54,43,57,121,109,41
141,41,36,5,9,2,0,2,3,4,1,6,0,1,0,1,0,0,0,2006,2006-09-08,5557,4903,700,1354,276,48,124,672,510,54,835,46,55,43,58,121,109,41
142,33,30,2,5,1,0,0,2,1,0,7,0,2,0,1,0,0,1,2006,2006-09-09,5590,4933,702,1359,277,48,124,674,511,54,842,46,57,43,59,121,109,42
143,45,39,9,14,0,2,1,9,4,0,5,0,1,1,0,0,2,0,2006,2006-09-10,5635,4972,711,1373,277,50,125,683,515,54,847,46,58,44,59,121,111,42
144,54,44,8,8,1,0,1,7,7,0,7,1,2,0,5,0,0,0,2006,2006-09-12,5689,5016,719,1381,278,50,126,690,522,54,854,47,60,44,64,121,111,42
145,40,34,6,11,3,0,1,6,5,1,8,0,0,1,0,1,0,2,2006,2006-09-13,5729,5050,725,1392,281,50,127,696,527,55,862,47,60,45,64,122,111,44
146,36,30,5,4,0,0,2,5,5,0,7,0,1,0,0,0,0,0,2006,2006-09-14,5765,5080,730,1396,281,50,129,701,532,55,869,47,61,45,64,122,111,44
147,35,30,3,9,1,0,0,3,3,1,3,1,0,1,0,2,3,0,2006,2006-09-15,5800,5110,733,1405,282,50,129,704,535,56,872,48,61,46,64,124,114,44
148,36,34,2,8,1,0,1,1,2,0,6,0,0,0,0,1,0,0,2006,2006-09-16,5836,5144,735,1413,283,50,130,705,537,56,878,48,61,46,64,125,114,44
149,38,31,1,4,0,0,1,1,7,1,9,0,0,0,0,0,3,0,2006,2006-09-17,5874,5175,736,1417,283,50,131,706,544,57,887,48,61,46,64,125,117,44
150,48,44,11,19,5,1,7,11,3,1,7,0,1,0,0,2,1,0,2006,2006-09-18,5922,5219,747,1436,288,51,138,717,547,58,894,48,62,46,64,127,118,44
151,39,33,6,7,0,1,2,6,5,0,9,0,1,0,1,2,0,0,2006,2006-09-19,5961,5252,753,1443,288,52,140,723,552,58,903,48,63,46,65,129,118,44
152,40,33,4,7,0,1,1,4,5,0,4,2,0,0,1,1,1,1,2006,2006-09-20,6001,5285,757,1450,288,53,141,727,557,58,907,50,63,46,66,130,119,45
153,35,28,5,6,0,0,1,5,6,0,8,0,1,0,0,0,0,0,2006,2006-09-21,6036,5313,762,1456,288,53,142,732,563,58,915,50,64,46,66,130,119,45
154,33,30,2,8,2,0,1,2,3,1,2,0,0,0,0,2,0,0,2006,2006-09-22,6069,5343,764,1464,290,53,143,734,566,59,917,50,64,46,66,132,119,45
155,35,32,3,7,4,0,0,3,3,0,1,0,0,0,0,2,2,0,2006,2006-09-23,6104,5375,767,1471,294,53,143,737,569,59,918,50,64,46,66,134,121,45
156,39,31,5,7,1,0,1,5,7,1,4,0,1,0,0,0,0,1,2006,2006-09-24,6143,5406,772,1478,295,53,144,742,576,60,922,50,65,46,66,134,121,46
157,47,41,11,17,1,2,2,10,6,1,1,0,0,0,1,2,2,1,2006,2006-09-26,6190,5447,783,1495,296,55,146,752,582,61,923,50,65,46,67,136,123,47
158,37,36,6,12,1,2,1,6,1,0,5,0,0,0,0,2,0,0,2006,2006-09-27,6227,5483,789,1507,297,57,147,758,583,61,928,50,65,46,67,138,123,47
159,51,42,19,17,5,0,4,18,8,0,7,1,0,0,1,2,1,0,2006,2006-09-28,6278,5525,808,1524,302,57,151,776,591,61,935,51,65,46,68,140,124,47
160,36,34,4,7,0,0,1,3,2,0,7,0,0,0,0,0,0,0,2006,2006-09-29,6314,5559,812,1531,302,57,152,779,593,61,942,51,65,46,68,140,124,47
161,40,34,4,11,3,1,0,4,3,0,7,0,1,2,0,0,2,0,2006,2006-09-30,6354,5593,816,1542,305,58,152,783,596,61,949,51,66,48,68,140,126,47
162,40,35,4,10,2,0,1,4,5,0,10,0,0,0,0,0,2,2,2006,2006-10-01,6394,5628,820,1552,307,58,153,787,601,61,959,51,66,48,68,140,128,49
1,33,30,2,5,0,0,1,2,2,0,11,0,0,1,0,1,1,0,2005,2005-04-05,33,30,2,5,0,0,1,2,2,0,11,0,0,1,0,1,1,0
2,43,41,10,14,3,2,1,10,2,0,5,0,0,0,2,1,0,0,2005,2005-04-06,76,71,12,19,3,2,2,12,4,0,16,0,0,1,2,2,1,0
3,44,33,6,8,2,0,0,6,8,1,7,2,0,1,0,1,2,0,2005,2005-04-07,120,104,18,27,5,2,2,18,12,1,23,2,0,2,2,3,3,0
4,40,38,8,11,3,0,2,8,2,0,5,0,0,0,1,1,1,0,2005,2005-04-08,160,142,26,38,8,2,4,26,14,1,28,2,0,2,3,4,4,0
5,53,44,12,12,2,1,1,12,8,0,8,0,0,1,0,1,0,0,2005,2005-04-09,213,186,38,50,10,3,5,38,22,1,36,2,0,3,3,5,4,0
6,42,37,4,12,1,0,1,3,3,0,2,1,1,0,1,2,0,0,2005,2005-04-10,255,223,42,62,11,3,6,41,25,1,38,3,1,3,4,7,4,0
7,41,35,9,10,3,0,1,8,4,0,2,1,0,1,1,1,0,0,2005,2005-04-12,296,258,51,72,14,3,7,49,29,1,40,4,1,4,5,8,4,0
8,36,33,4,10,4,0,2,4,2,0,7,0,1,0,0,0,0,0,2005,2005-04-13,332,291,55,82,18,3,9,53,31,1,47,4,2,4,5,8,4,0
9,34,31,4,8,0,0,2,4,3,0,6,0,0,0,0,1,0,0,2005,2005-04-15,366,322,59,90,18,3,11,57,34,1,53,4,2,4,5,9,4,0
10,37,31,8,11,2,0,1,7,5,0,7,0,0,1,0,1,2,0,2005,2005-04-16,403,353,67,101,20,3,12,64,39,1,60,4,2,5,5,10,6,0
11,36,32,6,11,3,0,3,6,1,0,10,1,1,1,0,0,1,0,2005,2005-04-17,439,385,73,112,23,3,15,70,40,1,70,5,3,6,5,10,7,0
12,42,36,7,11,2,0,3,7,6,1,8,0,0,0,0,1,1,1,2005,2005-04-18,481,421,80,123,25,3,18,77,46,2,78,5,3,6,5,11,8,1
13,43,39,8,11,4,0,2,8,4,0,7,0,0,0,0,1,1,1,2005,2005-04-19,524,460,88,134,29,3,20,85,50,2,85,5,3,6,5,12,9,2
14,44,36,3,9,1,1,1,3,7,1,8,0,1,0,0,0,0,0,2005,2005-04-20,568,496,91,143,30,4,21,88,57,3,93,5,4,6,5,12,9,2
15,36,32,1,6,2,0,0,1,2,0,5,1,0,1,1,1,0,0,2005,2005-04-21,604,528,92,149,32,4,21,89,59,3,98,6,4,7,6,13,9,2
16,37,35,1,10,0,0,1,1,2,0,6,0,0,0,0,2,1,0,2005,2005-04-22,641,563,93,159,32,4,22,90,61,3,104,6,4,7,6,15,10,2
17,49,37,6,12,1,0,0,6,7,0,4,3,1,1,1,1,0,0,2005,2005-04-23,690,600,99,171,33,4,22,96,68,3,108,9,5,8,7,16,10,2
18,42,32,8,11,3,0,0,8,2,0,4,4,1,3,0,0,0,1,2005,2005-04-24,732,632,107,182,36,4,22,104,70,3,112,13,6,11,7,16,10,3
19,32,30,2,5,0,0,2,2,2,0,10,0,0,0,0,2,0,0,2005,2005-04-25,764,662,109,187,36,4,24,106,72,3,122,13,6,11,7,18,10,3
20,39,35,2,10,0,1,1,2,2,0,5,1,0,1,0,0,0,1,2005,2005-04-26,803,697,111,197,36,5,25,108,74,3,127,14,6,12,7,18,10,4
21,37,34,3,9,1,0,1,3,2,0,6,0,1,0,0,0,0,0,2005,2005-04-27,840,731,114,206,37,5,26,111,76,3,133,14,7,12,7,18,10,4
22,38,27,6,5,0,0,2,6,10,0,6,0,1,0,0,0,0,1,2005,2005-04-29,878,758,120,211,37,5,28,117,86,3,139,14,8,12,7,18,10,5
23,36,29,6,6,3,0,1,5,6,1,3,1,0,0,1,1,0,0,2005,2005-04-30,914,787,126,217,40,5,29,122,92,4,142,15,8,12,8,19,10,5
24,36,27,2,4,2,0,0,2,7,1,5,1,0,1,0,0,0,0,2005,2005-05-01,950,814,128,221,42,5,29,124,99,5,147,16,8,13,8,19,10,5
25,33,30,2,4,2,0,1,2,3,1,7,0,0,0,0,0,0,0,2005,2005-05-02,983,844,130,225,44,5,30,126,102,6,154,16,8,13,8,19,10,5
26,37,33,4,9,3,0,0,4,4,0,5,0,0,0,0,0,1,0,2005,2005-05-03,1020,877,134,234,47,5,30,130,106,6,159,16,8,13,8,19,11,5
27,35,30,2,7,1,0,0,2,3,0,4,0,2,0,0,2,1,0,2005,2005-05-04,1055,907,136,241,48,5,30,132,109,6,163,16,10,13,8,21,12,5
28,46,36,13,12,6,0,3,13,5,0,7,3,1,1,0,1,0,0,2005,2005-05-06,1101,943,149,253,54,5,33,145,114,6,170,19,11,14,8,22,12,5
29,37,35,3,10,0,1,1,3,1,0,5,0,1,0,0,1,0,0,2005,2005-05-07,1138,978,152,263,54,6,34,148,115,6,175,19,12,14,8,23,12,5
30,45,41,9,14,4,0,2,9,4,0,4,0,0,0,0,0,1,0,2005,2005-05-08,1183,1019,161,277,58,6,36,157,119,6,179,19,12,14,8,23,13,5
31,39,37,2,8,2,0,0,2,2,0,15,0,0,0,2,0,0,0,2005,2005-05-09,1222,1056,163,285,60,6,36,159,121,6,194,19,12,14,10,23,13,5
32,42,37,9,12,1,0,2,8,4,0,4,1,0,0,0,2,0,0,2005,2005-05-10,1264,1093,172,297,61,6,38,167,125,6,198,20,12,14,10,25,13,5
33,35,34,3,9,2,0,0,3,0,0,9,0,0,1,0,1,0,0,2005,2005-05-11,1299,1127,175,306,63,6,38,170,125,6,207,20,12,15,10,26,13,5
34,39,36,3,8,1,0,1,3,3,0,10,0,0,0,1,0,1,0,2005,2005-05-12,1338,1163,178,314,64,6,39,173,128,6,217,20,12,15,11,26,14,5
35,36,34,7,14,0,0,2,7,1,0,3,0,1,0,0,2,0,0,2005,2005-05-13,1374,1197,185,328,64,6,41,180,129,6,220,20,13,15,11,28,14,5
36,32,29,1,5,1,0,0,1,3,0,6,0,0,0,0,2,0,0,2005,2005-05-14,1406,1226,186,333,65,6,41,181,132,6,226,20,13,15,11,30,14,5
37,39,36,2,9,2,0,0,2,2,0,9,1,0,0,1,0,0,1,2005,2005-05-15,1445,1262,188,342,67,6,41,183,134,6,235,21,13,15,12,30,14,6
38,37,35,2,10,0,0,0,1,2,0,3,0,0,0,0,2,0,0,2005,2005-05-16,1482,1297,190,352,67,6,41,184,136,6,238,21,13,15,12,32,14,6
39,47,41,14,19,6,0,1,14,2,1,8,3,1,0,1,0,0,1,2005,2005-05-17,1529,1338,204,371,73,6,42,198,138,7,246,24,14,15,13,32,14,7
40,39,33,3,7,3,0,0,3,5,1,8,1,0,0,0,0,0,1,2005,2005-05-18,1568,1371,207,378,76,6,42,201,143,8,254,25,14,15,13,32,14,8
41,33,31,0,6,2,0,0,0,2,0,1,0,0,0,0,1,0,0,2005,2005-05-20,1601,1402,207,384,78,6,42,201,145,8,255,25,14,15,13,33,14,8
42,36,33,1,7,2,0,0,1,2,0,12,1,0,0,2,1,0,1,2005,2005-05-21,1637,1435,208,391,80,6,42,202,147,8,267,26,14,15,15,34,14,9
43,37,33,6,11,2,0,2,6,2,0,3,0,2,0,1,0,1,0,2005,2005-05-22,1674,1468,214,402,82,6,44,208,149,8,270,26,16,15,16,34,15,9
44,35,30,3,6,1,0,0,2,3,0,11,0,1,1,0,0,2,0,2005,2005-05-24,1709,1498,217,408,83,6,44,210,152,8,281,26,17,16,16,34,17,9
45,34,32,2,6,1,0,1,2,1,0,5,0,1,0,0,0,0,0,2005,2005-05-25,1743,1530,219,414,84,6,45,212,153,8,286,26,18,16,16,34,17,9
46,38,33,6,8,1,0,1,6,5,0,2,0,0,0,0,0,0,1,2005,2005-05-26,1781,1563,225,422,85,6,46,218,158,8,288,26,18,16,16,34,17,10
47,39,33,7,10,3,0,2,7,5,0,2,0,1,0,1,3,0,0,2005,2005-05-27,1820,1596,232,432,88,6,48,225,163,8,290,26,19,16,17,37,17,10
48,38,37,4,12,2,0,1,4,0,0,5,0,1,0,0,1,0,0,2005,2005-05-28,1858,1633,236,444,90,6,49,229,163,8,295,26,20,16,17,38,17,10
49,46,36,6,12,3,1,0,5,7,0,9,1,0,2,1,1,0,1,2005,2005-05-29,1904,1669,242,456,93,7,49,234,170,8,304,27,20,18,18,39,17,11
50,34,32,3,6,1,0,1,3,2,0,6,0,0,0,1,2,1,0,2005,2005-05-30,1938,1701,245,462,94,7,50,237,172,8,310,27,20,18,19,41,18,11
51,36,31,1,1,1,0,0,1,3,0,12,1,1,0,0,0,0,0,2005,2005-05-31,1974,1732,246,463,95,7,50,238,175,8,322,28,21,18,19,41,18,11
52,42,35,5,9,1,0,2,5,6,0,5,0,0,1,0,0,0,0,2005,2005-06-01,2016,1767,251,472,96,7,52,243,181,8,327,28,21,19,19,41,18,11
53,34,31,6,9,2,0,3,6,2,1,9,0,0,1,0,1,0,0,2005,2005-06-02,2050,1798,257,481,98,7,55,249,183,9,336,28,21,20,19,42,18,11
54,41,36,5,9,0,0,1,4,3,0,11,2,0,0,0,0,0,0,2005,2005-06-03,2091,1834,262,490,98,7,56,253,186,9,347,30,21,20,19,42,18,11
55,34,30,2,7,2,0,2,2,4,1,7,0,0,0,0,0,1,1,2005,2005-06-04,2125,1864,264,497,100,7,58,255,190,10,354,30,21,20,19,42,19,12
56,45,37,10,15,4,1,0,9,6,0,6,1,1,0,0,1,2,0,2005,2005-06-05,2170,1901,274,512,104,8,58,264,196,10,360,31,22,20,19,43,21,12
57,33,30,5,8,1,1,2,5,2,0,6,0,1,0,1,1,1,1,2005,2005-06-06,2203,1931,279,520,105,9,60,269,198,10,366,31,23,20,20,44,22,13
58,37,32,4,5,1,1,1,4,5,0,6,0,0,0,0,0,0,0,2005,2005-06-07,2240,1963,283,525,106,10,61,273,203,10,372,31,23,20,20,44,22,13
59,34,33,3,9,1,0,1,3,1,1,5,0,0,0,0,0,1,0,2005,2005-06-08,2274,1996,286,534,107,10,62,276,204,11,377,31,23,20,20,44,23,13
60,38,31,6,9,0,0,2,3,5,1,2,1,1,0,1,1,1,0,2005,2005-06-10,2312,2027,292,543,107,10,64,279,209,12,379,32,24,20,21,45,24,13
61,33,32,3,7,0,0,3,3,1,0,8,0,0,0,0,2,0,0,2005,2005-06-11,2345,2059,295,550,107,10,67,282,210,12,387,32,24,20,21,47,24,13
62,32,31,4,9,0,0,4,4,1,0,8,0,0,0,0,1,1,0,2005,2005-06-12,2377,2090,299,559,107,10,71,286,211,12,395,32,24,20,21,48,25,13
63,38,36,2,9,1,0,2,2,1,0,6,1,0,0,0,0,0,0,2005,2005-06-14,2415,2126,301,568,108,10,73,288,212,12,401,33,24,20,21,48,25,13
64,32,31,1,5,0,0,0,1,1,0,7,0,0,0,0,1,0,0,2005,2005-06-15,2447,2157,302,573,108,10,73,289,213,12,408,33,24,20,21,49,25,13
65,44,37,6,11,2,0,1,6,5,0,5,2,0,0,0,2,0,0,2005,2005-06-16,2491,2194,308,584,110,10,74,295,218,12,413,35,24,20,21,51,25,13
66,32,32,0,8,0,0,0,0,0,0,6,0,0,0,0,2,0,1,2005,2005-06-17,2523,2226,308,592,110,10,74,295,218,12,419,35,24,20,21,53,25,14
67,38,31,3,7,1,0,1,2,7,0,3,0,0,0,0,1,0,2,2005,2005-06-18,2561,2257,311,599,111,10,75,297,225,12,422,35,24,20,21,54,25,16
68,37,31,3,7,1,0,0,3,5,0,7,0,1,0,0,2,2,0,2005,2005-06-19,2598,2288,314,606,112,10,75,300,230,12,429,35,25,20,21,56,27,16
69,32,30,0,3,1,0,0,0,2,0,14,0,0,0,1,1,0,0,2005,2005-06-20,2630,2318,314,609,113,10,75,300,232,12,443,35,25,20,22,57,27,16
70,36,33,1,6,0,0,0,1,2,0,6,0,0,0,0,0,0,0,2005,2005-06-21,2666,2351,315,615,113,10,75,301,234,12,449,35,25,20,22,57,27,16
71,40,38,6,12,3,0,1,6,2,0,8,0,0,0,0,1,0,0,2005,2005-06-22,2706,2389,321,627,116,10,76,307,236,12,457,35,25,20,22,58,27,16
72,40,34,4,7,2,0,0,4,4,0,9,0,1,1,0,0,0,0,2005,2005-06-23,2746,2423,325,634,118,10,76,311,240,12,466,35,26,21,22,58,27,16
73,33,32,0,5,1,0,0,0,1,0,14,0,0,0,0,0,0,0,2005,2005-06-24,2779,2455,325,639,119,10,76,311,241,12,480,35,26,21,22,58,27,16
74,36,34,1,9,2,0,1,1,2,0,9,0,0,0,0,2,1,0,2005,2005-06-25,2815,2489,326,648,121,10,77,312,243,12,489,35,26,21,22,60,28,16
75,34,32,3,5,1,0,2,3,2,0,9,0,0,0,0,0,0,0,2005,2005-06-26,2849,2521,329,653,122,10,79,315,245,12,498,35,26,21,22,60,28,16
76,35,31,5,10,3,0,1,5,4,0,6,0,0,0,0,2,0,1,2005,2005-06-27,2884,2552,334,663,125,10,80,320,249,12,504,35,26,21,22,62,28,17
77,38,33,3,7,1,0,0,1,4,0,5,1,0,0,2,2,1,0,2005,2005-06-28,2922,2585,337,670,126,10,80,321,253,12,509,36,26,21,24,64,29,17
78,34,33,4,10,1,0,1,4,1,1,7,0,0,0,0,1,0,0,2005,2005-06-29,2956,2618,341,680,127,10,81,325,254,13,516,36,26,21,24,65,29,17
79,38,33,7,10,3,0,2,7,3,0,12,0,2,0,0,0,0,0,2005,2005-07-01,2994,2651,348,690,130,10,83,332,257,13,528,36,28,21,24,65,29,17
80,40,34,5,7,1,0,2,5,5,0,7,0,0,0,1,1,0,0,2005,2005-07-02,3034,2685,353,697,131,10,85,337,262,13,535,36,28,21,25,66,29,17
81,37,31,3,8,2,0,1,3,2,0,6,3,1,0,0,2,0,0,2005,2005-07-03,3071,2716,356,705,133,10,86,340,264,13,541,39,29,21,25,68,29,17
82,48,40,4,12,2,0,0,4,4,1,12,1,3,0,0,2,0,0,2005,2005-07-04,3119,2756,360,717,135,10,86,344,268,14,553,40,32,21,25,70,29,17
83,38,38,1,12,3,0,0,1,0,0,6,0,0,0,0,1,0,0,2005,2005-07-05,3157,2794,361,729,138,10,86,345,268,14,559,40,32,21,25,71,29,17
84,42,36,9,11,3,0,2,8,3,0,6,2,1,0,0,1,0,0,2005,2005-07-06,3199,2830,370,740,141,10,88,353,271,14,565,42,33,21,25,72,29,17
85,40,37,5,11,3,0,0,4,3,0,6,0,0,0,0,1,1,0,2005,2005-07-07,3239,2867,375,751,144,10,88,357,274,14,571,42,33,21,25,73,30,17
86,35,33,2,8,2,0,0,2,1,0,6,0,1,0,1,1,0,0,2005,2005-07-08,3274,2900,377,759,146,10,88,359,275,14,577,42,34,21,26,74,30,17
87,38,36,2,9,0,1,0,1,2,0,10,0,0,0,0,0,0,0,2005,2005-07-09,3312,2936,379,768,146,11,88,360,277,14,587,42,34,21,26,74,30,17
88,37,34,5,9,2,0,1,5,2,1,8,1,0,0,1,1,0,1,2005,2005-07-10,3349,2970,384,777,148,11,89,365,279,15,595,43,34,21,27,75,30,18
89,40,32,3,7,1,0,0,3,7,1,10,0,1,0,0,0,2,1,2005,2005-07-14,3389,3002,387,784,149,11,89,368,286,16,605,43,35,21,27,75,32,19
90,31,28,0,2,1,0,0,0,3,0,7,0,0,0,1,0,0,1,2005,2005-07-15,3420,3030,387,786,150,11,89,368,289,16,612,43,35,21,28,75,32,20
91,40,34,5,10,2,0,0,5,4,1,6,1,1,0,1,1,0,0,2005,2005-07-16,3460,3064,392,796,152,11,89,373,293,17,618,44,36,21,29,76,32,20
92,37,34,1,7,5,0,0,1,3,0,4,0,0,0,0,0,1,0,2005,2005-07-17,3497,3098,393,803,157,11,89,374,296,17,622,44,36,21,29,76,33,20
93,44,38,4,9,4,0,1,4,5,1,8,1,0,0,1,1,0,1,2005,2005-07-19,3541,3136,397,812,161,11,90,378,301,18,630,45,36,21,30,77,33,21
94,42,39,10,14,4,1,2,10,2,0,9,1,0,0,0,2,2,0,2005,2005-07-20,3583,3175,407,826,165,12,92,388,303,18,639,46,36,21,30,79,35,21
95,33,29,1,5,3,0,0,1,2,0,8,0,2,0,0,0,0,1,2005,2005-07-21,3616,3204,408,831,168,12,92,389,305,18,647,46,38,21,30,79,35,22
96,43,42,6,15,4,0,1,6,1,0,6,0,0,0,0,0,3,0,2005,2005-07-22,3659,3246,414,846,172,12,93,395,306,18,653,46,38,21,30,79,38,22
97,37,35,5,8,3,0,1,5,2,0,7,0,0,0,0,0,0,0,2005,2005-07-23,3696,3281,419,854,175,12,94,400,308,18,660,46,38,21,30,79,38,22
98,32,30,0,4,0,0,0,0,1,0,7,0,1,0,0,0,0,0,2005,2005-07-24,3728,3311,419,858,175,12,94,400,309,18,667,46,39,21,30,79,38,22
99,37,31,4,9,1,0,0,4,4,1,3,1,1,0,1,2,0,0,2005,2005-07-25,3765,3342,423,867,176,12,94,404,313,19,670,47,40,21,31,81,38,22
100,38,34,7,11,2,0,2,7,3,0,5,1,0,0,0,1,1,0,2005,2005-07-26,3803,3376,430,878,178,12,96,411,316,19,675,48,40,21,31,82,39,22
101,38,36,6,9,2,0,1,6,1,0,3,0,0,1,1,0,0,0,2005,2005-07-27,3841,3412,436,887,180,12,97,417,317,19,678,48,40,22,32,82,39,22
102,33,32,1,6,1,0,1,1,0,0,7,1,0,0,0,1,0,0,2005,2005-07-28,3874,3444,437,893,181,12,98,418,317,19,685,49,40,22,32,83,39,22
103,37,33,7,11,2,0,1,7,2,0,3,0,1,0,1,2,0,0,2005,2005-07-29,3911,3477,444,904,183,12,99,425,319,19,688,49,41,22,33,85,39,22
104,35,33,4,9,1,0,2,4,2,0,2,0,0,0,0,3,0,0,2005,2005-07-30,3946,3510,448,913,184,12,101,429,321,19,690,49,41,22,33,88,39,22
105,48,36,5,8,2,0,1,4,10,1,9,0,2,0,0,2,0,0,2005,2005-07-31,3994,3546,453,921,186,12,102,433,331,20,699,49,43,22,33,90,39,22
106,34,31,5,6,1,0,4,5,2,0,7,0,1,0,1,2,0,0,2005,2005-08-02,4028,3577,458,927,187,12,106,438,333,20,706,49,44,22,34,92,39,22
107,36,32,1,6,0,0,1,1,3,0,6,1,0,0,0,0,0,1,2005,2005-08-03,4064,3609,459,933,187,12,107,439,336,20,712,50,44,22,34,92,39,23
108,30,30,0,4,1,0,0,0,0,0,13,0,0,0,0,1,1,0,2005,2005-08-04,4094,3639,459,937,188,12,107,439,336,20,725,50,44,22,34,93,40,23
109,44,43,12,15,2,0,3,12,1,0,5,0,0,0,3,2,0,0,2005,2005-08-05,4138,3682,471,952,190,12,110,451,337,20,730,50,44,22,37,95,40,23
110,41,38,4,12,2,0,1,4,2,1,9,0,0,1,0,0,0,0,2005,2005-08-06,4179,3720,475,964,192,12,111,455,339,21,739,50,44,23,37,95,40,23
111,39,34,6,8,0,0,0,5,5,0,4,0,0,0,0,1,0,0,2005,2005-08-07,4218,3754,481,972,192,12,111,460,344,21,743,50,44,23,37,96,40,23
112,41,33,4,7,1,0,1,4,7,0,11,0,1,0,0,0,0,0,2005,2005-08-09,4259,3787,485,979,193,12,112,464,351,21,754,50,45,23,37,96,40,23
113,37,31,5,5,1,0,2,5,6,0,9,0,0,0,0,1,0,0,2005,2005-08-10,4296,3818,490,984,194,12,114,469,357,21,763,50,45,23,37,97,40,23
114,37,28,5,7,1,0,1,5,7,1,3,0,2,0,1,1,1,0,2005,2005-08-11,4333,3846,495,991,195,12,115,474,364,22,766,50,47,23,38,98,41,23
115,44,34,7,11,2,0,1,7,7,1,7,1,1,1,0,2,1,1,2005,2005-08-12,4377,3880,502,1002,197,12,116,481,371,23,773,51,48,24,38,100,42,24
116,32,31,1,5,2,0,0,1,1,0,6,0,0,0,0,1,0,0,2005,2005-08-13,4409,3911,503,1007,199,12,116,482,372,23,779,51,48,24,38,101,42,24
117,27,26,2,2,0,1,1,2,1,0,5,0,0,0,0,0,0,0,2005,2005-08-14,4436,3937,505,1009,199,13,117,484,373,23,784,51,48,24,38,101,42,24
118,40,38,6,12,3,0,0,5,2,1,6,0,0,0,0,1,2,0,2005,2005-08-16,4476,3975,511,1021,202,13,117,489,375,24,790,51,48,24,38,102,44,24
119,36,33,2,8,2,0,0,2,2,0,3,1,0,0,0,1,0,0,2005,2005-08-17,4512,4008,513,1029,204,13,117,491,377,24,793,52,48,24,38,103,44,24
120,41,36,7,11,4,0,1,7,3,0,8,0,1,1,0,0,1,0,2005,2005-08-18,4553,4044,520,1040,208,13,118,498,380,24,801,52,49,25,38,103,45,24
121,34,32,0,6,0,0,0,0,1,0,12,1,0,0,1,1,2,0,2005,2005-08-19,4587,4076,520,1046,208,13,118,498,381,24,813,53,49,25,39,104,47,24
122,44,33,11,12,3,2,1,11,6,1,5,2,0,3,0,0,0,2,2005,2005-08-20,4631,4109,531,1058,211,15,119,509,387,25,818,55,49,28,39,104,47,26
123,33,32,1,6,2,0,0,1,1,0,7,0,0,0,0,0,1,0,2005,2005-08-21,4664,4141,532,1064,213,15,119,510,388,25,825,55,49,28,39,104,48,26
124,36,31,2,6,3,0,0,2,5,1,7,0,0,0,0,1,0,0,2005,2005-08-22,4700,4172,534,1070,216,15,119,512,393,26,832,55,49,28,39,105,48,26
125,37,32,8,10,3,0,0,7,4,0,6,1,0,0,1,2,2,1,2005,2005-08-23,4737,4204,542,1080,219,15,119,519,397,26,838,56,49,28,40,107,50,27
126,38,33,1,7,3,0,0,1,5,0,8,0,0,0,0,0,0,1,2005,2005-08-24,4775,4237,543,1087,222,15,119,520,402,26,846,56,49,28,40,107,50,28
127,41,35,4,10,2,0,0,4,5,0,7,1,0,0,0,1,0,0,2005,2005-08-25,4816,4272,547,1097,224,15,119,524,407,26,853,57,49,28,40,108,50,28
128,34,31,1,7,0,0,1,1,2,0,10,0,1,0,0,1,0,0,2005,2005-08-26,4850,4303,548,1104,224,15,120,525,409,26,863,57,50,28,40,109,50,28
129,38,34,8,11,3,1,1,8,4,0,4,0,0,0,0,1,0,0,2005,2005-08-27,4888,4337,556,1115,227,16,121,533,413,26,867,57,50,28,40,110,50,28
130,30,27,1,4,1,0,0,1,3,0,5,0,0,0,1,1,0,1,2005,2005-08-28,4918,4364,557,1119,228,16,121,534,416,26,872,57,50,28,41,111,50,29
131,44,36,9,10,2,0,1,8,7,0,7,0,1,0,1,1,0,0,2005,2005-08-29,4962,4400,566,1129,230,16,122,542,423,26,879,57,51,28,42,112,50,29
132,36,36,3,10,2,0,2,3,0,0,7,0,0,0,0,0,0,0,2005,2005-08-30,4998,4436,569,1139,232,16,124,545,423,26,886,57,51,28,42,112,50,29
133,42,37,7,11,1,1,1,7,5,0,10,0,0,0,0,1,0,0,2005,2005-08-31,5040,4473,576,1150,233,17,125,552,428,26,896,57,51,28,42,113,50,29
134,41,34,3,9,0,0,1,3,5,0,6,0,1,1,0,0,1,0,2005,2005-09-02,5081,4507,579,1159,233,17,126,555,433,26,902,57,52,29,42,113,51,29
135,32,30,1,6,4,0,0,1,2,0,8,0,0,0,0,2,0,0,2005,2005-09-03,5113,4537,580,1165,237,17,126,556,435,26,910,57,52,29,42,115,51,29
136,45,40,6,13,1,0,1,6,5,1,7,0,0,0,0,3,0,0,2005,2005-09-04,5158,4577,586,1178,238,17,127,562,440,27,917,57,52,29,42,118,51,29
137,35,29,1,7,0,0,0,1,5,0,4,0,0,1,1,3,0,1,2005,2005-09-05,5193,4606,587,1185,238,17,127,563,445,27,921,57,52,30,43,121,51,30
138,39,37,4,8,2,0,2,4,2,0,7,0,0,0,0,0,0,0,2005,2005-09-06,5232,4643,591,1193,240,17,129,567,447,27,928,57,52,30,43,121,51,30
139,42,34,9,9,1,0,4,9,8,1,10,0,0,0,1,1,0,0,2005,2005-09-07,5274,4677,600,1202,241,17,133,576,455,28,938,57,52,30,44,122,51,30
140,37,32,1,5,0,0,0,1,5,0,8,0,0,0,1,1,0,0,2005,2005-09-09,5311,4709,601,1207,241,17,133,577,460,28,946,57,52,30,45,123,51,30
141,31,28,3,5,2,0,0,1,2,0,1,0,1,0,0,0,0,0,2005,2005-09-10,5342,4737,604,1212,243,17,133,578,462,28,947,57,53,30,45,123,51,30
142,44,35,7,12,2,0,2,6,6,0,6,2,1,0,2,0,0,1,2005,2005-09-11,5386,4772,611,1224,245,17,135,584,468,28,953,59,54,30,47,123,51,31
143,39,36,7,12,6,0,0,6,2,0,7,1,0,0,0,0,3,0,2005,2005-09-12,5425,4808,618,1236,251,17,135,590,470,28,960,60,54,30,47,123,54,31
144,38,33,4,7,4,0,0,3,4,0,8,0,0,1,0,0,0,0,2005,2005-09-13,5463,4841,622,1243,255,17,135,593,474,28,968,60,54,31,47,123,54,31
145,38,31,7,8,2,0,2,6,4,0,6,0,2,1,0,1,0,0,2005,2005-09-14,5501,4872,629,1251,257,17,137,599,478,28,974,60,56,32,47,124,54,31
146,44,39,7,11,2,1,0,7,5,1,4,0,0,0,1,0,0,0,2005,2005-09-15,5545,4911,636,1262,259,18,137,606,483,29,978,60,56,32,48,124,54,31
147,41,38,4,12,1,1,0,4,2,0,8,1,0,0,0,0,0,0,2005,2005-09-16,5586,4949,640,1274,260,19,137,610,485,29,986,61,56,32,48,124,54,31
148,34,29,1,3,0,0,1,1,5,1,6,0,0,0,1,1,0,1,2005,2005-09-17,5620,4978,641,1277,260,19,138,611,490,30,992,61,56,32,49,125,54,32
149,38,34,3,10,2,0,2,3,2,0,5,1,1,0,1,1,0,1,2005,2005-09-18,5658,5012,644,1287,262,19,140,614,492,30,997,62,57,32,50,126,54,33
150,33,32,1,5,1,0,1,1,1,0,7,0,0,0,0,0,0,0,2005,2005-09-20,5691,5044,645,1292,263,19,141,615,493,30,1004,62,57,32,50,126,54,33
151,32,32,2,9,0,0,1,2,0,0,12,0,0,0,0,4,0,0,2005,2005-09-21,5723,5076,647,1301,263,19,142,617,493,30,1016,62,57,32,50,130,54,33
152,50,44,4,12,4,0,1,4,5,0,5,1,0,0,0,3,0,0,2005,2005-09-22,5773,5120,651,1313,267,19,143,621,498,30,1021,63,57,32,50,133,54,33
153,39,32,4,9,3,0,0,4,6,0,4,1,0,0,0,1,0,0,2005,2005-09-23,5812,5152,655,1322,270,19,143,625,504,30,1025,64,57,32,50,134,54,33
154,37,30,3,6,3,0,0,2,6,0,7,0,0,1,0,1,0,1,2005,2005-09-24,5849,5182,658,1328,273,19,143,627,510,30,1032,64,57,33,50,135,54,34
155,42,34,9,11,3,0,1,8,7,0,6,1,0,0,0,1,1,0,2005,2005-09-25,5891,5216,667,1339,276,19,144,635,517,30,1038,65,57,33,50,136,55,34
156,44,37,9,11,4,2,1,9,6,0,6,1,0,0,1,0,1,0,2005,2005-09-26,5935,5253,676,1350,280,21,145,644,523,30,1044,66,57,33,51,136,56,34
157,28,27,0,2,0,0,0,0,1,0,7,0,0,0,0,2,0,0,2005,2005-09-27,5963,5280,676,1352,280,21,145,644,524,30,1051,66,57,33,51,138,56,34
158,35,31,3,4,0,0,0,3,3,0,9,1,0,0,0,0,0,0,2005,2005-09-28,5998,5311,679,1356,280,21,145,647,527,30,1060,67,57,33,51,138,56,34
159,35,30,2,4,1,0,1,2,5,0,11,0,0,0,0,0,1,0,2005,2005-09-29,6033,5341,681,1360,281,21,146,649,532,30,1071,67,57,33,51,138,57,34
160,32,30,1,4,1,0,1,1,2,0,7,0,0,0,0,1,0,0,2005,2005-09-30,6065,5371,682,1364,282,21,147,650,534,30,1078,67,57,33,51,139,57,34
161,36,31,2,6,1,0,1,2,5,0,4,0,0,0,0,0,1,1,2005,2005-10-01,6101,5402,684,1370,283,21,148,652,539,30,1082,67,57,33,51,139,58,35
162,33,31,1,4,1,0,1,1,2,0,12,0,0,0,0,0,0,0,2005,2005-10-02,6134,5433,685,1374,284,21,149,653,541,30,1094,67,57,33,51,139,58,35
1,44,39,2,15,2,0,1,2,5,0,5,0,0,0,0,3,1,0,2004,2004-04-05,44,39,2,15,2,0,1,2,5,0,5,0,0,0,0,3,1,0
2,36,34,5,12,1,0,1,4,1,1,7,0,1,0,2,2,1,1,2004,2004-04-06,80,73,7,27,3,0,2,6,6,1,12,0,1,0,2,5,2,1
3,41,37,2,6,2,0,0,2,2,0,4,1,1,0,0,0,2,0,2004,2004-04-07,121,110,9,33,5,0,2,8,8,1,16,1,2,0,2,5,4,1
4,36,29,5,7,0,1,1,5,7,0,5,0,0,0,0,1,4,0,2004,2004-04-09,157,139,14,40,5,1,3,13,15,1,21,1,2,0,2,6,8,1
5,35,33,7,10,1,0,2,7,1,0,3,0,0,1,0,0,1,0,2004,2004-04-10,192,172,21,50,6,1,5,20,16,1,24,1,2,1,2,6,9,1
6,36,32,2,6,2,0,0,1,3,0,4,1,0,0,0,1,2,0,2004,2004-04-11,228,204,23,56,8,1,5,21,19,1,28,2,2,1,2,7,11,1
7,31,31,3,7,1,0,1,3,0,0,6,0,0,0,0,2,0,1,2004,2004-04-13,259,235,26,63,9,1,6,24,19,1,34,2,2,1,2,9,11,2
8,42,37,11,13,3,0,1,11,3,1,4,0,0,2,0,0,0,0,2004,2004-04-14,301,272,37,76,12,1,7,35,22,2,38,2,2,3,2,9,11,2
9,41,36,7,11,4,1,0,7,4,0,8,0,0,1,0,0,0,0,2004,2004-04-15,342,308,44,87,16,2,7,42,26,2,46,2,2,4,2,9,11,2
10,32,26,3,4,0,0,0,3,4,0,4,0,2,0,0,1,1,1,2004,2004-04-16,374,334,47,91,16,2,7,45,30,2,50,2,4,4,2,10,12,3
11,41,38,5,14,2,0,1,5,2,0,4,0,1,0,0,1,1,0,2004,2004-04-17,415,372,52,105,18,2,8,50,32,2,54,2,5,4,2,11,13,3
12,44,38,7,13,4,0,3,7,5,1,4,1,0,0,0,2,0,0,2004,2004-04-18,459,410,59,118,22,2,11,57,37,3,58,3,5,4,2,13,13,3
13,37,36,1,8,2,0,1,1,1,0,9,0,0,0,1,0,1,0,2004,2004-04-20,496,446,60,126,24,2,12,58,38,3,67,3,5,4,3,13,14,3
14,45,35,9,13,3,0,1,9,8,0,4,0,1,1,0,2,3,0,2004,2004-04-21,541,481,69,139,27,2,13,67,46,3,71,3,6,5,3,15,17,3
15,21,20,1,2,0,0,0,1,1,0,2,0,0,0,1,1,1,0,2004,2004-04-22,562,501,70,141,27,2,13,68,47,3,73,3,6,5,4,16,18,3
16,48,44,5,10,2,2,1,5,4,0,4,0,0,0,1,0,0,0,2004,2004-04-23,610,545,75,151,29,4,14,73,51,3,77,3,6,5,5,16,18,3
17,35,29,3,5,0,0,1,3,3,0,6,1,1,1,0,0,0,0,2004,2004-04-24,645,574,78,156,29,4,15,76,54,3,83,4,7,6,5,16,18,3
18,41,37,9,13,1,0,4,9,2,1,7,1,0,1,1,0,1,0,2004,2004-04-25,686,611,87,169,30,4,19,85,56,4,90,5,7,7,6,16,19,3
19,41,40,5,14,1,1,1,5,1,0,3,0,0,0,1,2,0,0,2004,2004-04-27,727,651,92,183,31,5,20,90,57,4,93,5,7,7,7,18,19,3
20,31,28,3,5,0,0,2,3,3,0,4,0,0,0,0,1,1,0,2004,2004-04-28,758,679,95,188,31,5,22,93,60,4,97,5,7,7,7,19,20,3
21,36,34,1,8,2,0,0,1,2,0,4,0,0,0,0,0,1,1,2004,2004-04-29,794,713,96,196,33,5,22,94,62,4,101,5,7,7,7,19,21,4
22,39,36,13,15,2,2,2,13,1,0,1,1,0,1,0,2,1,0,2004,2004-04-30,833,749,109,211,35,7,24,107,63,4,102,6,7,8,7,21,22,4
23,40,34,5,11,1,0,2,5,4,0,5,1,1,0,1,0,1,1,2004,2004-05-01,873,783,114,222,36,7,26,112,67,4,107,7,8,8,8,21,23,5
24,41,36,4,10,0,0,1,4,4,1,8,0,0,1,0,0,0,0,2004,2004-05-02,914,819,118,232,36,7,27,116,71,5,115,7,8,9,8,21,23,5
25,47,39,4,7,0,1,0,2,4,1,7,1,3,0,3,0,0,1,2004,2004-05-04,961,858,122,239,36,8,27,118,75,6,122,8,11,9,11,21,23,6
26,30,29,0,5,2,0,0,0,1,0,6,0,0,0,0,3,0,0,2004,2004-05-05,991,887,122,244,38,8,27,118,76,6,128,8,11,9,11,24,23,6
27,43,40,9,14,1,0,4,9,2,0,6,0,1,0,0,0,0,0,2004,2004-05-06,1034,927,131,258,39,8,31,127,78,6,134,8,12,9,11,24,23,6
28,35,33,4,7,0,1,2,4,2,0,9,0,0,0,0,1,0,0,2004,2004-05-07,1069,960,135,265,39,9,33,131,80,6,143,8,12,9,11,25,23,6
29,37,34,4,9,3,0,1,4,3,2,5,0,0,0,0,0,0,2,2004,2004-05-08,1106,994,139,274,42,9,34,135,83,8,148,8,12,9,11,25,23,8
30,58,54,9,16,5,0,2,7,3,0,7,0,1,0,0,1,1,2,2004,2004-05-09,1164,1048,148,290,47,9,36,142,86,8,155,8,13,9,11,26,24,10
31,40,39,7,15,1,0,2,7,1,0,5,0,0,0,2,1,0,0,2004,2004-05-11,1204,1087,155,305,48,9,38,149,87,8,160,8,13,9,13,27,24,10
32,33,31,4,7,0,0,1,4,2,0,9,0,0,0,0,0,0,0,2004,2004-05-12,1237,1118,159,312,48,9,39,153,89,8,169,8,13,9,13,27,24,10
33,38,31,3,5,2,0,0,3,3,0,11,2,0,2,1,0,0,0,2004,2004-05-13,1275,1149,162,317,50,9,39,156,92,8,180,10,13,11,14,27,24,10
34,34,32,1,6,2,0,0,1,2,0,4,0,0,0,0,1,0,0,2004,2004-05-14,1309,1181,163,323,52,9,39,157,94,8,184,10,13,11,14,28,24,10
35,36,31,0,6,2,0,0,0,5,0,1,0,0,0,0,2,0,0,2004,2004-05-15,1345,1212,163,329,54,9,39,157,99,8,185,10,13,11,14,30,24,10
36,36,35,3,9,3,1,2,3,1,0,6,0,0,0,0,1,0,0,2004,2004-05-16,1381,1247,166,338,57,10,41,160,100,8,191,10,13,11,14,31,24,10
37,39,36,7,10,0,0,4,7,2,0,9,1,0,0,0,0,0,1,2004,2004-05-18,1420,1283,173,348,57,10,45,167,102,8,200,11,13,11,14,31,24,11
38,42,38,4,12,3,0,1,4,4,0,7,0,0,0,0,1,0,0,2004,2004-05-19,1462,1321,177,360,60,10,46,171,106,8,207,11,13,11,14,32,24,11
39,33,31,0,5,0,0,0,0,2,0,5,0,0,0,0,1,0,0,2004,2004-05-20,1495,1352,177,365,60,10,46,171,108,8,212,11,13,11,14,33,24,11
40,35,30,0,6,0,0,0,0,5,0,9,0,0,0,0,2,0,1,2004,2004-05-21,1530,1382,177,371,60,10,46,171,113,8,221,11,13,11,14,35,24,12
41,46,39,7,13,1,1,2,7,5,0,10,1,1,0,0,0,1,0,2004,2004-05-22,1576,1421,184,384,61,11,48,178,118,8,231,12,14,11,14,35,25,12
42,41,38,1,13,1,0,0,1,3,0,5,0,0,0,2,1,0,1,2004,2004-05-23,1617,1459,185,397,62,11,48,179,121,8,236,12,14,11,16,36,25,13
43,39,34,5,9,2,0,0,4,4,0,7,0,1,0,1,1,0,1,2004,2004-05-25,1656,1493,190,406,64,11,48,183,125,8,243,12,15,11,17,37,25,14
44,43,40,1,8,1,0,1,1,1,0,9,1,1,0,0,1,0,0,2004,2004-05-26,1699,1533,191,414,65,11,49,184,126,8,252,13,16,11,17,38,25,14
45,32,32,1,6,0,0,1,1,0,0,9,0,0,0,0,1,0,0,2004,2004-05-27,1731,1565,192,420,65,11,50,185,126,8,261,13,16,11,17,39,25,14
46,37,36,3,9,3,0,0,3,1,0,6,0,0,0,0,0,0,0,2004,2004-05-28,1768,1601,195,429,68,11,50,188,127,8,267,13,16,11,17,39,25,14
47,39,35,10,13,0,0,2,10,3,0,7,0,1,0,0,1,2,0,2004,2004-05-29,1807,1636,205,442,68,11,52,198,130,8,274,13,17,11,17,40,27,14
48,40,35,3,12,2,0,0,3,3,0,9,1,1,0,0,0,2,0,2004,2004-05-30,1847,1671,208,454,70,11,52,201,133,8,283,14,18,11,17,40,29,14
49,38,34,3,9,0,0,0,3,1,0,6,2,1,0,0,2,0,0,2004,2004-05-31,1885,1705,211,463,70,11,52,204,134,8,289,16,19,11,17,42,29,14
50,36,32,1,7,1,0,0,1,3,0,3,1,0,0,1,2,1,0,2004,2004-06-01,1921,1737,212,470,71,11,52,205,137,8,292,17,19,11,18,44,30,14
51,33,30,5,10,2,1,1,4,2,0,4,0,1,0,0,2,0,1,2004,2004-06-02,1954,1767,217,480,73,12,53,209,139,8,296,17,20,11,18,46,30,15
52,45,37,7,12,5,0,2,7,7,4,7,0,1,0,0,0,2,1,2004,2004-06-04,1999,1804,224,492,78,12,55,216,146,12,303,17,21,11,18,46,32,16
53,48,41,10,15,5,0,2,10,5,1,3,1,0,1,0,0,2,0,2004,2004-06-05,2047,1845,234,507,83,12,57,226,151,13,306,18,21,12,18,46,34,16
54,43,40,5,14,2,0,2,2,2,0,6,0,1,0,2,0,0,0,2004,2004-06-06,2090,1885,239,521,85,12,59,228,153,13,312,18,22,12,20,46,34,16
55,37,36,1,8,2,0,1,1,1,0,8,0,0,0,1,0,0,0,2004,2004-06-08,2127,1921,240,529,87,12,60,229,154,13,320,18,22,12,21,46,34,16
56,30,28,0,4,1,0,0,0,2,0,8,0,0,0,0,0,0,1,2004,2004-06-09,2157,1949,240,533,88,12,60,229,156,13,328,18,22,12,21,46,34,17
57,43,40,6,14,3,0,2,6,2,0,5,1,0,0,1,2,3,0,2004,2004-06-10,2200,1989,246,547,91,12,62,235,158,13,333,19,22,12,22,48,37,17
58,38,33,1,7,0,0,0,0,4,0,6,0,1,0,1,1,2,0,2004,2004-06-11,2238,2022,247,554,91,12,62,235,162,13,339,19,23,12,23,49,39,17
59,48,41,14,15,3,0,3,14,6,0,7,1,0,0,0,1,2,0,2004,2004-06-12,2286,2063,261,569,94,12,65,249,168,13,346,20,23,12,23,50,41,17
60,36,31,1,8,1,1,0,1,3,0,7,1,1,0,0,0,0,0,2004,2004-06-13,2322,2094,262,577,95,13,65,250,171,13,353,21,24,12,23,50,41,17
61,34,30,5,10,0,0,1,5,2,0,5,0,2,0,0,0,1,1,2004,2004-06-15,2356,2124,267,587,95,13,66,255,173,13,358,21,26,12,23,50,42,18
62,36,33,6,10,0,0,1,6,1,0,7,1,1,0,2,2,0,0,2004,2004-06-16,2392,2157,273,597,95,13,67,261,174,13,365,22,27,12,25,52,42,18
63,37,32,4,9,3,0,2,4,5,1,8,0,0,0,0,0,1,0,2004,2004-06-17,2429,2189,277,606,98,13,69,265,179,14,373,22,27,12,25,52,43,18
64,38,35,6,11,4,0,0,4,2,0,6,1,0,0,1,0,1,1,2004,2004-06-18,2467,2224,283,617,102,13,69,269,181,14,379,23,27,12,26,52,44,19
65,36,35,2,8,2,0,1,2,1,0,6,0,0,0,1,1,1,0,2004,2004-06-19,2503,2259,285,625,104,13,70,271,182,14,385,23,27,12,27,53,45,19
66,33,31,5,9,2,0,1,4,0,0,6,0,1,1,0,0,2,0,2004,2004-06-20,2536,2290,290,634,106,13,71,275,182,14,391,23,28,13,27,53,47,19
67,40,35,2,9,1,0,0,2,5,1,4,0,0,0,0,1,0,0,2004,2004-06-21,2576,2325,292,643,107,13,71,277,187,15,395,23,28,13,27,54,47,19
68,38,32,5,7,1,0,1,5,4,0,6,1,0,1,0,1,0,0,2004,2004-06-22,2614,2357,297,650,108,13,72,282,191,15,401,24,28,14,27,55,47,19
69,36,32,2,8,0,1,0,2,3,0,3,0,1,0,0,1,1,0,2004,2004-06-23,2650,2389,299,658,108,14,72,284,194,15,404,24,29,14,27,56,48,19
70,40,36,3,8,1,0,1,2,4,1,7,0,0,0,1,0,2,0,2004,2004-06-24,2690,2425,302,666,109,14,73,286,198,16,411,24,29,14,28,56,50,19
71,34,30,0,4,0,0,0,0,4,0,5,0,0,0,1,2,0,0,2004,2004-06-25,2724,2455,302,670,109,14,73,286,202,16,416,24,29,14,29,58,50,19
72,34,30,5,6,0,0,1,5,2,0,6,0,1,1,1,1,0,1,2004,2004-06-26,2758,2485,307,676,109,14,74,291,204,16,422,24,30,15,30,59,50,20
73,41,36,10,13,2,0,3,10,4,0,9,1,0,0,0,1,0,0,2004,2004-06-27,2799,2521,317,689,111,14,77,301,208,16,431,25,30,15,30,60,50,20
74,30,27,2,4,1,0,1,2,2,0,9,0,1,0,0,0,0,0,2004,2004-06-29,2829,2548,319,693,112,14,78,303,210,16,440,25,31,15,30,60,50,20
75,35,32,1,7,0,0,0,1,3,0,7,0,0,0,0,1,0,0,2004,2004-06-30,2864,2580,320,700,112,14,78,304,213,16,447,25,31,15,30,61,50,20
76,35,30,5,7,2,0,2,5,4,0,6,0,1,0,0,0,1,0,2004,2004-07-01,2899,2610,325,707,114,14,80,309,217,16,453,25,32,15,30,61,51,20
77,35,31,3,4,0,0,2,3,3,0,7,1,0,0,0,0,0,0,2004,2004-07-02,2934,2641,328,711,114,14,82,312,220,16,460,26,32,15,30,61,51,20
78,39,34,8,9,1,0,4,8,4,0,0,0,1,0,0,0,1,0,2004,2004-07-03,2973,2675,336,720,115,14,86,320,224,16,460,26,33,15,30,61,52,20
79,38,32,6,5,1,0,0,6,4,0,6,2,0,0,0,0,3,0,2004,2004-07-04,3011,2707,342,725,116,14,86,326,228,16,466,28,33,15,30,61,55,20
80,41,32,6,6,0,0,2,6,7,1,10,0,1,1,0,0,1,1,2004,2004-07-05,3052,2739,348,731,116,14,88,332,235,17,476,28,34,16,30,61,56,21
81,37,29,4,9,1,0,2,4,7,1,7,0,1,0,0,2,0,1,2004,2004-07-06,3089,2768,352,740,117,14,90,336,242,18,483,28,35,16,30,63,56,22
82,43,36,11,11,0,0,3,11,7,0,5,0,0,0,1,0,1,0,2004,2004-07-07,3132,2804,363,751,117,14,93,347,249,18,488,28,35,16,31,63,57,22
83,43,34,7,12,0,0,1,6,5,1,4,2,2,0,2,2,1,0,2004,2004-07-08,3175,2838,370,763,117,14,94,353,254,19,492,30,37,16,33,65,58,22
84,32,29,2,5,0,0,1,2,3,0,6,0,0,0,0,1,0,2,2004,2004-07-09,3207,2867,372,768,117,14,95,355,257,19,498,30,37,16,33,66,58,24
85,32,29,3,5,2,0,1,3,3,0,9,0,0,0,0,0,3,0,2004,2004-07-10,3239,2896,375,773,119,14,96,358,260,19,507,30,37,16,33,66,61,24
86,40,35,7,13,1,0,1,7,5,3,9,0,0,0,0,0,0,0,2004,2004-07-11,3279,2931,382,786,120,14,97,365,265,22,516,30,37,16,33,66,61,24
87,36,33,4,7,0,1,1,4,2,0,11,1,0,0,0,0,1,0,2004,2004-07-15,3315,2964,386,793,120,15,98,369,267,22,527,31,37,16,33,66,62,24
88,39,30,6,8,2,0,0,6,5,1,9,1,2,1,0,2,1,0,2004,2004-07-16,3354,2994,392,801,122,15,98,375,272,23,536,32,39,17,33,68,63,24
89,40,34,7,9,2,0,1,7,2,0,7,3,0,1,0,0,1,1,2004,2004-07-17,3394,3028,399,810,124,15,99,382,274,23,543,35,39,18,33,68,64,25
90,47,43,10,15,2,2,2,10,3,1,4,1,0,0,1,0,2,0,2004,2004-07-18,3441,3071,409,825,126,17,101,392,277,24,547,36,39,18,34,68,66,25
91,40,34,7,11,2,0,3,6,6,1,9,0,0,0,1,3,3,1,2004,2004-07-19,3481,3105,416,836,128,17,104,398,283,25,556,36,39,18,35,71,69,26
92,45,39,7,12,2,1,1,7,3,0,4,2,1,0,1,0,1,0,2004,2004-07-20,3526,3144,423,848,130,18,105,405,286,25,560,38,40,18,36,71,70,26
93,35,31,5,6,1,0,2,5,3,0,5,0,0,1,0,1,0,0,2004,2004-07-21,3561,3175,428,854,131,18,107,410,289,25,565,38,40,19,36,72,70,26
94,36,32,4,11,2,0,1,4,2,0,2,2,0,0,0,2,0,0,2004,2004-07-22,3597,3207,432,865,133,18,108,414,291,25,567,40,40,19,36,74,70,26
95,31,27,3,5,3,0,1,2,3,0,6,0,1,0,1,1,0,1,2004,2004-07-23,3628,3234,435,870,136,18,109,416,294,25,573,40,41,19,37,75,70,27
96,40,37,12,14,1,0,3,12,1,0,1,0,1,1,1,0,0,0,2004,2004-07-24,3668,3271,447,884,137,18,112,428,295,25,574,40,42,20,38,75,70,27
97,30,28,0,2,1,0,0,0,2,0,5,0,0,0,0,1,0,0,2004,2004-07-25,3698,3299,447,886,138,18,112,428,297,25,579,40,42,20,38,76,70,27
98,43,38,9,12,4,0,2,9,4,0,2,0,1,0,0,0,1,0,2004,2004-07-26,3741,3337,456,898,142,18,114,437,301,25,581,40,43,20,38,76,71,27
99,39,34,2,9,0,0,1,2,5,0,4,0,0,0,0,2,1,0,2004,2004-07-27,3780,3371,458,907,142,18,115,439,306,25,585,40,43,20,38,78,72,27
100,43,38,4,11,2,0,2,4,5,1,5,0,0,0,0,1,2,0,2004,2004-07-28,3823,3409,462,918,144,18,117,443,311,26,590,40,43,20,38,79,74,27
101,42,36,3,10,4,1,2,3,5,0,9,1,0,0,0,0,0,1,2004,2004-07-29,3865,3445,465,928,148,19,119,446,316,26,599,41,43,20,38,79,74,28
102,42,36,12,15,2,2,3,12,3,1,4,0,1,2,0,3,1,0,2004,2004-07-30,3907,3481,477,943,150,21,122,458,319,27,603,41,44,22,38,82,75,28
103,37,33,2,7,2,1,1,2,3,1,12,1,0,0,0,1,1,0,2004,2004-07-31,3944,3514,479,950,152,22,123,460,322,28,615,42,44,22,38,83,76,28
104,46,43,2,9,1,0,1,2,2,0,14,0,1,0,0,0,0,0,2004,2004-08-01,3990,3557,481,959,153,22,124,462,324,28,629,42,45,22,38,83,76,28
105,36,29,3,7,2,0,0,3,5,1,14,0,2,0,0,0,0,0,2004,2004-08-03,4026,3586,484,966,155,22,124,465,329,29,643,42,47,22,38,83,76,28
106,33,31,2,10,4,0,1,2,2,1,7,0,0,0,0,3,0,0,2004,2004-08-04,4059,3617,486,976,159,22,125,467,331,30,650,42,47,22,38,86,76,28
107,40,35,8,11,0,0,5,8,5,1,7,0,0,0,1,1,0,0,2004,2004-08-05,4099,3652,494,987,159,22,130,475,336,31,657,42,47,22,39,87,76,28
108,49,46,5,12,1,0,2,5,3,0,12,0,0,0,1,0,0,0,2004,2004-08-06,4148,3698,499,999,160,22,132,480,339,31,669,42,47,22,40,87,76,28
109,41,27,6,7,2,0,1,5,11,1,2,1,1,1,1,2,1,0,2004,2004-08-07,4189,3725,505,1006,162,22,133,485,350,32,671,43,48,23,41,89,77,28
110,33,31,1,4,1,0,0,1,2,0,11,0,0,0,0,0,0,0,2004,2004-08-08,4222,3756,506,1010,163,22,133,486,352,32,682,43,48,23,41,89,77,28
111,37,31,5,7,1,0,2,5,2,0,9,1,2,1,0,0,1,1,2004,2004-08-10,4259,3787,511,1017,164,22,135,491,354,32,691,44,50,24,41,89,78,29
112,44,37,11,11,1,1,3,11,6,0,9,1,0,0,0,1,0,0,2004,2004-08-11,4303,3824,522,1028,165,23,138,502,360,32,700,45,50,24,41,90,78,29
113,40,33,5,7,0,0,2,5,6,0,7,0,1,0,1,1,0,0,2004,2004-08-12,4343,3857,527,1035,165,23,140,507,366,32,707,45,51,24,42,91,78,29
114,43,39,8,14,1,0,0,7,3,0,6,0,1,0,1,0,1,1,2004,2004-08-13,4386,3896,535,1049,166,23,140,514,369,32,713,45,52,24,43,91,79,30
115,35,32,0,5,1,0,0,0,3,0,7,0,0,0,1,1,0,0,2004,2004-08-14,4421,3928,535,1054,167,23,140,514,372,32,720,45,52,24,44,92,79,30
116,44,38,8,12,1,0,2,8,3,0,11,1,1,1,1,0,1,0,2004,2004-08-15,4465,3966,543,1066,168,23,142,522,375,32,731,46,53,25,45,92,80,30
117,33,30,2,6,1,0,0,1,2,0,3,0,1,0,1,2,2,1,2004,2004-08-16,4498,3996,545,1072,169,23,142,523,377,32,734,46,54,25,46,94,82,31
118,34,31,6,8,3,1,2,6,3,0,11,0,0,0,0,0,0,0,2004,2004-08-17,4532,4027,551,1080,172,24,144,529,380,32,745,46,54,25,46,94,82,31
119,38,36,4,11,1,0,3,4,1,1,8,1,0,0,0,1,1,0,2004,2004-08-18,4570,4063,555,1091,173,24,147,533,381,33,753,47,54,25,46,95,83,31
120,40,33,5,8,0,0,4,5,4,0,5,1,1,1,0,0,0,0,2004,2004-08-19,4610,4096,560,1099,173,24,151,538,385,33,758,48,55,26,46,95,83,31
121,40,36,3,7,2,0,2,3,4,0,8,0,0,0,0,2,0,0,2004,2004-08-20,4650,4132,563,1106,175,24,153,541,389,33,766,48,55,26,46,97,83,31
122,36,30,7,10,0,0,2,7,4,0,4,0,1,1,0,2,0,0,2004,2004-08-21,4686,4162,570,1116,175,24,155,548,393,33,770,48,56,27,46,99,83,31
123,32,32,1,5,0,0,0,1,0,0,8,0,0,0,0,0,0,0,2004,2004-08-22,4718,4194,571,1121,175,24,155,549,393,33,778,48,56,27,46,99,83,31
124,42,36,7,10,1,0,1,6,3,0,6,2,1,0,2,2,0,0,2004,2004-08-23,4760,4230,578,1131,176,24,156,555,396,33,784,50,57,27,48,101,83,31
125,44,35,10,10,1,0,2,10,7,0,10,1,1,0,0,1,0,1,2004,2004-08-24,4804,4265,588,1141,177,24,158,565,403,33,794,51,58,27,48,102,83,32
126,40,32,3,9,3,0,0,3,6,2,6,0,0,2,0,1,1,1,2004,2004-08-25,4844,4297,591,1150,180,24,158,568,409,35,800,51,58,29,48,103,84,33
127,39,33,10,10,1,0,2,10,5,1,8,0,1,0,1,1,2,1,2004,2004-08-26,4883,4330,601,1160,181,24,160,578,414,36,808,51,59,29,49,104,86,34
128,38,36,2,9,1,0,1,2,2,0,8,0,0,0,1,1,0,0,2004,2004-08-27,4921,4366,603,1169,182,24,161,580,416,36,816,51,59,29,50,105,86,34
129,41,38,4,11,1,0,1,4,3,0,7,0,0,0,1,1,1,0,2004,2004-08-28,4962,4404,607,1180,183,24,162,584,419,36,823,51,59,29,51,106,87,34
130,44,37,10,12,1,1,2,9,5,0,3,0,1,1,1,1,1,0,2004,2004-08-29,5006,4441,617,1192,184,25,164,593,424,36,826,51,60,30,52,107,88,34
131,49,43,4,7,1,0,1,4,5,2,15,0,1,0,0,1,2,0,2004,2004-08-31,5055,4484,621,1199,185,25,165,597,429,38,841,51,61,30,52,108,90,34
132,37,32,1,4,0,0,0,0,5,0,9,0,0,0,2,1,1,0,2004,2004-09-01,5092,4516,622,1203,185,25,165,597,434,38,850,51,61,30,54,109,91,34
133,42,38,8,8,3,0,3,6,4,1,9,0,0,0,4,1,0,0,2004,2004-09-02,5134,4554,630,1211,188,25,168,603,438,39,859,51,61,30,58,110,91,34
134,29,29,0,2,0,0,0,0,0,0,11,0,0,0,0,0,0,0,2004,2004-09-03,5163,4583,630,1213,188,25,168,603,438,39,870,51,61,30,58,110,91,34
135,35,35,1,10,1,0,0,1,0,0,10,0,0,0,0,2,0,0,2004,2004-09-04,5198,4618,631,1223,189,25,168,604,438,39,880,51,61,30,58,112,91,34
136,45,42,5,10,1,1,1,5,1,0,10,1,1,0,0,0,0,0,2004,2004-09-05,5243,4660,636,1233,190,26,169,609,439,39,890,52,62,30,58,112,91,34
137,43,36,8,10,1,1,1,8,6,1,10,1,0,0,1,0,1,0,2004,2004-09-07,5286,4696,644,1243,191,27,170,617,445,40,900,53,62,30,59,112,92,34
138,38,35,6,12,1,0,1,6,3,0,6,0,0,0,0,0,0,0,2004,2004-09-08,5324,4731,650,1255,192,27,171,623,448,40,906,53,62,30,59,112,92,34
139,38,32,5,10,0,0,2,5,2,0,9,2,1,1,0,0,1,0,2004,2004-09-09,5362,4763,655,1265,192,27,173,628,450,40,915,55,63,31,59,112,93,34
140,36,32,7,11,2,0,4,7,4,1,10,0,0,0,0,1,1,2,2004,2004-09-10,5398,4795,662,1276,194,27,177,635,454,41,925,55,63,31,59,113,94,36
141,40,34,6,10,2,0,1,6,2,0,6,3,1,0,0,0,1,0,2004,2004-09-11,5438,4829,668,1286,196,27,178,641,456,41,931,58,64,31,59,113,95,36
142,37,36,6,9,0,0,1,5,1,0,7,0,0,0,0,0,0,0,2004,2004-09-12,5475,4865,674,1295,196,27,179,646,457,41,938,58,64,31,59,113,95,36
143,40,39,7,10,2,0,3,7,1,0,16,0,0,0,2,0,0,0,2004,2004-09-13,5515,4904,681,1305,198,27,182,653,458,41,954,58,64,31,61,113,95,36
144,37,34,6,11,1,0,2,6,2,0,7,0,1,0,0,0,0,0,2004,2004-09-14,5552,4938,687,1316,199,27,184,659,460,41,961,58,65,31,61,113,95,36
145,38,35,3,8,3,0,0,3,2,0,6,1,0,0,0,0,0,0,2004,2004-09-15,5590,4973,690,1324,202,27,184,662,462,41,967,59,65,31,61,113,95,36
146,34,33,0,7,2,0,0,0,1,0,8,0,0,0,0,1,0,0,2004,2004-09-16,5624,5006,690,1331,204,27,184,662,463,41,975,59,65,31,61,114,95,36
147,47,39,8,10,1,1,2,8,7,1,4,0,1,0,0,0,1,1,2004,2004-09-17,5671,5045,698,1341,205,28,186,670,470,42,979,59,66,31,61,114,96,37
148,38,32,1,5,2,0,1,1,6,2,8,0,0,0,0,0,2,0,2004,2004-09-18,5709,5077,699,1346,207,28,187,671,476,44,987,59,66,31,61,114,98,37
149,42,32,7,8,4,0,2,7,7,0,9,2,0,1,0,1,0,0,2004,2004-09-19,5751,5109,706,1354,211,28,189,678,483,44,996,61,66,32,61,115,98,37
150,36,34,4,7,0,1,2,4,2,0,7,0,0,0,0,0,0,0,2004,2004-09-21,5787,5143,710,1361,211,29,191,682,485,44,1003,61,66,32,61,115,98,37
151,32,30,0,3,1,0,0,0,2,0,12,0,0,0,0,0,1,0,2004,2004-09-22,5819,5173,710,1364,212,29,191,682,487,44,1015,61,66,32,61,115,99,37
152,45,38,9,14,4,1,1,9,4,0,7,0,0,3,1,0,1,0,2004,2004-09-23,5864,5211,719,1378,216,30,192,691,491,44,1022,61,66,35,62,115,100,37
153,39,34,3,12,0,0,2,3,5,0,3,0,0,0,1,3,0,1,2004,2004-09-24,5903,5245,722,1390,216,30,194,694,496,44,1025,61,66,35,63,118,100,38
154,37,33,5,9,2,0,2,5,3,0,9,0,1,0,0,1,0,1,2004,2004-09-25,5940,5278,727,1399,218,30,196,699,499,44,1034,61,67,35,63,119,100,39
155,43,35,7,8,1,0,2,6,8,0,8,0,0,0,2,1,0,2,2004,2004-09-26,5983,5313,734,1407,219,30,198,705,507,44,1042,61,67,35,65,120,100,41
156,41,35,8,12,1,0,1,8,5,1,10,0,1,0,0,0,0,0,2004,2004-09-27,6024,5348,742,1419,220,30,199,713,512,45,1052,61,68,35,65,120,100,41
157,39,29,5,5,1,0,0,5,10,0,8,0,0,0,0,0,1,0,2004,2004-09-28,6063,5377,747,1424,221,30,199,718,522,45,1060,61,68,35,65,120,101,41
158,33,30,1,3,0,0,0,0,3,0,5,0,0,0,0,0,1,0,2004,2004-09-29,6096,5407,748,1427,221,30,199,718,525,45,1065,61,68,35,65,120,102,41
159,44,40,4,9,2,0,1,4,2,0,7,1,1,0,1,1,0,0,2004,2004-09-30,6140,5447,752,1436,223,30,200,722,527,45,1072,62,69,35,66,121,102,41
160,32,31,2,4,2,0,2,2,1,0,2,0,0,0,0,0,0,0,2004,2004-10-01,6172,5478,754,1440,225,30,202,724,528,45,1074,62,69,35,66,121,102,41
161,39,34,7,7,0,0,1,7,5,0,5,0,0,0,2,0,0,0,2004,2004-10-02,6211,5512,761,1447,225,30,203,731,533,45,1079,62,69,35,68,121,102,41
162,33,30,0,3,1,0,0,0,3,0,13,0,0,0,1,0,0,0,2004,2004-10-03,6244,5542,761,1450,226,30,203,731,536,45,1092,62,69,35,69,121,102,41
1,44,36,8,13,5,0,1,8,5,2,8,1,1,1,1,1,2,2,2003,2003-03-31,44,36,8,13,5,0,1,8,5,2,8,1,1,1,1,1,2,2
2,40,36,4,8,2,1,1,4,3,0,8,0,1,0,0,0,0,0,2003,2003-04-01,84,72,12,21,7,1,2,12,8,2,16,1,2,1,1,1,2,2
3,41,38,5,12,3,1,2,5,3,0,6,0,0,0,0,1,3,0,2003,2003-04-02,125,110,17,33,10,2,4,17,11,2,22,1,2,1,1,2,5,2
4,38,31,1,2,0,0,1,1,7,0,16,0,0,0,3,1,0,0,2003,2003-04-03,163,141,18,35,10,2,5,18,18,2,38,1,2,1,4,3,5,2
5,37,33,2,7,1,0,1,2,3,0,3,0,1,0,0,0,1,0,2003,2003-04-04,200,174,20,42,11,2,6,20,21,2,41,1,3,1,4,3,6,2
6,32,30,0,4,2,0,0,0,2,0,4,0,0,0,2,1,0,1,2003,2003-04-05,232,204,20,46,13,2,6,20,23,2,45,1,3,1,6,4,6,3
7,50,45,4,8,2,0,0,4,4,1,7,1,0,0,0,1,0,0,2003,2003-04-06,282,249,24,54,15,2,6,24,27,3,52,2,3,1,6,5,6,3
8,48,44,4,11,1,0,2,4,2,0,6,0,2,0,1,1,0,1,2003,2003-04-07,330,293,28,65,16,2,8,28,29,3,58,2,5,1,7,6,6,4
9,38,29,5,9,3,0,0,3,3,0,3,2,3,1,1,1,0,0,2003,2003-04-08,368,322,33,74,19,2,8,31,32,3,61,4,8,2,8,7,6,4
10,33,28,5,7,1,0,1,5,4,0,6,1,0,0,0,3,1,0,2003,2003-04-09,401,350,38,81,20,2,9,36,36,3,67,5,8,2,8,10,7,4
11,32,31,1,6,1,0,0,0,1,0,6,0,0,0,0,2,0,0,2003,2003-04-10,433,381,39,87,21,2,9,36,37,3,73,5,8,2,8,12,7,4
12,35,32,2,5,0,0,1,2,2,0,2,0,1,0,1,0,0,0,2003,2003-04-11,468,413,41,92,21,2,10,38,39,3,75,5,9,2,9,12,7,4
13,52,46,4,14,1,0,0,4,5,0,12,0,1,0,0,1,1,1,2003,2003-04-13,520,459,45,106,22,2,10,42,44,3,87,5,10,2,9,13,8,5
14,40,32,2,8,1,0,0,2,4,0,7,2,1,1,0,0,0,0,2003,2003-04-15,560,491,47,114,23,2,10,44,48,3,94,7,11,3,9,13,8,5
15,33,30,3,8,2,0,0,3,1,0,5,1,1,0,0,0,2,1,2003,2003-04-16,593,521,50,122,25,2,10,47,49,3,99,8,12,3,9,13,10,6
16,38,33,4,9,2,0,1,4,5,0,7,0,0,0,0,0,1,0,2003,2003-04-17,631,554,54,131,27,2,11,51,54,3,106,8,12,3,9,13,11,6
17,34,29,1,4,1,0,0,1,4,0,11,0,1,0,0,0,1,0,2003,2003-04-18,665,583,55,135,28,2,11,52,58,3,117,8,13,3,9,13,12,6
18,36,34,3,9,2,0,1,2,2,0,6,0,0,0,1,3,1,0,2003,2003-04-19,701,617,58,144,30,2,12,54,60,3,123,8,13,3,10,16,13,6
19,47,40,16,18,5,0,1,16,5,0,6,0,1,1,1,0,0,0,2003,2003-04-20,748,657,74,162,35,2,13,70,65,3,129,8,14,4,11,16,13,6
20,35,33,2,7,0,0,0,2,1,0,8,1,0,0,0,0,1,0,2003,2003-04-22,783,690,76,169,35,2,13,72,66,3,137,9,14,4,11,16,14,6
21,34,31,0,9,0,0,0,0,2,0,3,0,1,0,0,4,0,0,2003,2003-04-23,817,721,76,178,35,2,13,72,68,3,140,9,15,4,11,20,14,6
22,48,39,2,8,4,0,0,2,7,0,5,0,2,0,1,0,0,0,2003,2003-04-24,865,760,78,186,39,2,13,74,75,3,145,9,17,4,12,20,14,6
23,37,36,5,10,6,0,0,5,0,0,6,0,1,0,0,0,0,0,2003,2003-04-25,902,796,83,196,45,2,13,79,75,3,151,9,18,4,12,20,14,6
24,35,32,4,6,0,0,1,4,1,1,7,2,0,0,0,1,0,0,2003,2003-04-26,937,828,87,202,45,2,14,83,76,4,158,11,18,4,12,21,14,6
25,41,32,6,10,3,1,1,6,5,1,5,2,1,1,0,1,0,1,2003,2003-04-27,978,860,93,212,48,3,15,89,81,5,163,13,19,5,12,22,14,7
26,35,33,0,8,0,0,0,0,0,0,4,1,1,0,0,1,0,0,2003,2003-04-28,1013,893,93,220,48,3,15,89,81,5,167,14,20,5,12,23,14,7
27,39,34,6,12,2,0,2,6,2,0,6,2,0,1,0,1,0,0,2003,2003-04-29,1052,927,99,232,50,3,17,95,83,5,173,16,20,6,12,24,14,7
28,32,29,4,6,0,0,2,4,2,0,2,0,1,0,1,1,0,0,2003,2003-04-30,1084,956,103,238,50,3,19,99,85,5,175,16,21,6,13,25,14,7
29,37,36,1,9,2,0,0,0,1,0,8,0,0,0,2,1,0,0,2003,2003-05-01,1121,992,104,247,52,3,19,99,86,5,183,16,21,6,15,26,14,7
30,36,33,3,10,2,0,0,3,3,0,7,0,0,0,0,1,0,1,2003,2003-05-02,1157,1025,107,257,54,3,19,102,89,5,190,16,21,6,15,27,14,8
31,36,36,4,12,5,0,1,4,0,0,3,0,0,0,0,0,2,0,2003,2003-05-03,1193,1061,111,269,59,3,20,106,89,5,193,16,21,6,15,27,16,8
32,31,30,3,6,2,0,0,2,1,1,5,0,0,0,0,0,0,0,2003,2003-05-04,1224,1091,114,275,61,3,20,108,90,6,198,16,21,6,15,27,16,8
33,36,32,2,5,0,0,0,1,3,0,8,1,0,0,0,0,0,0,2003,2003-05-06,1260,1123,116,280,61,3,20,109,93,6,206,17,21,6,15,27,16,8
34,34,30,2,5,0,0,0,2,2,0,5,0,1,1,0,0,0,0,2003,2003-05-07,1294,1153,118,285,61,3,20,111,95,6,211,17,22,7,15,27,16,8
35,39,35,6,12,3,0,0,6,4,1,5,0,0,0,0,3,0,0,2003,2003-05-08,1333,1188,124,297,64,3,20,117,99,7,216,17,22,7,15,30,16,8
36,49,42,9,15,2,0,2,7,6,0,5,1,0,0,0,0,2,0,2003,2003-05-09,1382,1230,133,312,66,3,22,124,105,7,221,18,22,7,15,30,18,8
37,39,35,5,13,1,0,1,5,2,0,6,0,1,1,0,2,1,0,2003,2003-05-10,1421,1265,138,325,67,3,23,129,107,7,227,18,23,8,15,32,19,8
38,37,32,4,7,3,0,1,3,4,2,6,0,1,0,0,2,2,0,2003,2003-05-11,1458,1297,142,332,70,3,24,132,111,9,233,18,24,8,15,34,21,8
39,36,30,4,5,3,0,1,3,6,1,7,0,0,0,0,1,0,1,2003,2003-05-12,1494,1327,146,337,73,3,25,135,117,10,240,18,24,8,15,35,21,9
40,34,31,1,5,1,0,0,1,2,0,4,0,1,0,0,0,3,0,2003,2003-05-13,1528,1358,147,342,74,3,25,136,119,10,244,18,25,8,15,35,24,9
41,34,31,5,8,1,0,1,4,3,1,4,0,0,0,0,1,0,0,2003,2003-05-14,1562,1389,152,350,75,3,26,140,122,11,248,18,25,8,15,36,24,9
42,32,29,2,6,2,0,0,2,0,0,5,2,1,0,0,0,0,0,2003,2003-05-16,1594,1418,154,356,77,3,26,142,122,11,253,20,26,8,15,36,24,9
43,36,35,4,11,1,0,2,4,1,0,5,0,0,0,0,0,0,0,2003,2003-05-17,1630,1453,158,367,78,3,28,146,123,11,258,20,26,8,15,36,24,9
44,32,30,2,5,2,1,0,2,2,0,5,0,0,0,1,0,1,0,2003,2003-05-18,1662,1483,160,372,80,4,28,148,125,11,263,20,26,8,16,36,25,9
45,33,31,3,8,2,1,0,3,1,0,4,1,0,0,0,0,0,1,2003,2003-05-20,1695,1514,163,380,82,5,28,151,126,11,267,21,26,8,16,36,25,10
46,37,31,3,11,3,1,0,3,4,1,4,0,2,0,0,1,1,0,2003,2003-05-21,1732,1545,166,391,85,6,28,154,130,12,271,21,28,8,16,37,26,10
47,35,30,4,7,1,0,0,3,2,0,6,2,0,1,1,1,0,0,2003,2003-05-22,1767,1575,170,398,86,6,28,157,132,12,277,23,28,9,17,38,26,10
48,39,37,6,11,2,0,1,5,2,0,5,0,0,0,0,1,0,0,2003,2003-05-23,1806,1612,176,409,88,6,29,162,134,12,282,23,28,9,17,39,26,10
49,42,37,6,11,1,0,1,6,4,1,6,1,0,0,0,1,0,0,2003,2003-05-24,1848,1649,182,420,89,6,30,168,138,13,288,24,28,9,17,40,26,10
50,37,34,5,6,1,0,2,5,0,0,3,2,1,0,1,0,0,0,2003,2003-05-25,1885,1683,187,426,90,6,32,173,138,13,291,26,29,9,18,40,26,10
51,38,36,3,9,0,0,0,3,2,1,6,0,0,0,0,0,0,0,2003,2003-05-27,1923,1719,190,435,90,6,32,176,140,14,297,26,29,9,18,40,26,10
52,33,31,0,4,0,0,0,0,1,0,7,1,0,0,0,0,0,0,2003,2003-05-28,1956,1750,190,439,90,6,32,176,141,14,304,27,29,9,18,40,26,10
53,45,38,5,14,2,2,0,5,3,1,8,2,1,1,0,0,1,0,2003,2003-05-29,2001,1788,195,453,92,8,32,181,144,15,312,29,30,10,18,40,27,10
54,34,33,3,6,4,0,1,3,1,0,8,0,0,0,0,0,0,0,2003,2003-05-30,2035,1821,198,459,96,8,33,184,145,15,320,29,30,10,18,40,27,10
55,36,32,3,9,3,0,1,3,4,1,6,0,0,0,0,1,1,0,2003,2003-05-31,2071,1853,201,468,99,8,34,187,149,16,326,29,30,10,18,41,28,10
56,35,30,3,6,1,0,1,3,2,0,8,2,1,0,0,1,0,1,2003,2003-06-01,2106,1883,204,474,100,8,35,190,151,16,334,31,31,10,18,42,28,11
57,43,33,4,10,3,0,0,3,7,1,6,2,1,0,1,3,0,0,2003,2003-06-03,2149,1916,208,484,103,8,35,193,158,17,340,33,32,10,19,45,28,11
58,30,30,1,3,1,0,0,1,0,0,8,0,0,0,0,0,0,0,2003,2003-06-04,2179,1946,209,487,104,8,35,194,158,17,348,33,32,10,19,45,28,11
59,33,30,5,7,3,1,1,5,1,1,2,0,1,1,1,0,0,0,2003,2003-06-05,2212,1976,214,494,107,9,36,199,159,18,350,33,33,11,20,45,28,11
60,30,27,2,5,0,0,1,2,2,0,8,0,1,0,0,1,0,0,2003,2003-06-06,2242,2003,216,499,107,9,37,201,161,18,358,33,34,11,20,46,28,11
61,31,30,1,4,1,0,0,1,0,0,5,0,0,1,1,1,0,0,2003,2003-06-07,2273,2033,217,503,108,9,37,202,161,18,363,33,34,12,21,47,28,11
62,34,34,3,8,0,0,2,3,0,0,11,0,0,0,0,0,0,0,2003,2003-06-08,2307,2067,220,511,108,9,39,205,161,18,374,33,34,12,21,47,28,11
63,45,41,3,6,1,0,0,3,3,0,7,1,0,0,1,0,3,2,2003,2003-06-10,2352,2108,223,517,109,9,39,208,164,18,381,34,34,12,22,47,31,13
64,35,31,3,4,2,0,0,3,3,0,8,0,0,1,0,0,1,0,2003,2003-06-11,2387,2139,226,521,111,9,39,211,167,18,389,34,34,13,22,47,32,13
65,37,35,3,10,1,0,0,3,1,0,4,0,1,0,0,1,2,0,2003,2003-06-12,2424,2174,229,531,112,9,39,214,168,18,393,34,35,13,22,48,34,13
66,45,40,4,11,5,1,0,3,2,0,5,2,1,0,1,1,0,0,2003,2003-06-13,2469,2214,233,542,117,10,39,217,170,18,398,36,36,13,23,49,34,13
67,39,34,5,10,4,0,1,5,4,0,6,1,0,0,0,2,1,0,2003,2003-06-14,2508,2248,238,552,121,10,40,222,174,18,404,37,36,13,23,51,35,13
68,39,33,4,7,1,0,0,4,5,0,5,1,0,0,2,2,2,1,2003,2003-06-15,2547,2281,242,559,122,10,40,226,179,18,409,38,36,13,25,53,37,14
69,34,30,4,9,1,0,1,4,2,1,3,1,0,1,0,1,1,1,2003,2003-06-17,2581,2311,246,568,123,10,41,230,181,19,412,39,36,14,25,54,38,15
70,38,33,8,11,4,0,0,8,4,0,0,0,0,1,0,0,0,0,2003,2003-06-18,2619,2344,254,579,127,10,41,238,185,19,412,39,36,15,25,54,38,15
71,32,30,0,3,0,0,0,0,2,0,11,0,0,0,1,1,1,0,2003,2003-06-19,2651,2374,254,582,127,10,41,238,187,19,423,39,36,15,26,55,39,15
72,31,31,5,9,1,0,4,5,0,0,3,0,0,0,0,1,0,0,2003,2003-06-20,2682,2405,259,591,128,10,45,243,187,19,426,39,36,15,26,56,39,15
73,33,30,4,7,0,0,1,4,2,0,6,0,1,0,1,1,1,0,2003,2003-06-21,2715,2435,263,598,128,10,46,247,189,19,432,39,37,15,27,57,40,15
74,38,37,3,9,2,1,0,3,1,0,8,0,0,0,1,0,0,0,2003,2003-06-22,2753,2472,266,607,130,11,46,250,190,19,440,39,37,15,28,57,40,15
75,44,40,2,10,1,0,0,1,4,1,0,0,0,0,1,3,0,0,2003,2003-06-23,2797,2512,268,617,131,11,46,251,194,20,440,39,37,15,29,60,40,15
76,33,30,1,4,0,0,0,1,0,0,6,2,0,1,1,0,0,0,2003,2003-06-24,2830,2542,269,621,131,11,46,252,194,20,446,41,37,16,30,60,40,15
77,45,40,6,16,3,0,2,6,3,0,5,2,0,0,0,2,0,1,2003,2003-06-25,2875,2582,275,637,134,11,48,258,197,20,451,43,37,16,30,62,40,16
78,30,29,0,5,1,0,0,0,1,1,4,0,0,0,0,1,0,1,2003,2003-06-27,2905,2611,275,642,135,11,48,258,198,21,455,43,37,16,30,63,40,17
79,34,33,1,6,1,0,0,1,1,1,7,0,0,0,1,1,0,0,2003,2003-06-28,2939,2644,276,648,136,11,48,259,199,22,462,43,37,16,31,64,40,17
80,36,33,1,7,0,0,1,1,3,0,7,0,0,0,1,2,0,0,2003,2003-06-29,2975,2677,277,655,136,11,49,260,202,22,469,43,37,16,32,66,40,17
81,33,33,1,8,2,0,0,1,0,0,4,0,0,0,0,2,0,0,2003,2003-07-01,3008,2710,278,663,138,11,49,261,202,22,473,43,37,16,32,68,40,17
82,38,34,3,6,0,0,3,3,2,0,8,0,2,0,0,0,0,0,2003,2003-07-02,3046,2744,281,669,138,11,52,264,204,22,481,43,39,16,32,68,40,17
83,39,37,4,9,1,0,0,4,1,0,6,1,0,0,1,0,1,0,2003,2003-07-03,3085,2781,285,678,139,11,52,268,205,22,487,44,39,16,33,68,41,17
84,39,36,1,6,0,0,0,1,2,0,12,0,1,0,2,0,2,0,2003,2003-07-04,3124,2817,286,684,139,11,52,269,207,22,499,44,40,16,35,68,43,17
85,31,31,2,5,1,0,0,2,0,0,8,0,0,0,2,0,0,0,2003,2003-07-05,3155,2848,288,689,140,11,52,271,207,22,507,44,40,16,37,68,43,17
86,35,31,1,4,2,0,0,1,3,0,10,0,1,0,2,1,0,0,2003,2003-07-06,3190,2879,289,693,142,11,52,272,210,22,517,44,41,16,39,69,43,17
87,34,30,1,5,1,1,1,1,4,0,8,0,0,0,0,1,0,0,2003,2003-07-07,3224,2909,290,698,143,12,53,273,214,22,525,44,41,16,39,70,43,17
88,40,36,5,9,1,0,1,4,2,0,5,1,0,1,2,1,0,0,2003,2003-07-08,3264,2945,295,707,144,12,54,277,216,22,530,45,41,17,41,71,43,17
89,41,35,6,11,2,0,1,6,5,1,7,0,1,0,0,1,1,1,2003,2003-07-09,3305,2980,301,718,146,12,55,283,221,23,537,45,42,17,41,72,44,18
90,43,41,9,15,4,0,0,9,2,0,3,0,0,0,0,1,1,0,2003,2003-07-10,3348,3021,310,733,150,12,55,292,223,23,540,45,42,17,41,73,45,18
91,43,42,6,13,2,0,0,4,1,0,4,0,0,0,2,0,0,0,2003,2003-07-11,3391,3063,316,746,152,12,55,296,224,23,544,45,42,17,43,73,45,18
92,36,34,3,7,1,0,3,3,1,0,8,1,0,0,1,0,1,0,2003,2003-07-12,3427,3097,319,753,153,12,58,299,225,23,552,46,42,17,44,73,46,18
93,41,36,9,12,5,1,1,8,3,0,4,2,0,0,0,2,0,1,2003,2003-07-13,3468,3133,328,765,158,13,59,307,228,23,556,48,42,17,44,75,46,19
94,33,31,6,8,2,0,2,6,1,0,8,1,0,0,0,0,0,0,2003,2003-07-17,3501,3164,334,773,160,13,61,313,229,23,564,49,42,17,44,75,46,19
95,38,34,8,11,3,0,1,8,2,0,7,1,0,1,1,0,1,1,2003,2003-07-18,3539,3198,342,784,163,13,62,321,231,23,571,50,42,18,45,75,47,20
96,34,32,1,6,2,0,1,1,2,0,4,0,0,0,0,0,0,0,2003,2003-07-19,3573,3230,343,790,165,13,63,322,233,23,575,50,42,18,45,75,47,20
97,39,39,7,12,0,0,5,7,0,0,8,0,0,0,0,0,0,0,2003,2003-07-20,3612,3269,350,802,165,13,68,329,233,23,583,50,42,18,45,75,47,20
98,34,33,1,6,2,1,1,1,1,0,5,0,0,0,0,0,0,0,2003,2003-07-21,3646,3302,351,808,167,14,69,330,234,23,588,50,42,18,45,75,47,20
99,36,33,5,10,3,0,0,5,2,1,1,0,0,1,1,0,0,1,2003,2003-07-22,3682,3335,356,818,170,14,69,335,236,24,589,50,42,19,46,75,47,21
100,33,32,3,6,1,0,0,3,1,0,13,0,0,0,0,0,0,0,2003,2003-07-23,3715,3367,359,824,171,14,69,338,237,24,602,50,42,19,46,75,47,21
101,39,35,1,6,0,0,0,1,1,0,10,2,1,0,0,1,0,0,2003,2003-07-24,3754,3402,360,830,171,14,69,339,238,24,612,52,43,19,46,76,47,21
102,51,46,1,3,1,0,1,1,3,0,11,1,1,0,0,0,0,1,2003,2003-07-25,3805,3448,361,833,172,14,70,340,241,24,623,53,44,19,46,76,47,22
103,36,33,0,6,0,0,0,0,3,1,8,0,0,0,0,0,1,0,2003,2003-07-26,3841,3481,361,839,172,14,70,340,244,25,631,53,44,19,46,76,48,22
104,35,34,1,9,2,0,0,1,0,0,8,0,1,0,0,1,0,0,2003,2003-07-27,3876,3515,362,848,174,14,70,341,244,25,639,53,45,19,46,77,48,22
105,32,28,0,3,0,0,0,0,1,0,4,2,1,0,0,0,0,1,2003,2003-07-29,3908,3543,362,851,174,14,70,341,245,25,643,55,46,19,46,77,48,23
106,35,32,2,9,2,0,1,2,1,0,7,1,1,0,0,2,0,1,2003,2003-07-30,3943,3575,364,860,176,14,71,343,246,25,650,56,47,19,46,79,48,24
107,38,35,3,7,2,0,1,3,3,0,5,0,0,0,0,0,0,0,2003,2003-07-31,3981,3610,367,867,178,14,72,346,249,25,655,56,47,19,46,79,48,24
108,36,30,0,4,1,0,0,0,6,0,7,0,0,0,1,1,1,1,2003,2003-08-01,4017,3640,367,871,179,14,72,346,255,25,662,56,47,19,47,80,49,25
109,36,34,4,7,5,0,0,4,1,0,11,0,0,1,1,0,0,0,2003,2003-08-02,4053,3674,371,878,184,14,72,350,256,25,673,56,47,20,48,80,49,25
110,42,38,8,10,1,1,2,8,4,0,11,0,0,0,0,0,0,0,2003,2003-08-03,4095,3712,379,888,185,15,74,358,260,25,684,56,47,20,48,80,49,25
111,34,30,5,7,3,0,1,4,4,0,6,0,0,0,0,1,4,0,2003,2003-08-05,4129,3742,384,895,188,15,75,362,264,25,690,56,47,20,48,81,53,25
112,35,29,2,8,3,0,1,2,5,2,3,0,1,0,0,2,0,0,2003,2003-08-06,4164,3771,386,903,191,15,76,364,269,27,693,56,48,20,48,83,53,25
113,39,33,4,9,3,0,0,4,6,2,4,0,0,0,0,1,1,0,2003,2003-08-07,4203,3804,390,912,194,15,76,368,275,29,697,56,48,20,48,84,54,25
114,35,30,3,8,1,0,1,3,4,0,8,0,0,1,1,2,2,0,2003,2003-08-08,4238,3834,393,920,195,15,77,371,279,29,705,56,48,21,49,86,56,25
115,35,29,6,8,1,0,2,6,5,0,6,0,0,1,0,1,0,1,2003,2003-08-09,4273,3863,399,928,196,15,79,377,284,29,711,56,48,22,49,87,56,26
116,31,29,1,5,1,0,0,1,1,0,9,0,1,0,0,1,1,1,2003,2003-08-10,4304,3892,400,933,197,15,79,378,285,29,720,56,49,22,49,88,57,27
117,44,38,9,16,1,1,1,9,4,0,2,0,1,1,0,1,0,0,2003,2003-08-11,4348,3930,409,949,198,16,80,387,289,29,722,56,50,23,49,89,57,27
118,53,49,4,10,3,0,1,4,4,1,11,0,0,0,0,0,2,0,2003,2003-08-12,4401,3979,413,959,201,16,81,391,293,30,733,56,50,23,49,89,59,27
119,44,36,1,7,1,0,0,1,6,0,7,2,0,0,0,3,1,0,2003,2003-08-13,4445,4015,414,966,202,16,81,392,299,30,740,58,50,23,49,92,60,27
120,43,35,6,12,2,0,2,6,5,1,6,1,2,0,0,2,3,0,2003,2003-08-14,4488,4050,420,978,204,16,83,398,304,31,746,59,52,23,49,94,63,27
121,34,33,1,7,1,1,0,1,0,0,5,1,0,0,0,1,0,0,2003,2003-08-15,4522,4083,421,985,205,17,83,399,304,31,751,60,52,23,49,95,63,27
122,49,40,10,16,3,0,2,9,7,1,6,0,1,1,0,0,1,1,2003,2003-08-16,4571,4123,431,1001,208,17,85,408,311,32,757,60,53,24,49,95,64,28
123,37,31,3,7,0,0,0,3,5,2,7,0,1,0,0,1,1,1,2003,2003-08-17,4608,4154,434,1008,208,17,85,411,316,34,764,60,54,24,49,96,65,29
124,39,34,5,9,2,0,1,5,4,0,6,1,0,0,0,0,0,0,2003,2003-08-19,4647,4188,439,1017,210,17,86,416,320,34,770,61,54,24,49,96,65,29
125,41,37,4,10,2,0,1,4,2,1,7,1,1,0,1,0,0,1,2003,2003-08-20,4688,4225,443,1027,212,17,87,420,322,35,777,62,55,24,50,96,65,30
126,30,29,2,5,2,0,0,2,1,0,4,0,0,0,1,1,1,0,2003,2003-08-21,4718,4254,445,1032,214,17,87,422,323,35,781,62,55,24,51,97,66,30
127,32,27,2,6,1,0,0,2,3,1,5,0,1,1,0,1,1,1,2003,2003-08-22,4750,4281,447,1038,215,17,87,424,326,36,786,62,56,25,51,98,67,31
128,33,32,0,6,1,0,0,0,1,0,6,0,0,0,0,0,0,0,2003,2003-08-23,4783,4313,447,1044,216,17,87,424,327,36,792,62,56,25,51,98,67,31
129,30,29,1,2,1,1,0,1,1,1,2,0,0,0,0,0,0,0,2003,2003-08-24,4813,4342,448,1046,217,18,87,425,328,37,794,62,56,25,51,98,67,31
130,38,33,4,8,1,0,2,3,3,0,7,1,1,0,1,1,1,1,2003,2003-08-26,4851,4375,452,1054,218,18,89,428,331,37,801,63,57,25,52,99,68,32
131,34,33,1,7,0,0,0,1,1,0,8,0,0,0,1,1,0,0,2003,2003-08-27,4885,4408,453,1061,218,18,89,429,332,37,809,63,57,25,53,100,68,32
132,39,37,6,11,3,0,1,6,2,0,4,0,0,0,0,1,1,0,2003,2003-08-28,4924,4445,459,1072,221,18,90,435,334,37,813,63,57,25,53,101,69,32
133,38,33,6,11,3,0,2,6,4,1,5,0,1,0,0,0,1,1,2003,2003-08-29,4962,4478,465,1083,224,18,92,441,338,38,818,63,58,25,53,101,70,33
134,38,32,5,8,1,0,0,5,6,0,2,0,0,0,0,0,1,0,2003,2003-08-30,5000,4510,470,1091,225,18,92,446,344,38,820,63,58,25,53,101,71,33
135,29,29,3,4,2,0,0,3,0,0,2,0,0,0,2,1,0,0,2003,2003-08-31,5029,4539,473,1095,227,18,92,449,344,38,822,63,58,25,55,102,71,33
136,37,32,1,5,1,0,1,1,5,0,5,0,0,0,0,0,1,0,2003,2003-09-01,5066,4571,474,1100,228,18,93,450,349,38,827,63,58,25,55,102,72,33
137,32,30,4,6,2,0,2,4,1,0,5,0,1,0,1,0,0,0,2003,2003-09-02,5098,4601,478,1106,230,18,95,454,350,38,832,63,59,25,56,102,72,33
138,35,33,2,6,1,0,0,2,2,0,8,0,0,0,0,0,0,0,2003,2003-09-03,5133,4634,480,1112,231,18,95,456,352,38,840,63,59,25,56,102,72,33
139,46,43,8,17,4,0,3,8,2,1,2,0,0,1,0,0,0,0,2003,2003-09-05,5179,4677,488,1129,235,18,98,464,354,39,842,63,59,26,56,102,72,33
140,42,39,10,13,1,0,3,8,3,0,3,0,0,0,1,1,0,1,2003,2003-09-06,5221,4716,498,1142,236,18,101,472,357,39,845,63,59,26,57,103,72,34
141,42,41,6,15,2,1,1,6,0,0,4,0,1,0,1,1,0,0,2003,2003-09-07,5263,4757,504,1157,238,19,102,478,357,39,849,63,60,26,58,104,72,34
142,43,38,10,14,0,1,3,10,4,1,8,0,1,0,0,1,0,0,2003,2003-09-08,5306,4795,514,1171,238,20,105,488,361,40,857,63,61,26,58,105,72,34
143,39,35,4,8,1,0,0,4,3,0,8,1,0,0,1,0,0,1,2003,2003-09-09,5345,4830,518,1179,239,20,105,492,364,40,865,64,61,26,59,105,72,35
144,33,30,4,6,1,1,0,3,1,0,4,1,1,0,0,1,2,0,2003,2003-09-10,5378,4860,522,1185,240,21,105,495,365,40,869,65,62,26,59,106,74,35
145,31,29,0,4,2,0,0,0,0,0,6,1,1,0,0,1,0,0,2003,2003-09-11,5409,4889,522,1189,242,21,105,495,365,40,875,66,63,26,59,107,74,35
146,36,33,6,9,1,0,3,4,3,1,5,0,0,0,1,1,0,0,2003,2003-09-12,5445,4922,528,1198,243,21,108,499,368,41,880,66,63,26,60,108,74,35
147,38,34,4,10,0,0,1,4,2,0,6,0,1,1,2,0,2,0,2003,2003-09-13,5483,4956,532,1208,243,21,109,503,370,41,886,66,64,27,62,108,76,35
148,37,35,5,12,1,1,4,5,2,0,9,0,0,0,1,0,0,0,2003,2003-09-14,5520,4991,537,1220,244,22,113,508,372,41,895,66,64,27,63,108,76,35
149,36,35,2,9,1,0,1,2,1,0,9,0,0,0,0,1,0,0,2003,2003-09-16,5556,5026,539,1229,245,22,114,510,373,41,904,66,64,27,63,109,76,35
150,33,29,0,3,0,0,0,0,3,0,5,1,0,0,0,0,0,0,2003,2003-09-17,5589,5055,539,1232,245,22,114,510,376,41,909,67,64,27,63,109,76,35
151,31,28,2,4,0,0,1,1,3,0,6,0,0,0,1,0,2,1,2003,2003-09-18,5620,5083,541,1236,245,22,115,511,379,41,915,67,64,27,64,109,78,36
152,40,37,4,11,1,0,1,4,2,0,9,1,0,0,0,0,1,0,2003,2003-09-19,5660,5120,545,1247,246,22,116,515,381,41,924,68,64,27,64,109,79,36
153,37,32,0,7,0,0,0,0,3,0,4,1,1,0,0,2,0,0,2003,2003-09-20,5697,5152,545,1254,246,22,116,515,384,41,928,69,65,27,64,111,79,36
154,34,29,7,10,0,2,4,7,3,1,3,0,1,1,0,2,0,0,2003,2003-09-21,5731,5181,552,1264,246,24,120,522,387,42,931,69,66,28,64,113,79,36
155,39,37,5,11,4,1,0,5,1,0,10,0,1,0,1,1,0,0,2003,2003-09-22,5770,5218,557,1275,250,25,120,527,388,42,941,69,67,28,65,114,79,36
156,36,33,2,9,1,0,1,2,2,0,4,0,1,0,0,1,0,0,2003,2003-09-23,5806,5251,559,1284,251,25,121,529,390,42,945,69,68,28,65,115,79,36
157,43,40,2,5,2,0,1,2,3,1,10,0,0,0,1,0,0,0,2003,2003-09-24,5849,5291,561,1289,253,25,122,531,393,43,955,69,68,28,66,115,79,36
158,37,32,1,9,0,0,1,1,3,0,4,0,2,0,1,3,0,0,2003,2003-09-25,5886,5323,562,1298,253,25,123,532,396,43,959,69,70,28,67,118,79,36
159,35,33,1,7,1,0,0,1,1,0,7,1,0,0,0,1,0,0,2003,2003-09-26,5921,5356,563,1305,254,25,123,533,397,43,966,70,70,28,67,119,79,36
160,37,34,5,7,1,0,0,5,2,0,5,1,0,0,0,0,0,0,2003,,5958,5390,568,1312,255,25,123,538,399,43,971,71,70,28,67,119,79,36
161,38,33,3,7,2,0,1,3,4,0,7,0,1,0,0,0,0,0,2003,,5996,5423,571,1319,257,25,124,541,403,43,978,71,71,28,67,119,79,36
162,40,35,3,9,3,0,0,3,4,0,7,1,0,0,1,2,1,0,2003,2003-09-28,6036,5458,574,1328,260,25,124,544,407,43,985,72,71,28,68,121,80,36
1,33,29,2,5,1,0,0,1,3,0,3,0,1,0,0,1,2,1,2002,2002-04-02,33,29,2,5,1,0,0,1,3,0,3,0,1,0,0,1,2,1
2,32,31,0,4,2,0,0,0,1,0,4,0,0,0,0,0,0,0,2002,2002-04-03,65,60,2,9,3,0,0,1,4,0,7,0,1,0,0,1,2,1
3,32,28,0,3,1,0,0,0,2,0,6,0,2,0,1,1,0,0,2002,2002-04-04,97,88,2,12,4,0,0,1,6,0,13,0,3,0,1,2,2,1
4,39,33,9,11,5,1,1,9,5,0,2,0,1,0,0,0,0,0,2002,2002-04-05,136,121,11,23,9,1,1,10,11,0,15,0,4,0,1,2,2,1
5,36,32,9,9,2,0,1,8,3,0,6,1,0,0,1,1,0,0,2002,2002-04-06,172,153,20,32,11,1,2,18,14,0,21,1,4,0,2,3,2,1
6,42,34,6,13,2,0,1,6,6,2,5,2,0,0,1,4,0,0,2002,2002-04-07,214,187,26,45,13,1,3,24,20,2,26,3,4,0,3,7,2,1
7,38,35,3,10,2,0,1,3,2,0,4,0,1,0,1,2,0,0,2002,2002-04-09,252,222,29,55,15,1,4,27,22,2,30,3,5,0,4,9,2,1
8,36,34,1,8,2,0,0,1,2,0,7,0,0,0,0,0,2,0,2002,2002-04-10,288,256,30,63,17,1,4,28,24,2,37,3,5,0,4,9,4,1
9,36,35,4,10,2,0,2,4,0,0,3,0,1,0,0,1,0,0,2002,2002-04-11,324,291,34,73,19,1,6,32,24,2,40,3,6,0,4,10,4,1
10,34,31,3,9,2,2,0,3,2,1,5,1,0,0,0,4,0,1,2002,2002-04-12,358,322,37,82,21,3,6,35,26,3,45,4,6,0,4,14,4,2
11,39,34,4,9,3,0,1,4,4,0,12,0,0,1,0,0,1,1,2002,2002-04-13,397,356,41,91,24,3,7,39,30,3,57,4,6,1,4,14,5,3
12,35,32,0,5,0,0,0,0,3,0,3,0,0,0,0,1,0,0,2002,2002-04-14,432,388,41,96,24,3,7,39,33,3,60,4,6,1,4,15,5,3
13,37,34,5,9,1,0,2,5,3,0,6,0,0,0,1,1,0,1,2002,2002-04-15,469,422,46,105,25,3,9,44,36,3,66,4,6,1,5,16,5,4
14,36,34,4,11,0,0,3,4,1,0,3,0,1,0,0,2,0,0,2002,2002-04-16,505,456,50,116,25,3,12,48,37,3,69,4,7,1,5,18,5,4
15,44,36,6,10,5,0,0,6,7,1,10,0,0,1,1,0,0,0,2002,2002-04-17,549,492,56,126,30,3,12,54,44,4,79,4,7,2,6,18,5,4
16,37,32,5,9,2,0,2,5,4,0,4,0,0,1,1,0,3,0,2002,2002-04-18,586,524,61,135,32,3,14,59,48,4,83,4,7,3,7,18,8,4
17,34,29,5,7,2,2,0,5,2,1,6,1,1,1,0,0,0,0,2002,2002-04-19,620,553,66,142,34,5,14,64,50,5,89,5,8,4,7,18,8,4
18,33,32,4,9,3,0,2,4,0,0,4,0,1,0,1,1,0,0,2002,2002-04-20,653,585,70,151,37,5,16,68,50,5,93,5,9,4,8,19,8,4
19,33,31,0,3,1,1,0,0,2,0,15,0,0,0,1,0,0,0,2002,2002-04-21,686,616,70,154,38,6,16,68,52,5,108,5,9,4,9,19,8,4
20,48,39,9,14,3,0,0,9,6,1,5,2,1,0,1,1,1,0,2002,2002-04-23,734,655,79,168,41,6,16,77,58,6,113,7,10,4,10,20,9,4
21,38,33,5,10,2,0,1,5,4,1,5,0,0,1,0,1,1,0,2002,2002-04-24,772,688,84,178,43,6,17,82,62,7,118,7,10,5,10,21,10,4
22,38,35,2,9,2,0,0,2,1,0,11,2,0,0,2,2,0,1,2002,2002-04-25,810,723,86,187,45,6,17,84,63,7,129,9,10,5,12,23,10,5
23,49,38,10,11,6,0,0,10,9,1,5,1,0,1,1,0,1,0,2002,2002-04-26,859,761,96,198,51,6,17,94,72,8,134,10,10,6,13,23,11,5
24,42,34,5,12,1,0,1,5,6,1,6,0,1,1,0,1,0,2,2002,,901,795,101,210,52,6,18,99,78,9,140,10,11,7,13,24,11,7
25,34,34,4,10,4,1,0,4,0,0,7,0,0,0,1,2,0,2,2002,,935,829,105,220,56,7,18,103,78,9,147,10,11,7,14,26,11,9
26,36,34,1,8,2,0,0,0,1,0,5,1,0,0,1,2,0,0,2002,2002-04-30,971,863,106,228,58,7,18,103,79,9,152,11,11,7,15,28,11,9
27,34,33,0,8,0,0,0,0,1,0,9,0,0,0,1,2,0,0,2002,2002-05-01,1005,896,106,236,58,7,18,103,80,9,161,11,11,7,16,30,11,9
28,52,49,3,12,2,0,1,3,2,1,10,0,1,0,0,1,2,0,2002,2002-05-02,1057,945,109,248,60,7,19,106,82,10,171,11,12,7,16,31,13,9
29,39,36,3,10,0,0,0,3,3,0,6,0,0,0,0,1,0,0,2002,2002-05-03,1096,981,112,258,60,7,19,109,85,10,177,11,12,7,16,32,13,9
30,36,34,3,11,3,0,0,3,2,1,7,0,0,0,0,1,2,0,2002,2002-05-04,1132,1015,115,269,63,7,19,112,87,11,184,11,12,7,16,33,15,9
31,35,33,0,4,0,0,0,0,2,0,8,0,0,0,2,0,0,0,2002,2002-05-05,1167,1048,115,273,63,7,19,112,89,11,192,11,12,7,18,33,15,9
32,68,57,6,14,4,0,2,6,8,2,9,1,2,0,1,2,1,0,2002,2002-05-07,1235,1105,121,287,67,7,21,118,97,13,201,12,14,7,19,35,16,9
33,35,32,3,8,0,0,0,3,1,0,3,1,1,0,0,3,0,0,2002,2002-05-08,1270,1137,124,295,67,7,21,121,98,13,204,13,15,7,19,38,16,9
34,37,34,2,7,2,0,0,2,3,0,1,0,0,0,0,1,0,0,2002,2002-05-09,1307,1171,126,302,69,7,21,123,101,13,205,13,15,7,19,39,16,9
35,38,31,3,6,1,0,0,3,6,0,11,0,0,1,0,0,0,0,2002,2002-05-10,1345,1202,129,308,70,7,21,126,107,13,216,13,15,8,19,39,16,9
36,35,33,3,6,2,0,0,3,2,0,8,0,0,0,2,2,0,0,2002,2002-05-11,1380,1235,132,314,72,7,21,129,109,13,224,13,15,8,21,41,16,9
37,35,31,3,9,2,0,1,3,2,0,7,1,0,1,0,3,0,1,2002,2002-05-12,1415,1266,135,323,74,7,22,132,111,13,231,14,15,9,21,44,16,10
38,53,44,3,13,0,0,0,3,7,2,9,0,1,1,0,4,0,0,2002,2002-05-13,1468,1310,138,336,74,7,22,135,118,15,240,14,16,10,21,48,16,10
39,29,27,0,2,1,0,0,0,2,0,9,0,0,0,0,1,0,1,2002,2002-05-14,1497,1337,138,338,75,7,22,135,120,15,249,14,16,10,21,49,16,11
40,30,28,0,2,0,0,0,0,2,0,8,0,0,0,0,1,0,0,2002,2002-05-15,1527,1365,138,340,75,7,22,135,122,15,257,14,16,10,21,50,16,11
41,37,34,4,12,3,0,1,4,2,0,4,1,0,0,0,1,0,0,2002,2002-05-16,1564,1399,142,352,78,7,23,139,124,15,261,15,16,10,21,51,16,11
42,39,35,8,10,3,0,2,7,4,1,6,0,0,0,2,1,1,0,2002,2002-05-17,1603,1434,150,362,81,7,25,146,128,16,267,15,16,10,23,52,17,11
43,32,30,1,7,1,0,0,1,1,0,6,0,0,1,0,1,0,1,2002,2002-05-18,1635,1464,151,369,82,7,25,147,129,16,273,15,16,11,23,53,17,12
44,40,37,10,15,4,0,3,10,3,1,5,0,0,0,0,1,1,0,2002,2002-05-19,1675,1501,161,384,86,7,28,157,132,17,278,15,16,11,23,54,18,12
45,40,35,6,11,2,0,4,6,3,0,4,1,1,0,0,1,1,1,2002,2002-05-21,1715,1536,167,395,88,7,32,163,135,17,282,16,17,11,23,55,19,13
46,35,33,1,7,2,1,0,1,2,0,8,0,0,0,0,1,0,1,2002,2002-05-22,1750,1569,168,402,90,8,32,164,137,17,290,16,17,11,23,56,19,14
47,50,44,16,19,3,0,8,16,4,1,7,0,1,1,0,0,0,0,2002,2002-05-23,1800,1613,184,421,93,8,40,180,141,18,297,16,18,12,23,56,19,14
48,37,37,3,10,0,0,1,3,0,0,8,0,0,0,0,0,0,0,2002,2002-05-24,1837,1650,187,431,93,8,41,183,141,18,305,16,18,12,23,56,19,14
49,40,36,10,10,2,0,3,10,3,0,4,0,0,1,0,0,1,0,2002,2002-05-25,1877,1686,197,441,95,8,44,193,144,18,309,16,18,13,23,56,20,14
50,48,44,9,16,2,0,3,9,3,0,8,0,0,1,0,1,0,0,2002,2002-05-26,1925,1730,206,457,97,8,47,202,147,18,317,16,18,14,23,57,20,14
51,39,34,5,14,1,1,1,5,3,1,5,1,1,0,0,0,3,2,2002,2002-05-27,1964,1764,211,471,98,9,48,207,150,19,322,17,19,14,23,57,23,16
52,38,32,8,13,0,0,1,7,2,0,2,0,3,1,0,2,0,0,2002,2002-05-28,2002,1796,219,484,98,9,49,214,152,19,324,17,22,15,23,59,23,16
53,32,25,4,4,1,0,2,4,6,0,3,0,1,0,0,1,1,0,2002,2002-05-29,2034,1821,223,488,99,9,51,218,158,19,327,17,23,15,23,60,24,16
54,34,33,3,7,2,0,1,3,1,0,5,0,0,0,2,2,0,0,2002,2002-05-31,2068,1854,226,495,101,9,52,221,159,19,332,17,23,15,25,62,24,16
55,26,26,2,2,0,0,1,2,0,0,5,0,0,0,0,0,1,0,2002,2002-06-01,2094,1880,228,497,101,9,53,223,159,19,337,17,23,15,25,62,25,16
56,36,34,6,10,1,0,1,5,2,0,4,0,0,0,1,1,2,0,2002,2002-06-02,2130,1914,234,507,102,9,54,228,161,19,341,17,23,15,26,63,27,16
57,45,40,11,12,4,1,1,9,4,1,6,1,0,0,0,0,0,0,2002,2002-06-03,2175,1954,245,519,106,10,55,237,165,20,347,18,23,15,26,63,27,16
58,44,36,10,13,5,1,1,10,5,1,4,0,2,1,0,0,1,0,2002,2002-06-04,2219,1990,255,532,111,11,56,247,170,21,351,18,25,16,26,63,28,16
59,41,39,6,14,2,0,0,6,0,0,5,1,0,1,0,1,0,0,2002,2002-06-05,2260,2029,261,546,113,11,56,253,170,21,356,19,25,17,26,64,28,16
60,34,33,2,7,0,0,0,1,1,0,4,0,0,0,1,1,0,0,2002,2002-06-07,2294,2062,263,553,113,11,56,254,171,21,360,19,25,17,27,65,28,16
61,40,36,8,11,2,1,2,8,3,1,5,0,0,1,1,2,3,0,2002,2002-06-08,2334,2098,271,564,115,12,58,262,174,22,365,19,25,18,28,67,31,16
62,33,30,2,5,1,0,0,2,2,0,3,0,0,1,1,2,0,0,2002,2002-06-09,2367,2128,273,569,116,12,58,264,176,22,368,19,25,19,29,69,31,16
63,43,40,10,14,4,1,2,10,2,0,7,0,0,1,0,0,0,0,2002,2002-06-10,2410,2168,283,583,120,13,60,274,178,22,375,19,25,20,29,69,31,16
64,32,32,2,6,2,0,0,2,0,0,4,0,0,0,1,2,2,0,2002,2002-06-11,2442,2200,285,589,122,13,60,276,178,22,379,19,25,20,30,71,33,16
65,36,34,4,7,2,0,1,4,1,0,7,1,0,0,0,0,2,0,2002,2002-06-12,2478,2234,289,596,124,13,61,280,179,22,386,20,25,20,30,71,35,16
66,32,31,4,4,0,0,4,4,1,0,8,0,0,0,0,0,0,0,2002,2002-06-14,2510,2265,293,600,124,13,65,284,180,22,394,20,25,20,30,71,35,16
67,40,35,10,14,2,0,4,10,4,0,6,0,1,0,0,1,0,0,2002,2002-06-15,2550,2300,303,614,126,13,69,294,184,22,400,20,26,20,30,72,35,16
68,35,31,5,9,4,0,2,5,1,0,6,1,2,0,0,0,0,0,2002,2002-06-16,2585,2331,308,623,130,13,71,299,185,22,406,21,28,20,30,72,35,16
69,34,32,1,4,0,0,0,1,2,0,7,0,0,0,1,0,1,0,2002,2002-06-18,2619,2363,309,627,130,13,71,300,187,22,413,21,28,20,31,72,36,16
70,37,31,5,8,0,0,1,5,6,1,5,0,0,0,0,1,2,0,2002,2002-06-19,2656,2394,314,635,130,13,72,305,193,23,418,21,28,20,31,73,38,16
71,31,28,2,6,1,0,0,2,3,1,1,0,0,0,0,1,0,0,2002,2002-06-20,2687,2422,316,641,131,13,72,307,196,24,419,21,28,20,31,74,38,16
72,35,30,3,8,2,0,1,3,4,0,4,0,1,0,0,0,1,1,2002,2002-06-21,2722,2452,319,649,133,13,73,310,200,24,423,21,29,20,31,74,39,17
73,30,28,5,6,1,0,1,5,1,0,3,0,1,0,1,0,1,2,2002,2002-06-22,2752,2480,324,655,134,13,74,315,201,24,426,21,30,20,32,74,40,19
74,38,36,9,13,3,0,0,9,2,0,8,0,0,0,0,0,0,0,2002,2002-06-23,2790,2516,333,668,137,13,74,324,203,24,434,21,30,20,32,74,40,19
75,31,28,1,5,0,0,1,1,3,0,5,0,0,0,0,3,1,0,2002,2002-06-24,2821,2544,334,673,137,13,75,325,206,24,439,21,30,20,32,77,41,19
76,30,28,4,5,3,0,2,4,1,0,2,0,0,1,0,0,0,0,2002,2002-06-25,2851,2572,338,678,140,13,77,329,207,24,441,21,30,21,32,77,41,19
77,35,32,5,9,3,0,1,4,1,0,3,0,1,1,0,0,0,0,2002,2002-06-26,2886,2604,343,687,143,13,78,333,208,24,444,21,31,22,32,77,41,19
78,38,36,7,13,2,0,3,7,1,0,3,0,1,0,0,0,0,0,2002,2002-06-27,2924,2640,350,700,145,13,81,340,209,24,447,21,32,22,32,77,41,19
79,40,36,7,13,2,1,0,7,2,0,6,1,1,0,0,2,1,0,2002,2002-06-28,2964,2676,357,713,147,14,81,347,211,24,453,22,33,22,32,79,42,19
80,32,30,0,3,0,0,0,0,1,0,5,1,0,0,0,0,0,0,2002,2002-06-29,2996,2706,357,716,147,14,81,347,212,24,458,23,33,22,32,79,42,19
81,36,32,1,5,3,0,0,1,3,0,3,1,0,0,0,0,2,0,2002,2002-06-30,3032,2738,358,721,150,14,81,348,215,24,461,24,33,22,32,79,44,19
82,39,39,4,11,5,0,0,4,0,0,8,0,0,0,2,0,0,1,2002,2002-07-01,3071,2777,362,732,155,14,81,352,215,24,469,24,33,22,34,79,44,20
83,41,34,8,7,1,0,3,7,4,0,6,2,1,0,1,0,0,0,2002,2002-07-02,3112,2811,370,739,156,14,84,359,219,24,475,26,34,22,35,79,44,20
84,35,34,3,7,2,0,1,3,1,0,4,0,0,0,0,0,0,0,2002,2002-07-03,3147,2845,373,746,158,14,85,362,220,24,479,26,34,22,35,79,44,20
85,38,37,2,11,1,0,0,2,1,0,3,0,0,0,0,1,0,0,2002,2002-07-04,3185,2882,375,757,159,14,85,364,221,24,482,26,34,22,35,80,44,20
86,38,33,6,10,4,0,0,6,2,0,6,1,1,1,0,1,1,0,2002,2002-07-05,3223,2915,381,767,163,14,85,370,223,24,488,27,35,23,35,81,45,20
87,43,38,4,7,2,0,1,4,3,0,13,0,0,2,1,0,0,0,2002,2002-07-06,3266,2953,385,774,165,14,86,374,226,24,501,27,35,25,36,81,45,20
88,46,38,6,13,4,0,0,6,5,1,6,2,0,1,1,3,1,0,2002,2002-07-07,3312,2991,391,787,169,14,86,380,231,25,507,29,35,26,37,84,46,20
89,38,33,3,7,1,0,2,3,4,1,9,0,1,0,0,0,1,0,2002,2002-07-11,3350,3024,394,794,170,14,88,383,235,26,516,29,36,26,37,84,47,20
90,34,32,2,5,1,1,0,1,2,0,5,0,0,0,1,1,0,0,2002,2002-07-12,3384,3056,396,799,171,15,88,384,237,26,521,29,36,26,38,85,47,20
91,38,34,5,9,2,0,1,5,2,0,4,1,1,0,0,1,0,0,2002,2002-07-13,3422,3090,401,808,173,15,89,389,239,26,525,30,37,26,38,86,47,20
92,32,28,2,5,0,0,0,2,3,0,3,0,0,1,1,1,1,0,2002,2002-07-14,3454,3118,403,813,173,15,89,391,242,26,528,30,37,27,39,87,48,20
93,38,35,2,11,0,0,1,2,1,0,4,1,1,0,0,2,1,0,2002,2002-07-15,3492,3153,405,824,173,15,90,393,243,26,532,31,38,27,39,89,49,20
94,36,33,2,5,1,0,1,2,3,1,10,0,0,0,1,1,1,0,2002,2002-07-16,3528,3186,407,829,174,15,91,395,246,27,542,31,38,27,40,90,50,20
95,31,30,0,4,0,0,0,0,1,0,7,0,0,0,0,1,0,0,2002,2002-07-17,3559,3216,407,833,174,15,91,395,247,27,549,31,38,27,40,91,50,20
96,33,29,1,5,0,0,0,1,3,0,2,0,1,0,0,1,1,0,2002,2002-07-18,3592,3245,408,838,174,15,91,396,250,27,551,31,39,27,40,92,51,20
97,48,43,2,9,2,1,0,2,5,2,9,0,0,0,0,1,0,1,2002,2002-07-19,3640,3288,410,847,176,16,91,398,255,29,560,31,39,27,40,93,51,21
98,40,35,4,11,0,0,0,4,3,1,6,1,1,0,1,0,3,0,2002,2002-07-20,3680,3323,414,858,176,16,91,402,258,30,566,32,40,27,41,93,54,21
99,37,34,4,11,1,0,0,4,2,0,3,0,1,0,0,1,0,2,2002,2002-07-21,3717,3357,418,869,177,16,91,406,260,30,569,32,41,27,41,94,54,23
100,40,37,2,13,0,0,0,2,1,0,3,1,1,0,0,1,2,0,2002,2002-07-22,3757,3394,420,882,177,16,91,408,261,30,572,33,42,27,41,95,56,23
101,40,36,8,11,2,0,2,7,2,1,1,0,1,1,2,2,1,0,2002,2002-07-23,3797,3430,428,893,179,16,93,415,263,31,573,33,43,28,43,97,57,23
102,33,32,0,5,0,0,0,0,1,0,4,0,0,0,1,1,0,0,2002,2002-07-24,3830,3462,428,898,179,16,93,415,264,31,577,33,43,28,44,98,57,23
103,47,43,11,18,2,2,0,11,4,0,2,0,0,0,0,1,1,0,2002,2002-07-26,3877,3505,439,916,181,18,93,426,268,31,579,33,43,28,44,99,58,23
104,41,36,5,11,0,1,0,4,4,0,3,0,1,0,1,1,1,0,2002,2002-07-27,3918,3541,444,927,181,19,93,430,272,31,582,33,44,28,45,100,59,23
105,34,31,1,4,2,0,0,1,2,0,14,1,0,0,0,0,1,0,2002,2002-07-28,3952,3572,445,931,183,19,93,431,274,31,596,34,44,28,45,100,60,23
106,38,36,4,10,2,1,0,4,2,0,4,0,0,0,0,0,1,0,2002,2002-07-30,3990,3608,449,941,185,20,93,435,276,31,600,34,44,28,45,100,61,23
107,44,40,11,15,4,0,4,11,2,0,2,0,0,2,0,0,2,0,2002,2002-07-31,4034,3648,460,956,189,20,97,446,278,31,602,34,44,30,45,100,63,23
108,53,51,4,13,3,1,1,4,2,2,8,0,0,0,0,1,1,1,2002,2002-08-01,4087,3699,464,969,192,21,98,450,280,33,610,34,44,30,45,101,64,24
109,33,30,1,5,0,0,0,1,1,0,3,1,0,1,0,1,0,0,2002,2002-08-02,4120,3729,465,974,192,21,98,451,281,33,613,35,44,31,45,102,64,24
110,53,50,8,14,4,0,2,8,2,0,10,0,1,0,2,0,0,0,2002,2002-08-03,4173,3779,473,988,196,21,100,459,283,33,623,35,45,31,47,102,64,24
111,35,30,4,9,1,0,2,4,3,0,6,1,1,0,0,2,0,2,2002,2002-08-04,4208,3809,477,997,197,21,102,463,286,33,629,36,46,31,47,104,64,26
112,37,35,5,9,2,0,2,5,1,0,10,0,1,0,0,0,0,0,2002,2002-08-05,4245,3844,482,1006,199,21,104,468,287,33,639,36,47,31,47,104,64,26
113,38,34,1,8,2,0,0,1,4,1,4,0,0,0,0,1,1,0,2002,2002-08-06,4283,3878,483,1014,201,21,104,469,291,34,643,36,47,31,47,105,65,26
114,31,29,4,7,1,0,1,4,2,0,3,0,0,0,0,2,0,0,2002,2002-08-07,4314,3907,487,1021,202,21,105,473,293,34,646,36,47,31,47,107,65,26
115,41,34,10,13,2,0,2,9,5,1,5,0,0,2,2,1,3,1,2002,2002-08-08,4355,3941,497,1034,204,21,107,482,298,35,651,36,47,33,49,108,68,27
116,35,32,7,10,2,0,4,7,3,0,3,0,0,0,0,2,0,0,2002,2002-08-09,4390,3973,504,1044,206,21,111,489,301,35,654,36,47,33,49,110,68,27
117,43,38,10,15,4,0,2,10,4,0,5,1,0,0,0,1,1,0,2002,2002-08-10,4433,4011,514,1059,210,21,113,499,305,35,659,37,47,33,49,111,69,27
118,35,31,3,7,1,0,2,3,2,0,0,0,1,1,1,0,0,0,2002,2002-08-11,4468,4042,517,1066,211,21,115,502,307,35,659,37,48,34,50,111,69,27
119,35,33,3,7,3,0,0,3,1,0,9,0,1,0,1,0,0,1,2002,2002-08-13,4503,4075,520,1073,214,21,115,505,308,35,668,37,49,34,51,111,69,28
120,42,38,5,14,5,0,1,4,3,1,9,0,1,0,1,2,0,1,2002,2002-08-14,4545,4113,525,1087,219,21,116,509,311,36,677,37,50,34,52,113,69,29
121,32,31,1,7,2,0,0,1,0,0,6,0,1,0,0,2,0,0,2002,2002-08-15,4577,4144,526,1094,221,21,116,510,311,36,683,37,51,34,52,115,69,29
122,35,33,3,7,1,0,1,2,2,0,6,0,0,0,0,0,0,1,2002,2002-08-16,4612,4177,529,1101,222,21,117,512,313,36,689,37,51,34,52,115,69,30
123,46,43,10,17,2,1,1,10,2,1,6,1,0,0,0,1,1,0,2002,2002-08-17,4658,4220,539,1118,224,22,118,522,315,37,695,38,51,34,52,116,70,30
124,38,34,2,9,1,1,0,2,3,0,10,0,0,1,0,1,4,0,2002,2002-08-18,4696,4254,541,1127,225,23,118,524,318,37,705,38,51,35,52,117,74,30
125,36,33,3,7,1,0,0,3,3,1,5,0,0,0,0,1,1,0,2002,2002-08-20,4732,4287,544,1134,226,23,118,527,321,38,710,38,51,35,52,118,75,30
126,40,35,4,8,1,0,1,4,3,0,2,0,2,0,0,0,1,0,2002,2002-08-21,4772,4322,548,1142,227,23,119,531,324,38,712,38,53,35,52,118,76,30
127,36,33,6,10,2,0,1,6,2,0,10,1,0,0,0,0,1,1,2002,2002-08-22,4808,4355,554,1152,229,23,120,537,326,38,722,39,53,35,52,118,77,31
128,41,34,4,9,0,0,2,4,6,2,7,1,0,0,0,0,1,0,2002,2002-08-23,4849,4389,558,1161,229,23,122,541,332,40,729,40,53,35,52,118,78,31
129,35,29,4,7,3,0,1,4,4,0,5,0,1,1,1,1,0,0,2002,2002-08-24,4884,4418,562,1168,232,23,123,545,336,40,734,40,54,36,53,119,78,31
130,37,34,5,10,4,1,0,5,2,0,5,0,1,0,1,3,0,0,2002,2002-08-25,4921,4452,567,1178,236,24,123,550,338,40,739,40,55,36,54,122,78,31
131,49,42,3,9,0,1,1,3,5,0,15,0,1,1,0,1,1,1,2002,2002-08-26,4970,4494,570,1187,236,25,124,553,343,40,754,40,56,37,54,123,79,32
132,35,32,6,8,0,0,1,6,2,1,4,1,0,0,0,0,2,0,2002,2002-08-27,5005,4526,576,1195,236,25,125,559,345,41,758,41,56,37,54,123,81,32
133,28,27,1,4,1,0,1,1,1,0,4,0,0,0,0,0,0,1,2002,2002-08-28,5033,4553,577,1199,237,25,126,560,346,41,762,41,56,37,54,123,81,33
134,32,32,4,5,1,0,1,4,0,0,9,0,0,0,1,1,0,0,2002,2002-08-30,5065,4585,581,1204,238,25,127,564,346,41,771,41,56,37,55,124,81,33
135,34,31,4,6,2,0,0,4,3,1,6,0,0,0,0,2,1,0,2002,2002-08-31,5099,4616,585,1210,240,25,127,568,349,42,777,41,56,37,55,126,82,33
136,39,36,2,9,1,0,0,2,3,0,13,0,0,0,0,0,2,0,2002,2002-09-01,5138,4652,587,1219,241,25,127,570,352,42,790,41,56,37,55,126,84,33
137,56,50,19,24,5,1,5,18,4,0,4,1,0,1,0,0,3,0,2002,2002-09-02,5194,4702,606,1243,246,26,132,588,356,42,794,42,56,38,55,126,87,33
138,36,33,3,6,3,0,1,3,3,0,3,0,0,0,2,0,0,1,2002,2002-09-03,5230,4735,609,1249,249,26,133,591,359,42,797,42,56,38,57,126,87,34
139,31,29,1,3,2,0,1,1,0,0,8,1,1,0,0,0,0,0,2002,2002-09-04,5261,4764,610,1252,251,26,134,592,359,42,805,43,57,38,57,126,87,34
140,34,27,3,7,1,0,0,3,4,2,2,1,1,1,0,0,1,0,2002,2002-09-06,5295,4791,613,1259,252,26,134,595,363,44,807,44,58,39,57,126,88,34
141,35,32,1,6,2,0,0,1,3,0,4,0,0,0,0,1,0,0,2002,2002-09-07,5330,4823,614,1265,254,26,134,596,366,44,811,44,58,39,57,127,88,34
142,33,31,2,4,1,0,0,2,2,0,12,0,0,0,0,0,1,0,2002,2002-09-08,5363,4854,616,1269,255,26,134,598,368,44,823,44,58,39,57,127,89,34
143,38,36,5,9,2,0,0,4,2,0,6,0,0,0,0,0,1,0,2002,2002-09-09,5401,4890,621,1278,257,26,134,602,370,44,829,44,58,39,57,127,90,34
144,33,31,2,6,0,0,1,2,1,0,9,0,0,1,0,1,0,0,2002,2002-09-10,5434,4921,623,1284,257,26,135,604,371,44,838,44,58,40,57,128,90,34
145,43,41,7,14,3,1,1,7,1,0,3,1,0,0,1,1,1,0,2002,2002-09-11,5477,4962,630,1298,260,27,136,611,372,44,841,45,58,40,58,129,91,34
146,30,29,1,3,0,0,1,1,1,0,4,0,0,0,0,1,1,0,2002,2002-09-12,5507,4991,631,1301,260,27,137,612,373,44,845,45,58,40,58,130,92,34
147,35,32,4,10,3,0,2,4,1,0,2,2,0,0,0,4,0,0,2002,2002-09-13,5542,5023,635,1311,263,27,139,616,374,44,847,47,58,40,58,134,92,34
148,55,47,16,20,3,0,2,16,7,0,12,1,0,0,1,1,1,0,2002,2002-09-14,5597,5070,651,1331,266,27,141,632,381,44,859,48,58,40,59,135,93,34
149,39,36,4,9,2,0,2,4,3,0,4,0,0,0,0,0,0,0,2002,2002-09-15,5636,5106,655,1340,268,27,143,636,384,44,863,48,58,40,59,135,93,34
150,41,35,7,12,1,0,2,7,4,1,7,1,1,0,1,1,0,0,2002,2002-09-16,5677,5141,662,1352,269,27,145,643,388,45,870,49,59,40,60,136,93,34
151,36,33,4,10,1,0,1,4,2,0,4,0,0,1,0,1,0,1,2002,2002-09-17,5713,5174,666,1362,270,27,146,647,390,45,874,49,59,41,60,137,93,35
152,41,36,4,8,1,0,2,4,5,0,9,0,0,0,1,0,0,0,2002,2002-09-18,5754,5210,670,1370,271,27,148,651,395,45,883,49,59,41,61,137,93,35
153,35,31,6,8,3,0,0,6,2,0,7,0,2,0,1,0,0,0,2002,2002-09-19,5789,5241,676,1378,274,27,148,657,397,45,890,49,61,41,62,137,93,35
154,39,36,4,10,2,0,2,4,3,0,4,0,0,0,0,0,0,1,2002,2002-09-20,5828,5277,680,1388,276,27,150,661,400,45,894,49,61,41,62,137,93,36
155,38,33,5,9,0,0,1,5,3,1,8,1,1,0,1,2,0,0,2002,2002-09-21,5866,5310,685,1397,276,27,151,666,403,46,902,50,62,41,63,139,93,36
156,37,33,4,9,2,0,1,4,2,0,6,0,1,1,0,0,1,1,2002,2002-09-22,5903,5343,689,1406,278,27,152,670,405,46,908,50,63,42,63,139,94,37
157,33,30,0,3,1,1,0,0,3,0,4,0,0,0,1,0,0,0,2002,2002-09-24,5936,5373,689,1409,279,28,152,670,408,46,912,50,63,42,64,139,94,37
158,40,34,3,11,1,0,0,3,3,1,3,0,3,0,0,0,0,0,2002,2002-09-25,5976,5407,692,1420,280,28,152,673,411,47,915,50,66,42,64,139,94,37
159,41,39,6,13,2,0,2,5,2,1,5,0,0,0,2,0,1,0,2002,2002-09-26,6017,5446,698,1433,282,28,154,678,413,48,920,50,66,42,66,139,95,37
160,38,32,1,5,1,0,1,1,4,1,9,2,0,0,2,1,1,0,2002,2002-09-27,6055,5478,699,1438,283,28,155,679,417,49,929,52,66,42,68,140,96,37
161,53,40,14,18,3,1,0,14,10,1,3,0,1,2,0,0,0,0,2002,2002-09-28,6108,5518,713,1456,286,29,155,693,427,50,932,52,67,44,68,140,96,37
162,38,36,0,8,0,0,0,0,1,0,8,1,0,0,1,0,0,0,2002,2002-09-29,6146,5554,713,1464,286,29,155,693,428,50,940,53,67,44,69,140,96,37
1,34,30,1,5,1,0,1,1,4,0,4,0,0,0,1,0,0,0,2001,2001-04-02,34,30,1,5,1,0,1,1,4,0,4,0,0,0,1,0,0,0
2,37,29,2,5,1,0,0,2,6,0,13,1,1,0,0,0,0,2,2001,2001-04-03,71,59,3,10,2,0,1,3,10,0,17,1,1,0,1,0,0,2
3,34,33,2,5,0,0,1,2,1,0,13,0,0,0,1,0,0,0,2001,2001-04-04,105,92,5,15,2,0,2,5,11,0,30,1,1,0,2,0,0,2
4,34,28,7,8,1,1,2,6,3,0,1,0,2,1,0,1,1,0,2001,2001-04-05,139,120,12,23,3,1,4,11,14,0,31,1,3,1,2,1,1,2
5,38,34,10,12,3,0,5,10,3,0,8,0,1,0,0,0,1,0,2001,2001-04-06,177,154,22,35,6,1,9,21,17,0,39,1,4,1,2,1,2,2
6,37,33,10,10,2,0,5,10,2,1,7,1,1,0,0,0,1,0,2001,2001-04-07,214,187,32,45,8,1,14,31,19,1,46,2,5,1,2,1,3,2
7,36,34,3,8,2,0,1,3,1,0,4,1,0,0,1,1,0,0,2001,2001-04-08,250,221,35,53,10,1,15,34,20,1,50,3,5,1,3,2,3,2
8,29,29,0,2,0,0,0,0,0,0,10,0,0,0,0,0,0,0,2001,2001-04-10,279,250,35,55,10,1,15,34,20,1,60,3,5,1,3,2,3,2
9,42,38,11,11,1,0,4,8,3,0,4,0,1,0,1,0,1,0,2001,2001-04-11,321,288,46,66,11,1,19,42,23,1,64,3,6,1,4,2,4,2
10,37,35,5,12,1,0,2,5,1,0,2,0,0,1,0,2,1,0,2001,2001-04-12,358,323,51,78,12,1,21,47,24,1,66,3,6,2,4,4,5,2
11,42,35,4,5,1,0,1,3,7,1,7,0,0,0,1,1,1,0,2001,2001-04-13,400,358,55,83,13,1,22,50,31,2,73,3,6,2,5,5,6,2
12,36,33,4,7,1,0,2,4,2,1,6,0,1,0,0,0,1,0,2001,2001-04-14,436,391,59,90,14,1,24,54,33,3,79,3,7,2,5,5,7,2
13,42,33,5,6,3,0,1,5,5,0,9,3,0,1,1,0,1,0,2001,2001-04-15,478,424,64,96,17,1,25,59,38,3,88,6,7,3,6,5,8,2
14,39,34,2,9,3,0,0,1,4,0,13,0,0,1,0,1,1,0,2001,2001-04-17,517,458,66,105,20,1,25,60,42,3,101,6,7,4,6,6,9,2
15,40,37,4,11,2,0,0,2,3,0,5,0,0,0,1,2,0,0,2001,2001-04-18,557,495,70,116,22,1,25,62,45,3,106,6,7,4,7,8,9,2
16,45,41,10,15,5,1,2,10,3,0,8,0,1,0,0,1,0,0,2001,2001-04-19,602,536,80,131,27,2,27,72,48,3,114,6,8,4,7,9,9,2
17,35,30,3,6,1,0,0,3,5,0,10,0,0,0,0,0,1,0,2001,2001-04-20,637,566,83,137,28,2,27,75,53,3,124,6,8,4,7,9,10,2
18,33,30,4,9,0,2,0,4,2,0,2,0,0,1,0,1,0,1,2001,2001-04-21,670,596,87,146,28,4,27,79,55,3,126,6,8,5,7,10,10,3
19,48,45,6,12,2,0,3,6,3,1,12,0,0,0,1,1,2,1,2001,2001-04-22,718,641,93,158,30,4,30,85,58,4,138,6,8,5,8,11,12,4
20,35,30,1,4,1,0,0,1,4,0,8,1,0,0,0,0,0,0,2001,2001-04-24,753,671,94,162,31,4,30,86,62,4,146,7,8,5,8,11,12,4
21,33,28,6,5,1,2,1,4,5,0,5,0,0,0,0,0,2,0,2001,2001-04-25,786,699,100,167,32,6,31,90,67,4,151,7,8,5,8,11,14,4
22,35,32,6,8,2,0,0,6,3,0,5,0,0,0,0,0,1,0,2001,2001-04-26,821,731,106,175,34,6,31,96,70,4,156,7,8,5,8,11,15,4
23,35,30,4,9,4,0,0,4,2,0,7,0,2,1,0,1,0,0,2001,2001-04-27,856,761,110,184,38,6,31,100,72,4,163,7,10,6,8,12,15,4
24,36,34,7,13,2,1,2,7,1,0,9,0,1,0,0,1,1,0,2001,2001-04-28,892,795,117,197,40,7,33,107,73,4,172,7,11,6,8,13,16,4
25,35,30,4,8,1,0,1,4,4,1,8,0,1,0,0,0,0,1,2001,2001-04-29,927,825,121,205,41,7,34,111,77,5,180,7,12,6,8,13,16,5
26,40,37,6,11,3,0,0,6,2,0,5,0,0,1,2,2,0,0,2001,2001-05-01,967,862,127,216,44,7,34,117,79,5,185,7,12,7,10,15,16,5
27,43,38,7,13,1,0,5,7,4,0,1,1,0,0,1,1,0,1,2001,2001-05-02,1010,900,134,229,45,7,39,124,83,5,186,8,12,7,11,16,16,6
28,42,37,8,12,5,0,0,8,4,0,4,0,0,1,0,1,2,0,2001,2001-05-03,1052,937,142,241,50,7,39,132,87,5,190,8,12,8,11,17,18,6
29,33,29,0,4,1,0,0,0,4,0,10,0,0,0,0,1,0,1,2001,2001-05-04,1085,966,142,245,51,7,39,132,91,5,200,8,12,8,11,18,18,7
30,34,31,1,6,1,0,0,1,3,0,8,0,0,0,0,2,0,0,2001,2001-05-05,1119,997,143,251,52,7,39,133,94,5,208,8,12,8,11,20,18,7
31,34,31,2,5,0,0,1,2,3,0,10,0,0,0,0,1,1,0,2001,2001-05-06,1153,1028,145,256,52,7,40,135,97,5,218,8,12,8,11,21,19,7
32,31,25,1,3,0,0,1,1,6,0,7,0,0,0,0,1,0,1,2001,2001-05-07,1184,1053,146,259,52,7,41,136,103,5,225,8,12,8,11,22,19,8
33,40,36,6,10,2,0,2,5,4,0,10,0,0,0,0,1,0,0,2001,2001-05-08,1224,1089,152,269,54,7,43,141,107,5,235,8,12,8,11,23,19,8
34,34,28,3,8,0,1,1,3,5,0,5,0,1,0,1,2,0,1,2001,2001-05-09,1258,1117,155,277,54,8,44,144,112,5,240,8,13,8,12,25,19,9
35,31,28,4,9,2,0,1,4,1,0,2,1,1,0,0,1,1,1,2001,2001-05-10,1289,1145,159,286,56,8,45,148,113,5,242,9,14,8,12,26,20,10
36,37,34,1,8,0,0,0,1,3,0,9,0,0,0,0,1,0,0,2001,2001-05-11,1326,1179,160,294,56,8,45,149,116,5,251,9,14,8,12,27,20,10
37,30,29,1,5,0,0,1,1,1,0,7,0,0,0,0,0,0,0,2001,2001-05-12,1356,1208,161,299,56,8,46,150,117,5,258,9,14,8,12,27,20,10
38,33,29,3,7,1,0,0,3,3,2,7,0,0,1,0,1,1,0,2001,2001-05-13,1389,1237,164,306,57,8,46,153,120,7,265,9,14,9,12,28,21,10
39,30,29,0,2,0,0,0,0,0,0,9,1,0,0,1,0,0,0,2001,2001-05-15,1419,1266,164,308,57,8,46,153,120,7,274,10,14,9,13,28,21,10
40,42,38,7,11,1,0,2,7,4,0,8,0,0,0,0,0,1,1,2001,2001-05-16,1461,1304,171,319,58,8,48,160,124,7,282,10,14,9,13,28,22,11
41,35,32,1,7,1,0,0,1,3,0,12,0,0,0,0,0,0,1,2001,2001-05-17,1496,1336,172,326,59,8,48,161,127,7,294,10,14,9,13,28,22,12
42,32,31,0,5,1,0,0,0,1,0,9,0,0,0,0,1,0,0,2001,2001-05-18,1528,1367,172,331,60,8,48,161,128,7,303,10,14,9,13,29,22,12
43,45,38,10,13,1,2,3,10,7,1,6,0,0,0,0,1,3,0,2001,2001-05-19,1573,1405,182,344,61,10,51,171,135,8,309,10,14,9,13,30,25,12
44,36,34,5,7,3,0,0,4,1,0,4,0,0,1,1,0,0,0,2001,2001-05-20,1609,1439,187,351,64,10,51,175,136,8,313,10,14,10,14,30,25,12
45,36,30,3,5,0,1,1,3,4,0,8,1,1,0,0,1,0,0,2001,2001-05-21,1645,1469,190,356,64,11,52,178,140,8,321,11,15,10,14,31,25,12
46,45,36,8,12,3,1,3,8,7,1,5,0,1,1,0,1,1,0,2001,2001-05-22,1690,1505,198,368,67,12,55,186,147,9,326,11,16,11,14,32,26,12
47,37,32,6,7,2,0,1,5,4,0,9,1,0,0,1,2,1,0,2001,2001-05-23,1727,1537,204,375,69,12,56,191,151,9,335,12,16,11,15,34,27,12
48,32,30,4,9,2,0,1,4,1,0,8,0,0,1,0,0,0,2,2001,2001-05-25,1759,1567,208,384,71,12,57,195,152,9,343,12,16,12,15,34,27,14
49,38,34,7,10,1,0,3,7,4,0,6,0,0,0,0,0,1,0,2001,2001-05-26,1797,1601,215,394,72,12,60,202,156,9,349,12,16,12,15,34,28,14
50,51,42,5,9,0,0,1,4,9,1,5,0,0,0,0,1,0,0,2001,2001-05-27,1848,1643,220,403,72,12,61,206,165,10,354,12,16,12,15,35,28,14
51,49,46,11,18,3,0,2,11,2,0,8,0,1,0,0,1,3,0,2001,2001-05-28,1897,1689,231,421,75,12,63,217,167,10,362,12,17,12,15,36,31,14
52,36,30,2,6,2,0,0,2,4,0,5,1,1,0,1,0,0,3,2001,2001-05-29,1933,1719,233,427,77,12,63,219,171,10,367,13,18,12,16,36,31,17
53,31,28,4,4,2,0,0,4,2,0,8,0,1,0,1,0,0,0,2001,2001-05-30,1964,1747,237,431,79,12,63,223,173,10,375,13,19,12,17,36,31,17
54,43,38,9,11,4,0,3,9,4,0,7,1,0,0,1,0,0,0,2001,2001-06-01,2007,1785,246,442,83,12,66,232,177,10,382,14,19,12,18,36,31,17
55,30,30,1,5,0,0,1,1,0,0,7,0,0,0,0,2,0,0,2001,2001-06-02,2037,1815,247,447,83,12,67,233,177,10,389,14,19,12,18,38,31,17
56,46,43,9,16,4,0,3,9,2,0,7,0,0,1,0,0,2,1,2001,2001-06-03,2083,1858,256,463,87,12,70,242,179,10,396,14,19,13,18,38,33,18
57,42,39,8,13,1,0,5,8,2,0,3,1,0,0,0,1,0,0,2001,2001-06-04,2125,1897,264,476,88,12,75,250,181,10,399,15,19,13,18,39,33,18
58,42,34,6,9,3,0,1,6,7,0,3,0,1,0,2,1,3,0,2001,2001-06-05,2167,1931,270,485,91,12,76,256,188,10,402,15,20,13,20,40,36,18
59,32,32,1,6,0,0,1,1,0,0,8,0,0,0,0,1,0,0,2001,2001-06-06,2199,1963,271,491,91,12,77,257,188,10,410,15,20,13,20,41,36,18
60,45,39,9,14,5,0,2,8,6,0,8,0,0,0,0,1,1,0,2001,2001-06-07,2244,2002,280,505,96,12,79,265,194,10,418,15,20,13,20,42,37,18
61,34,31,0,4,1,0,0,0,2,0,6,1,0,0,2,0,1,1,2001,2001-06-08,2278,2033,280,509,97,12,79,265,196,10,424,16,20,13,22,42,38,19
62,38,33,2,9,1,0,0,1,5,1,7,0,0,0,0,1,1,0,2001,2001-06-09,2316,2066,282,518,98,12,79,266,201,11,431,16,20,13,22,43,39,19
63,43,40,5,12,3,0,1,5,3,1,7,0,0,0,1,0,0,2,2001,2001-06-10,2359,2106,287,530,101,12,80,271,204,12,438,16,20,13,23,43,39,21
64,37,35,7,13,4,0,2,7,0,0,3,0,1,1,0,2,0,1,2001,2001-06-11,2396,2141,294,543,105,12,82,278,204,12,441,16,21,14,23,45,39,22
65,46,37,8,13,3,0,2,7,8,1,6,0,1,0,1,0,3,0,2001,2001-06-12,2442,2178,302,556,108,12,84,285,212,13,447,16,22,14,24,45,42,22
66,39,31,5,9,2,0,1,5,7,1,4,1,0,0,0,0,0,0,2001,2001-06-13,2481,2209,307,565,110,12,85,290,219,14,451,17,22,14,24,45,42,22
67,45,39,6,17,2,0,2,6,3,0,4,1,1,1,1,2,1,1,2001,2001-06-15,2526,2248,313,582,112,12,87,296,222,14,455,18,23,15,25,47,43,23
68,34,33,5,7,0,0,3,5,1,0,6,0,0,0,0,1,0,0,2001,2001-06-16,2560,2281,318,589,112,12,90,301,223,14,461,18,23,15,25,48,43,23
69,38,33,4,6,1,0,1,4,5,1,5,0,0,0,0,0,0,0,2001,2001-06-17,2598,2314,322,595,113,12,91,305,228,15,466,18,23,15,25,48,43,23
70,37,34,2,7,0,0,2,2,2,0,10,1,0,0,1,1,0,0,2001,2001-06-19,2635,2348,324,602,113,12,93,307,230,15,476,19,23,15,26,49,43,23
71,41,29,4,7,1,0,1,4,9,2,6,1,2,0,0,1,1,0,2001,2001-06-20,2676,2377,328,609,114,12,94,311,239,17,482,20,25,15,26,50,44,23
72,42,37,6,13,1,0,1,6,2,1,6,0,2,1,1,1,1,0,2001,2001-06-22,2718,2414,334,622,115,12,95,317,241,18,488,20,27,16,27,51,45,23
73,34,33,2,5,1,0,1,2,1,0,8,0,0,0,1,0,2,0,2001,2001-06-23,2752,2447,336,627,116,12,96,319,242,18,496,20,27,16,28,51,47,23
74,35,30,1,3,1,0,1,1,4,0,7,1,0,0,0,0,0,0,2001,2001-06-24,2787,2477,337,630,117,12,97,320,246,18,503,21,27,16,28,51,47,23
75,33,32,2,5,1,0,1,2,1,0,8,0,0,0,0,0,0,0,2001,2001-06-25,2820,2509,339,635,118,12,98,322,247,18,511,21,27,16,28,51,47,23
76,46,42,14,18,5,0,1,14,2,0,5,1,1,0,0,1,1,1,2001,2001-06-26,2866,2551,353,653,123,12,99,336,249,18,516,22,28,16,28,52,48,24
77,44,39,7,12,0,2,0,7,4,1,7,0,1,0,1,0,0,1,2001,2001-06-27,2910,2590,360,665,123,14,99,343,253,19,523,22,29,16,29,52,48,25
78,38,35,7,10,2,0,3,7,2,0,9,0,1,0,1,0,0,0,2001,2001-06-28,2948,2625,367,675,125,14,102,350,255,19,532,22,30,16,30,52,48,25
79,42,36,7,11,1,0,1,6,3,0,6,2,0,1,1,1,1,1,2001,2001-06-29,2990,2661,374,686,126,14,103,356,258,19,538,24,30,17,31,53,49,26
80,44,38,7,13,3,0,1,6,3,0,8,1,2,0,0,0,1,0,2001,2001-06-30,3034,2699,381,699,129,14,104,362,261,19,546,25,32,17,31,53,50,26
81,41,38,8,11,4,0,2,8,2,0,4,0,0,1,2,0,0,0,2001,2001-07-01,3075,2737,389,710,133,14,106,370,263,19,550,25,32,18,33,53,50,26
82,43,34,8,16,4,0,0,8,5,0,3,0,1,3,1,1,2,0,2001,2001-07-02,3118,2771,397,726,137,14,106,378,268,19,553,25,33,21,34,54,52,26
83,34,29,4,6,1,0,2,4,4,1,5,0,1,0,0,0,0,0,2001,2001-07-03,3152,2800,401,732,138,14,108,382,272,20,558,25,34,21,34,54,52,26
84,34,32,4,9,1,0,2,3,2,1,5,0,0,0,1,0,0,0,2001,2001-07-04,3186,2832,405,741,139,14,110,385,274,21,563,25,34,21,35,54,52,26
85,30,28,2,4,0,1,0,2,0,0,4,0,0,2,0,1,0,0,2001,2001-07-05,3216,2860,407,745,139,15,110,387,274,21,567,25,34,23,35,55,52,26
86,32,30,0,4,0,0,0,0,1,0,5,0,1,0,1,1,0,0,2001,2001-07-06,3248,2890,407,749,139,15,110,387,275,21,572,25,35,23,36,56,52,26
87,34,31,2,5,0,0,2,2,2,0,11,1,0,0,0,0,0,0,2001,2001-07-07,3282,2921,409,754,139,15,112,389,277,21,583,26,35,23,36,56,52,26
88,33,31,2,5,1,0,0,2,1,0,3,0,0,1,1,1,0,0,2001,2001-07-08,3315,2952,411,759,140,15,112,391,278,21,586,26,35,24,37,57,52,26
89,33,32,0,6,1,0,0,0,1,0,7,0,0,0,0,1,1,0,2001,2001-07-12,3348,2984,411,765,141,15,112,391,279,21,593,26,35,24,37,58,53,26
90,38,33,7,8,1,0,1,7,5,0,11,0,0,0,0,1,1,0,2001,2001-07-13,3386,3017,418,773,142,15,113,398,284,21,604,26,35,24,37,59,54,26
91,57,52,5,8,2,0,1,4,4,1,9,1,0,0,1,2,0,0,2001,2001-07-14,3443,3069,423,781,144,15,114,402,288,22,613,27,35,24,38,61,54,26
92,35,34,4,7,1,0,1,4,0,0,8,0,0,1,2,0,0,0,2001,2001-07-15,3478,3103,427,788,145,15,115,406,288,22,621,27,35,25,40,61,54,26
93,38,32,6,8,1,0,2,6,4,0,4,1,0,1,0,2,0,0,2001,2001-07-16,3516,3135,433,796,146,15,117,412,292,22,625,28,35,26,40,63,54,26
94,38,34,4,8,1,0,1,3,3,1,8,1,0,0,0,1,2,0,2001,2001-07-17,3554,3169,437,804,147,15,118,415,295,23,633,29,35,26,40,64,56,26
95,35,30,5,7,0,0,1,4,3,0,5,1,0,1,0,0,1,0,2001,2001-07-18,3589,3199,442,811,147,15,119,419,298,23,638,30,35,27,40,64,57,26
96,40,30,8,7,2,0,2,8,4,0,8,3,1,2,1,0,2,0,2001,2001-07-19,3629,3229,450,818,149,15,121,427,302,23,646,33,36,29,41,64,59,26
97,32,31,3,6,0,1,2,2,1,0,4,0,0,0,0,2,0,0,2001,2001-07-20,3661,3260,453,824,149,16,123,429,303,23,650,33,36,29,41,66,59,26
98,54,48,22,23,3,1,4,20,2,1,4,3,1,0,0,1,0,0,2001,2001-07-21,3715,3308,475,847,152,17,127,449,305,24,654,36,37,29,41,67,59,26
99,42,38,9,16,3,1,3,8,2,0,7,1,0,1,0,2,4,0,2001,2001-07-22,3757,3346,484,863,155,18,130,457,307,24,661,37,37,30,41,69,63,26
100,40,37,3,11,2,0,2,3,1,0,7,1,1,0,0,0,0,0,2001,2001-07-23,3797,3383,487,874,157,18,132,460,308,24,668,38,38,30,41,69,63,26
101,47,38,7,12,1,0,2,5,7,0,6,2,0,0,1,0,0,1,2001,2001-07-24,3844,3421,494,886,158,18,134,465,315,24,674,40,38,30,42,69,63,27
102,36,30,3,5,1,0,3,3,4,1,6,0,2,0,1,0,0,0,2001,2001-07-25,3880,3451,497,891,159,18,137,468,319,25,680,40,40,30,43,69,63,27
103,34,29,3,6,4,0,0,1,4,1,5,1,0,0,1,2,0,0,2001,2001-07-26,3914,3480,500,897,163,18,137,469,323,26,685,41,40,30,44,71,63,27
104,36,32,4,10,3,0,1,4,3,0,7,0,0,1,0,1,1,0,2001,2001-07-27,3950,3512,504,907,166,18,138,473,326,26,692,41,40,31,44,72,64,27
105,40,37,10,13,5,0,3,10,3,0,8,0,0,0,0,0,0,0,2001,2001-07-28,3990,3549,514,920,171,18,141,483,329,26,700,41,40,31,44,72,64,27
106,34,28,2,5,2,0,2,2,5,0,6,0,1,0,0,2,0,1,2001,2001-07-29,4024,3577,516,925,173,18,143,485,334,26,706,41,41,31,44,74,64,28
107,40,34,1,4,1,0,0,1,5,1,8,0,1,0,0,0,0,1,2001,2001-07-31,4064,3611,517,929,174,18,143,486,339,27,714,41,42,31,44,74,64,29
108,38,37,5,10,3,2,0,5,0,0,5,0,0,1,1,1,0,0,2001,2001-08-01,4102,3648,522,939,177,20,143,491,339,27,719,41,42,32,45,75,64,29
109,36,34,4,9,3,0,1,4,1,0,5,0,1,0,0,2,0,0,2001,2001-08-02,4138,3682,526,948,180,20,144,495,340,27,724,41,43,32,45,77,64,29
110,31,29,1,3,2,0,1,1,2,0,11,0,0,0,0,0,0,0,2001,2001-08-03,4169,3711,527,951,182,20,145,496,342,27,735,41,43,32,45,77,64,29
111,32,28,3,8,1,0,0,3,4,0,3,0,0,0,0,3,3,0,2001,2001-08-04,4201,3739,530,959,183,20,145,499,346,27,738,41,43,32,45,80,67,29
112,41,38,3,10,3,0,1,3,2,2,4,1,0,0,0,1,1,0,2001,2001-08-05,4242,3777,533,969,186,20,146,502,348,29,742,42,43,32,45,81,68,29
113,35,34,2,9,2,0,1,2,1,1,1,0,0,0,1,1,0,0,2001,2001-08-07,4277,3811,535,978,188,20,147,504,349,30,743,42,43,32,46,82,68,29
114,42,38,9,13,2,0,2,8,2,0,4,1,0,1,1,2,1,0,2001,2001-08-08,4319,3849,544,991,190,20,149,512,351,30,747,43,43,33,47,84,69,29
115,42,38,5,11,2,0,0,4,4,0,8,0,0,0,1,1,0,0,2001,2001-08-09,4361,3887,549,1002,192,20,149,516,355,30,755,43,43,33,48,85,69,29
116,42,36,5,10,4,0,1,5,6,0,8,0,0,0,0,0,0,1,2001,2001-08-10,4403,3923,554,1012,196,20,150,521,361,30,763,43,43,33,48,85,69,30
117,34,31,3,5,1,0,0,2,0,0,10,2,1,0,0,0,1,0,2001,2001-08-11,4437,3954,557,1017,197,20,150,523,361,30,773,45,44,33,48,85,70,30
118,37,31,2,5,2,0,0,2,5,0,8,0,0,1,0,0,1,0,2001,2001-08-12,4474,3985,559,1022,199,20,150,525,366,30,781,45,44,34,48,85,71,30
119,40,29,1,5,0,0,1,1,10,1,6,1,0,0,0,3,0,0,2001,2001-08-14,4514,4014,560,1027,199,20,151,526,376,31,787,46,44,34,48,88,71,30
120,49,44,13,20,0,0,4,12,5,0,3,0,0,0,1,1,1,0,2001,2001-08-15,4563,4058,573,1047,199,20,155,538,381,31,790,46,44,34,49,89,72,30
121,36,32,3,9,3,0,1,3,3,0,5,0,1,0,0,1,0,1,2001,2001-08-16,4599,4090,576,1056,202,20,156,541,384,31,795,46,45,34,49,90,72,31
122,35,32,8,10,3,0,2,8,2,0,4,0,1,0,0,0,2,0,2001,2001-08-17,4634,4122,584,1066,205,20,158,549,386,31,799,46,46,34,49,90,74,31
123,35,33,4,8,2,0,2,4,2,0,9,0,0,0,1,0,1,2,2001,2001-08-18,4669,4155,588,1074,207,20,160,553,388,31,808,46,46,34,50,90,75,33
124,37,37,5,10,3,0,3,5,0,0,7,0,0,0,0,0,2,0,2001,2001-08-19,4706,4192,593,1084,210,20,163,558,388,31,815,46,46,34,50,90,77,33
125,37,34,5,9,1,1,1,5,2,0,7,1,0,0,0,1,0,1,2001,2001-08-21,4743,4226,598,1093,211,21,164,563,390,31,822,47,46,34,50,91,77,34
126,41,33,6,9,0,0,3,6,7,0,8,0,0,1,0,1,0,1,2001,2001-08-22,4784,4259,604,1102,211,21,167,569,397,31,830,47,46,35,50,92,77,35
127,41,35,6,10,1,1,0,6,6,0,6,0,0,0,1,3,0,0,2001,2001-08-23,4825,4294,610,1112,212,22,167,575,403,31,836,47,46,35,51,95,77,35
128,35,32,4,7,1,0,2,4,3,0,4,0,0,0,0,2,0,0,2001,2001-08-24,4860,4326,614,1119,213,22,169,579,406,31,840,47,46,35,51,97,77,35
129,43,38,8,10,1,0,2,8,3,0,5,1,0,1,2,0,0,0,2001,2001-08-25,4903,4364,622,1129,214,22,171,587,409,31,845,48,46,36,53,97,77,35
130,39,36,2,9,3,0,1,1,3,2,6,0,0,0,0,0,0,0,2001,2001-08-26,4942,4400,624,1138,217,22,172,588,412,33,851,48,46,36,53,97,77,35
131,36,33,4,7,0,0,1,4,2,0,9,0,1,0,1,0,1,1,2001,2001-08-27,4978,4433,628,1145,217,22,173,592,414,33,860,48,47,36,54,97,78,36
132,38,36,3,11,1,0,1,3,2,0,10,0,0,0,0,1,0,0,2001,2001-08-28,5016,4469,631,1156,218,22,174,595,416,33,870,48,47,36,54,98,78,36
133,36,34,3,10,3,0,1,3,2,0,8,0,0,0,0,1,0,1,2001,2001-08-29,5052,4503,634,1166,221,22,175,598,418,33,878,48,47,36,54,99,78,37
134,30,29,5,6,2,0,3,4,1,0,6,0,0,0,0,1,0,0,2001,2001-08-30,5082,4532,639,1172,223,22,178,602,419,33,884,48,47,36,54,100,78,37
135,31,30,1,4,0,0,1,1,1,0,3,0,0,0,0,1,0,0,2001,2001-08-31,5113,4562,640,1176,223,22,179,603,420,33,887,48,47,36,54,101,78,37
136,36,32,3,8,1,0,1,3,4,1,1,0,0,0,0,0,0,0,2001,2001-09-01,5149,4594,643,1184,224,22,180,606,424,34,888,48,47,36,54,101,78,37
137,39,36,7,12,0,0,2,6,3,0,7,0,0,0,1,0,0,0,2001,2001-09-02,5188,4630,650,1196,224,22,182,612,427,34,895,48,47,36,55,101,78,37
138,34,31,2,6,2,0,0,2,1,0,7,0,1,1,0,0,0,0,2001,2001-09-04,5222,4661,652,1202,226,22,182,614,428,34,902,48,48,37,55,101,78,37
139,36,33,7,6,2,0,1,7,2,0,5,1,0,0,1,1,0,0,2001,2001-09-05,5258,4694,659,1208,228,22,183,621,430,34,907,49,48,37,56,102,78,37
140,42,36,9,11,2,0,4,9,4,0,7,0,1,1,0,0,2,0,2001,2001-09-06,5300,4730,668,1219,230,22,187,630,434,34,914,49,49,38,56,102,80,37
141,40,38,7,12,1,0,3,6,2,1,7,0,0,0,0,0,1,1,2001,2001-09-07,5340,4768,675,1231,231,22,190,636,436,35,921,49,49,38,56,102,81,38
142,40,34,5,7,1,0,2,5,5,0,8,0,0,1,1,0,0,0,2001,2001-09-08,5380,4802,680,1238,232,22,192,641,441,35,929,49,49,39,57,102,81,38
143,36,31,1,4,1,0,0,1,4,0,10,1,0,0,0,0,0,0,2001,2001-09-09,5416,4833,681,1242,233,22,192,642,445,35,939,50,49,39,57,102,81,38
144,40,34,4,8,1,0,1,4,5,1,8,0,1,0,1,1,1,0,2001,2001-09-17,5456,4867,685,1250,234,22,193,646,450,36,947,50,50,39,58,103,82,38
145,33,31,2,5,1,0,0,2,2,0,3,0,0,0,0,1,1,0,2001,2001-09-18,5489,4898,687,1255,235,22,193,648,452,36,950,50,50,39,58,104,83,38
146,44,37,3,9,3,0,0,3,6,1,6,0,1,0,0,1,0,0,2001,2001-09-19,5533,4935,690,1264,238,22,193,651,458,37,956,50,51,39,58,105,83,38
147,57,45,3,10,1,1,2,3,8,4,7,3,1,0,0,0,0,0,2001,2001-09-20,5590,4980,693,1274,239,23,195,654,466,41,963,53,52,39,58,105,83,38
148,32,30,0,5,2,0,0,0,2,0,6,0,0,0,0,1,0,0,2001,2001-09-21,5622,5010,693,1279,241,23,195,654,468,41,969,53,52,39,58,106,83,38
149,43,36,6,7,1,0,1,6,5,0,10,2,0,0,0,1,1,0,2001,2001-09-22,5665,5046,699,1286,242,23,196,660,473,41,979,55,52,39,58,107,84,38
150,33,30,1,6,1,0,1,1,3,0,13,0,0,0,0,2,0,0,2001,2001-09-23,5698,5076,700,1292,243,23,197,661,476,41,992,55,52,39,58,109,84,38
151,37,31,1,4,1,0,1,1,6,0,5,0,0,0,0,0,0,0,2001,2001-09-24,5735,5107,701,1296,244,23,198,662,482,41,997,55,52,39,58,109,84,38
152,43,36,9,13,5,0,1,6,5,0,7,0,2,0,1,0,0,0,2001,2001-09-25,5778,5143,710,1309,249,23,199,668,487,41,1004,55,54,39,59,109,84,38
153,39,31,4,6,0,0,0,3,5,0,8,0,1,2,1,0,1,0,2001,2001-09-26,5817,5174,714,1315,249,23,199,671,492,41,1012,55,55,41,60,109,85,38
154,43,40,3,8,1,0,0,3,2,0,12,0,1,0,0,0,0,0,2001,2001-09-28,5860,5214,717,1323,250,23,199,674,494,41,1024,55,56,41,60,109,85,38
155,34,31,1,5,0,0,0,1,3,0,5,0,0,0,0,1,0,0,2001,2001-09-29,5894,5245,718,1328,250,23,199,675,497,41,1029,55,56,41,60,110,85,38
156,34,31,2,4,3,1,0,2,3,0,7,0,0,0,0,0,1,0,2001,2001-09-30,5928,5276,720,1332,253,24,199,677,500,41,1036,55,56,41,60,110,86,38
157,39,35,5,11,1,0,2,5,3,0,7,0,0,1,0,1,1,1,2001,2001-10-02,5967,5311,725,1343,254,24,201,682,503,41,1043,55,56,42,60,111,87,39
158,46,39,12,16,2,1,2,12,6,2,3,0,0,1,0,2,1,2,2001,2001-10-03,6013,5350,737,1359,256,25,203,694,509,43,1046,55,56,43,60,113,88,41
159,37,35,3,11,3,0,0,3,2,0,5,0,0,0,0,2,0,0,2001,2001-10-04,6050,5385,740,1370,259,25,203,697,511,43,1051,55,56,43,60,115,88,41
160,48,40,11,15,2,0,3,11,7,2,6,0,0,1,0,0,1,1,2001,2001-10-05,6098,5425,751,1385,261,25,206,708,518,45,1057,55,56,44,60,115,89,42
161,38,37,6,10,3,1,0,5,0,0,4,1,0,0,0,0,0,0,2001,2001-10-06,6136,5462,757,1395,264,26,206,713,518,45,1061,56,56,44,60,115,89,42
162,33,31,1,4,0,1,0,1,1,0,1,0,1,0,1,0,0,0,2001,2001-10-07,6169,5493,758,1399,264,27,206,714,519,45,1062,56,57,44,61,115,89,42
1,43,38,10,9,0,1,2,9,4,0,4,0,1,0,4,1,0,0,2000,2000-04-03,43,38,10,9,0,1,2,9,4,0,4,0,1,0,4,1,0,0
2,47,43,10,17,3,0,2,9,2,0,12,1,0,1,1,0,1,0,2000,2000-04-04,90,81,20,26,3,1,4,18,6,0,16,1,1,1,5,1,1,0
3,41,38,5,12,2,1,2,5,3,1,6,0,0,0,0,1,0,0,2000,2000-04-05,131,119,25,38,5,2,6,23,9,1,22,1,1,1,5,2,1,0
4,35,30,3,6,3,0,0,3,1,0,5,2,1,1,2,2,0,1,2000,2000-04-06,166,149,28,44,8,2,6,26,10,1,27,3,2,2,7,4,1,1
5,33,31,1,4,1,0,1,1,2,0,7,0,0,0,0,0,1,0,2000,2000-04-07,199,180,29,48,9,2,7,27,12,1,34,3,2,2,7,4,2,1
6,42,37,6,9,1,0,4,6,5,0,8,0,0,0,0,1,0,1,2000,2000-04-08,241,217,35,57,10,2,11,33,17,1,42,3,2,2,7,5,2,2
7,41,37,6,12,2,0,3,6,4,1,7,0,0,0,0,1,1,1,2000,2000-04-11,282,254,41,69,12,2,14,39,21,2,49,3,2,2,7,6,3,3
8,42,31,6,8,2,0,0,5,7,0,7,1,0,3,0,1,1,0,2000,,324,285,47,77,14,2,14,44,28,2,56,4,2,5,7,7,4,3
9,44,41,11,13,2,0,1,11,2,0,6,1,0,0,1,0,1,0,2000,2000-04-13,368,326,58,90,16,2,15,55,30,2,62,5,2,5,8,7,5,3
10,38,33,8,9,2,0,1,8,4,1,8,1,0,0,1,1,0,0,2000,2000-04-14,406,359,66,99,18,2,16,63,34,3,70,6,2,5,9,8,5,3
11,41,34,4,7,2,0,1,4,7,0,8,0,0,0,0,0,0,0,2000,2000-04-15,447,393,70,106,20,2,17,67,41,3,78,6,2,5,9,8,5,3
12,40,32,3,6,2,1,2,3,7,0,4,1,0,0,1,1,0,0,2000,2000-04-16,487,425,73,112,22,3,19,70,48,3,82,7,2,5,10,9,5,3
13,35,30,5,8,2,0,3,5,2,0,13,1,1,1,0,0,2,0,2000,2000-04-18,522,455,78,120,24,3,22,75,50,3,95,8,3,6,10,9,7,3
14,38,34,3,7,1,0,2,3,4,0,8,0,0,0,0,0,0,0,2000,2000-04-19,560,489,81,127,25,3,24,78,54,3,103,8,3,6,10,9,7,3
15,46,37,9,11,1,0,2,9,7,0,5,0,2,0,1,0,0,0,2000,2000-04-21,606,526,90,138,26,3,26,87,61,3,108,8,5,6,11,9,7,3
16,49,41,16,15,5,1,4,16,8,0,8,0,0,0,0,1,1,0,2000,2000-04-22,655,567,106,153,31,4,30,103,69,3,116,8,5,6,11,10,8,3
17,43,36,11,11,2,0,2,8,5,0,5,0,1,1,2,1,0,1,2000,2000-04-23,698,603,117,164,33,4,32,111,74,3,121,8,6,7,13,11,8,4
18,34,27,0,3,0,0,0,0,5,0,7,1,1,0,0,1,0,1,2000,2000-04-24,732,630,117,167,33,4,32,111,79,3,128,9,7,7,13,12,8,5
19,30,29,0,3,1,0,0,0,1,0,7,0,0,0,0,1,0,0,2000,2000-04-25,762,659,117,170,34,4,32,111,80,3,135,9,7,7,13,13,8,5
20,37,31,1,5,2,0,0,0,6,1,8,0,0,0,1,2,0,0,2000,2000-04-26,799,690,118,175,36,4,32,111,86,4,143,9,7,7,14,15,8,5
21,44,38,3,9,0,0,2,3,5,0,8,1,0,0,3,1,0,0,2000,2000-04-27,843,728,121,184,36,4,34,114,91,4,151,10,7,7,17,16,8,5
22,36,29,5,9,1,0,0,4,5,0,3,0,2,0,0,1,1,1,2000,2000-04-28,879,757,126,193,37,4,34,118,96,4,154,10,9,7,17,17,9,6
23,50,42,13,17,2,0,4,11,8,1,10,0,0,0,1,0,3,0,2000,2000-04-29,929,799,139,210,39,4,38,129,104,5,164,10,9,7,18,17,12,6
24,37,32,7,9,2,0,3,7,5,1,5,0,0,0,1,2,0,0,2000,2000-04-30,966,831,146,219,41,4,41,136,109,6,169,10,9,7,19,19,12,6
25,36,32,1,6,0,0,0,1,4,0,6,0,0,0,0,0,1,0,2000,2000-05-01,1002,863,147,225,41,4,41,137,113,6,175,10,9,7,19,19,13,6
26,40,35,3,11,4,0,0,3,5,0,4,0,0,0,1,4,0,0,2000,2000-05-02,1042,898,150,236,45,4,41,140,118,6,179,10,9,7,20,23,13,6
27,34,33,6,9,0,0,2,6,1,0,3,0,0,0,0,0,3,0,2000,2000-05-03,1076,931,156,245,45,4,43,146,119,6,182,10,9,7,20,23,16,6
28,37,31,3,9,3,0,1,3,4,0,3,0,2,0,0,1,0,0,2000,2000-05-05,1113,962,159,254,48,4,44,149,123,6,185,10,11,7,20,24,16,6
29,37,30,9,7,2,1,2,9,5,0,3,1,0,1,1,1,0,0,2000,2000-05-06,1150,992,168,261,50,5,46,158,128,6,188,11,11,8,21,25,16,6
30,48,43,8,12,0,0,3,6,3,0,8,0,1,1,4,1,0,0,2000,2000-05-07,1198,1035,176,273,50,5,49,164,131,6,196,11,12,9,25,26,16,6
31,39,33,7,7,3,1,2,6,5,0,1,0,0,1,1,1,0,0,2000,2000-05-08,1237,1068,183,280,53,6,51,170,136,6,197,11,12,10,26,27,16,6
32,56,46,7,15,2,0,2,7,9,2,10,0,0,1,0,3,4,0,2000,2000-05-09,1293,1114,190,295,55,6,53,177,145,8,207,11,12,11,26,30,20,6
33,37,35,1,9,2,0,1,1,1,0,16,0,1,0,1,0,0,1,2000,2000-05-10,1330,1149,191,304,57,6,54,178,146,8,223,11,13,11,27,30,20,7
34,46,40,13,13,4,1,2,13,5,0,7,1,0,0,0,0,0,0,2000,2000-05-12,1376,1189,204,317,61,7,56,191,151,8,230,12,13,11,27,30,20,7
35,39,30,3,7,1,0,0,3,6,0,10,1,1,1,0,2,1,0,2000,2000-05-13,1415,1219,207,324,62,7,56,194,157,8,240,13,14,12,27,32,21,7
36,44,36,10,11,3,0,4,10,6,0,4,0,1,1,0,0,0,0,2000,2000-05-14,1459,1255,217,335,65,7,60,204,163,8,244,13,15,13,27,32,21,7
37,38,35,6,9,0,0,3,6,0,0,6,2,1,0,0,0,2,0,2000,2000-05-16,1497,1290,223,344,65,7,63,210,163,8,250,15,16,13,27,32,23,7
38,42,34,8,9,3,0,1,7,8,0,3,0,0,0,1,1,0,0,2000,2000-05-17,1539,1324,231,353,68,7,64,217,171,8,253,15,16,13,28,33,23,7
39,38,36,5,8,4,1,0,5,2,1,2,0,0,0,2,0,0,0,2000,2000-05-19,1577,1360,236,361,72,8,64,222,173,9,255,15,16,13,30,33,23,7
40,47,40,12,15,3,2,2,12,7,0,10,0,0,0,0,1,1,0,2000,2000-05-20,1624,1400,248,376,75,10,66,234,180,9,265,15,16,13,30,34,24,7
41,51,43,12,17,3,0,3,12,6,1,4,1,1,0,0,0,1,0,2000,2000-05-21,1675,1443,260,393,78,10,69,246,186,10,269,16,17,13,30,34,25,7
42,56,45,4,9,1,0,2,3,9,3,11,0,1,1,1,3,0,0,2000,2000-05-22,1731,1488,264,402,79,10,71,249,195,13,280,16,18,14,31,37,25,7
43,34,28,1,3,1,0,0,1,4,0,8,1,0,1,0,1,0,0,2000,2000-05-23,1765,1516,265,405,80,10,71,250,199,13,288,17,18,15,31,38,25,7
44,37,34,3,7,3,0,0,2,2,0,8,1,0,0,1,1,0,0,2000,2000-05-24,1802,1550,268,412,83,10,71,252,201,13,296,18,18,15,32,39,25,7
45,39,35,11,10,2,0,3,11,4,2,6,0,0,0,1,0,3,0,2000,2000-05-26,1841,1585,279,422,85,10,74,263,205,15,302,18,18,15,33,39,28,7
46,43,36,6,10,3,0,1,6,5,0,11,1,1,0,0,0,3,0,2000,2000-05-27,1884,1621,285,432,88,10,75,269,210,15,313,19,19,15,33,39,31,7
47,35,30,2,6,2,0,1,2,4,0,4,1,0,0,0,3,0,0,2000,2000-05-28,1919,1651,287,438,90,10,76,271,214,15,317,20,19,15,33,42,31,7
48,34,28,4,8,1,0,1,4,3,0,4,2,1,0,0,0,0,2,2000,2000-05-29,1953,1679,291,446,91,10,77,275,217,15,321,22,20,15,33,42,31,9
49,43,40,5,13,3,0,1,5,3,0,7,0,0,0,0,0,1,0,2000,2000-05-30,1996,1719,296,459,94,10,78,280,220,15,328,22,20,15,33,42,32,9
50,33,31,4,6,1,0,2,4,2,0,9,0,0,0,1,1,0,0,2000,2000-05-31,2029,1750,300,465,95,10,80,284,222,15,337,22,20,15,34,43,32,9
51,40,36,5,11,1,0,3,5,4,0,6,0,0,0,0,0,0,1,2000,2000-06-02,2069,1786,305,476,96,10,83,289,226,15,343,22,20,15,34,43,32,10
52,42,36,8,9,2,0,2,8,6,0,6,0,0,0,1,0,1,0,2000,2000-06-03,2111,1822,313,485,98,10,85,297,232,15,349,22,20,15,35,43,33,10
53,40,32,7,11,3,0,2,7,5,0,7,1,1,1,0,2,1,1,2000,2000-06-04,2151,1854,320,496,101,10,87,304,237,15,356,23,21,16,35,45,34,11
54,33,28,0,2,0,0,0,0,4,0,7,0,1,0,1,0,0,1,2000,2000-06-05,2184,1882,320,498,101,10,87,304,241,15,363,23,22,16,36,45,34,12
55,44,36,7,14,2,0,0,7,4,1,4,1,1,2,0,2,0,0,2000,2000-06-06,2228,1918,327,512,103,10,87,311,245,16,367,24,23,18,36,47,34,12
56,48,39,11,15,6,1,0,9,6,0,10,1,0,2,0,0,1,0,2000,2000-06-07,2276,1957,338,527,109,11,87,320,251,16,377,25,23,20,36,47,35,12
57,35,31,5,9,1,0,1,4,3,0,4,0,1,0,0,0,0,1,2000,2000-06-08,2311,1988,343,536,110,11,88,324,254,16,381,25,24,20,36,47,35,13
58,37,30,1,5,1,0,1,1,4,0,12,1,2,0,0,0,0,0,2000,2000-06-09,2348,2018,344,541,111,11,89,325,258,16,393,26,26,20,36,47,35,13
59,41,36,7,13,3,0,2,7,5,0,9,0,0,0,0,1,0,0,2000,2000-06-10,2389,2054,351,554,114,11,91,332,263,16,402,26,26,20,36,48,35,13
60,35,34,0,7,2,0,0,0,1,0,6,0,0,0,1,0,0,0,2000,2000-06-11,2424,2088,351,561,116,11,91,332,264,16,408,26,26,20,37,48,35,13
61,35,33,2,8,0,0,1,2,2,0,7,0,0,0,1,2,0,0,2000,2000-06-12,2459,2121,353,569,116,11,92,334,266,16,415,26,26,20,38,50,35,13
62,36,31,6,10,1,0,2,5,3,0,7,0,1,1,1,2,2,0,2000,2000-06-13,2495,2152,359,579,117,11,94,339,269,16,422,26,27,21,39,52,37,13
63,35,31,1,6,1,0,0,1,3,0,12,1,0,0,0,1,0,0,2000,2000-06-14,2530,2183,360,585,118,11,94,340,272,16,434,27,27,21,39,53,37,13
64,33,30,4,8,2,0,2,4,2,0,8,0,1,0,0,1,0,0,2000,2000-06-15,2563,2213,364,593,120,11,96,344,274,16,442,27,28,21,39,54,37,13
65,36,32,3,7,1,0,1,3,3,1,6,1,0,0,0,1,0,0,2000,2000-06-16,2599,2245,367,600,121,11,97,347,277,17,448,28,28,21,39,55,37,13
66,36,34,3,8,2,0,1,3,2,0,12,0,0,0,0,1,1,0,2000,2000-06-17,2635,2279,370,608,123,11,98,350,279,17,460,28,28,21,39,56,38,13
67,35,30,6,8,1,0,2,5,4,0,8,0,0,1,0,0,0,0,2000,2000-06-18,2670,2309,376,616,124,11,100,355,283,17,468,28,28,22,39,56,38,13
68,51,46,9,18,3,1,1,9,5,0,9,0,0,0,1,0,0,1,2000,2000-06-20,2721,2355,385,634,127,12,101,364,288,17,477,28,28,22,40,56,38,14
69,43,38,7,13,3,0,3,6,2,0,7,1,1,1,1,1,0,0,2000,2000-06-21,2764,2393,392,647,130,12,104,370,290,17,484,29,29,23,41,57,38,14
70,35,32,3,6,2,0,1,2,3,0,6,0,0,0,0,1,0,0,2000,2000-06-22,2799,2425,395,653,132,12,105,372,293,17,490,29,29,23,41,58,38,14
71,52,43,6,10,3,0,4,6,8,0,12,0,1,0,0,1,0,0,2000,2000-06-23,2851,2468,401,663,135,12,109,378,301,17,502,29,30,23,41,59,38,14
72,35,30,1,6,1,1,0,0,5,0,6,0,0,0,0,3,0,0,2000,2000-06-24,2886,2498,402,669,136,13,109,378,306,17,508,29,30,23,41,62,38,14
73,36,30,1,6,0,0,1,1,6,0,3,0,0,0,0,2,1,0,2000,2000-06-25,2922,2528,403,675,136,13,110,379,312,17,511,29,30,23,41,64,39,14
74,40,33,5,7,2,0,2,5,6,0,7,0,0,1,0,0,0,0,2000,2000-06-26,2962,2561,408,682,138,13,112,384,318,17,518,29,30,24,41,64,39,14
75,41,38,5,10,2,0,3,5,3,1,1,0,0,0,0,1,0,0,2000,2000-06-27,3003,2599,413,692,140,13,115,389,321,18,519,29,30,24,41,65,39,14
76,37,32,5,7,0,0,2,5,5,0,5,0,0,0,0,1,2,0,2000,2000-06-28,3040,2631,418,699,140,13,117,394,326,18,524,29,30,24,41,66,41,14
77,41,29,4,6,1,1,0,3,10,0,9,0,1,1,0,1,1,1,2000,2000-06-29,3081,2660,422,705,141,14,117,397,336,18,533,29,31,25,41,67,42,15
78,47,36,9,13,4,0,3,9,9,0,3,0,1,1,0,0,0,1,2000,2000-06-30,3128,2696,431,718,145,14,120,406,345,18,536,29,32,26,41,67,42,16
79,37,33,1,9,2,0,0,1,3,0,6,0,0,1,1,3,0,0,2000,2000-07-01,3165,2729,432,727,147,14,120,407,348,18,542,29,32,27,42,70,42,16
80,45,39,5,13,1,0,0,3,5,0,9,0,1,0,0,0,0,0,2000,2000-07-02,3210,2768,437,740,148,14,120,410,353,18,551,29,33,27,42,70,42,16
81,34,28,2,4,0,0,1,2,4,0,6,1,1,0,1,2,0,1,2000,2000-07-04,3244,2796,439,744,148,14,121,412,357,18,557,30,34,27,43,72,42,17
82,38,34,7,11,0,0,4,7,4,0,4,0,0,0,0,2,1,2,2000,2000-07-05,3282,2830,446,755,148,14,125,419,361,18,561,30,34,27,43,74,43,19
83,45,39,9,14,2,0,3,6,5,1,3,0,1,0,2,0,0,0,2000,2000-07-06,3327,2869,455,769,150,14,128,425,366,19,564,30,35,27,45,74,43,19
84,43,34,3,5,1,0,1,3,8,1,14,0,1,0,0,2,0,1,2000,2000-07-07,3370,2903,458,774,151,14,129,428,374,20,578,30,36,27,45,76,43,20
85,34,30,0,5,0,0,0,0,4,0,3,0,0,0,0,2,0,0,2000,2000-07-08,3404,2933,458,779,151,14,129,428,378,20,581,30,36,27,45,78,43,20
86,34,31,0,7,0,0,0,0,2,0,9,1,0,0,0,2,0,1,2000,2000-07-09,3438,2964,458,786,151,14,129,428,380,20,590,31,36,27,45,80,43,21
87,45,37,4,8,2,1,1,4,8,2,11,0,0,0,1,1,2,0,2000,2000-07-13,3483,3001,462,794,153,15,130,432,388,22,601,31,36,27,46,81,45,21
88,31,28,3,3,0,1,2,3,2,0,3,0,0,1,0,1,0,0,2000,2000-07-14,3514,3029,465,797,153,16,132,435,390,22,604,31,36,28,46,82,45,21
89,36,32,2,6,2,0,1,1,3,0,2,0,1,0,1,1,1,0,2000,2000-07-15,3550,3061,467,803,155,16,133,436,393,22,606,31,37,28,47,83,46,21
90,39,29,7,8,1,0,0,7,8,0,4,0,2,0,1,2,1,0,2000,2000-07-16,3589,3090,474,811,156,16,133,443,401,22,610,31,39,28,48,85,47,21
91,44,36,9,12,1,1,1,9,7,0,7,1,0,0,1,0,1,0,2000,2000-07-17,3633,3126,483,823,157,17,134,452,408,22,617,32,39,28,49,85,48,21
92,44,38,6,12,1,0,0,6,5,1,9,0,1,0,0,0,1,0,2000,2000-07-18,3677,3164,489,835,158,17,134,458,413,23,626,32,40,28,49,85,49,21
93,38,32,9,9,5,0,1,9,5,0,7,0,0,1,0,0,1,0,2000,2000-07-19,3715,3196,498,844,163,17,135,467,418,23,633,32,40,29,49,85,50,21
94,35,31,6,10,2,0,2,6,4,1,2,0,0,0,0,1,1,1,2000,2000-07-20,3750,3227,504,854,165,17,137,473,422,24,635,32,40,29,49,86,51,22
95,34,29,6,7,2,1,1,6,4,0,5,0,0,1,0,1,0,0,2000,2000-07-21,3784,3256,510,861,167,18,138,479,426,24,640,32,40,30,49,87,51,22
96,32,30,2,5,0,0,1,2,2,0,7,0,0,0,0,0,1,2,2000,2000-07-22,3816,3286,512,866,167,18,139,481,428,24,647,32,40,30,49,87,52,24
97,35,32,5,10,1,0,3,5,3,0,7,0,0,0,0,1,0,1,2000,2000-07-23,3851,3318,517,876,168,18,142,486,431,24,654,32,40,30,49,88,52,25
98,43,34,4,11,3,1,1,4,7,0,10,1,1,0,0,1,0,1,2000,2000-07-24,3894,3352,521,887,171,19,143,490,438,24,664,33,41,30,49,89,52,26
99,38,33,6,8,2,0,2,6,4,1,3,0,1,0,1,0,1,0,2000,2000-07-25,3932,3385,527,895,173,19,145,496,442,25,667,33,42,30,50,89,53,26
100,40,33,4,6,3,0,0,4,7,0,6,0,0,0,0,0,1,0,2000,2000-07-26,3972,3418,531,901,176,19,145,500,449,25,673,33,42,30,50,89,54,26
101,52,47,16,20,4,0,3,16,5,1,6,0,0,0,1,1,1,0,2000,2000-07-27,4024,3465,547,921,180,19,148,516,454,26,679,33,42,30,51,90,55,26
102,36,33,2,7,2,0,0,2,3,0,9,0,0,0,0,0,0,0,2000,2000-07-28,4060,3498,549,928,182,19,148,518,457,26,688,33,42,30,51,90,55,26
103,38,32,0,6,0,0,0,0,5,0,8,0,1,0,0,0,0,0,2000,2000-07-29,4098,3530,549,934,182,19,148,518,462,26,696,33,43,30,51,90,55,26
104,37,30,2,4,2,0,0,2,6,0,4,0,1,0,0,0,1,0,2000,2000-07-30,4135,3560,551,938,184,19,148,520,468,26,700,33,44,30,51,90,56,26
105,35,32,0,6,2,0,0,0,2,0,5,0,1,0,1,1,0,0,2000,,4170,3592,551,944,186,19,148,520,470,26,705,33,45,30,52,91,56,26
106,41,33,5,7,1,1,1,5,6,0,8,1,1,0,0,0,0,0,2000,,4211,3625,556,951,187,20,149,525,476,26,713,34,46,30,52,91,56,26
107,47,38,11,11,3,0,1,11,8,0,6,0,0,1,2,1,1,0,2000,2000-08-02,4258,3663,567,962,190,20,150,536,484,26,719,34,46,31,54,92,57,26
108,35,29,2,7,1,0,1,2,5,3,5,0,1,0,0,1,0,0,2000,2000-08-04,4293,3692,569,969,191,20,151,538,489,29,724,34,47,31,54,93,57,26
109,37,34,2,7,1,0,2,2,3,1,11,0,0,0,0,0,0,3,2000,2000-08-05,4330,3726,571,976,192,20,153,540,492,30,735,34,47,31,54,93,57,29
110,40,39,6,12,1,0,0,6,1,0,9,0,0,0,1,1,0,0,2000,2000-08-06,4370,3765,577,988,193,20,153,546,493,30,744,34,47,31,55,94,57,29
111,35,33,3,7,3,0,1,3,2,0,8,0,0,0,1,0,0,1,2000,2000-08-07,4405,3798,580,995,196,20,154,549,495,30,752,34,47,31,56,94,57,30
112,44,37,7,13,2,0,5,7,6,0,5,1,0,0,0,0,0,0,2000,2000-08-08,4449,3835,587,1008,198,20,159,556,501,30,757,35,47,31,56,94,57,30
113,40,37,4,8,1,1,2,4,2,1,10,1,0,0,0,1,0,0,2000,2000-08-09,4489,3872,591,1016,199,21,161,560,503,31,767,36,47,31,56,95,57,30
114,32,31,2,5,3,0,0,2,1,0,7,0,0,0,0,0,0,1,2000,2000-08-11,4521,3903,593,1021,202,21,161,562,504,31,774,36,47,31,56,95,57,31
115,35,33,1,7,3,0,0,1,2,0,7,0,0,0,1,1,1,1,2000,2000-08-12,4556,3936,594,1028,205,21,161,563,506,31,781,36,47,31,57,96,58,32
116,43,37,7,11,0,0,3,7,5,0,5,0,1,0,1,1,1,0,2000,2000-08-13,4599,3973,601,1039,205,21,164,570,511,31,786,36,48,31,58,97,59,32
117,42,36,2,10,3,0,0,2,5,0,4,0,1,0,0,0,0,0,2000,2000-08-14,4641,4009,603,1049,208,21,164,572,516,31,790,36,49,31,58,97,59,32
118,37,35,3,6,3,0,1,3,2,0,8,0,0,0,2,0,0,0,2000,2000-08-15,4678,4044,606,1055,211,21,165,575,518,31,798,36,49,31,60,97,59,32
119,41,34,10,11,1,1,1,10,4,0,6,1,1,1,0,0,2,1,2000,2000-08-16,4719,4078,616,1066,212,22,166,585,522,31,804,37,50,32,60,97,61,33
120,42,33,3,8,1,0,1,3,6,1,10,0,2,1,1,0,1,0,2000,2000-08-18,4761,4111,619,1074,213,22,167,588,528,32,814,37,52,33,61,97,62,33
121,34,33,4,9,1,0,3,4,1,0,6,0,0,0,0,0,0,0,2000,2000-08-19,4795,4144,623,1083,214,22,170,592,529,32,820,37,52,33,61,97,62,33
122,40,37,6,11,1,0,2,5,3,1,8,0,0,0,0,0,3,0,2000,2000-08-20,4835,4181,629,1094,215,22,172,597,532,33,828,37,52,33,61,97,65,33
123,34,31,1,8,2,0,0,1,2,0,3,0,1,0,0,3,0,0,2000,2000-08-21,4869,4212,630,1102,217,22,172,598,534,33,831,37,53,33,61,100,65,33
124,41,36,14,16,1,0,6,13,4,0,3,0,1,0,0,0,0,1,2000,2000-08-22,4910,4248,644,1118,218,22,178,611,538,33,834,37,54,33,61,100,65,34
125,36,30,5,6,2,0,0,5,4,0,6,1,0,1,1,0,2,0,2000,2000-08-23,4946,4278,649,1124,220,22,178,616,542,33,840,38,54,34,62,100,67,34
126,37,35,7,11,1,0,2,6,2,0,10,0,0,0,1,1,0,0,2000,2000-08-24,4983,4313,656,1135,221,22,180,622,544,33,850,38,54,34,63,101,67,34
127,40,38,5,13,2,0,1,5,2,0,6,0,0,0,0,2,0,0,2000,,5023,4351,661,1148,223,22,181,627,546,33,856,38,54,34,63,103,67,34
128,38,32,3,5,1,1,0,3,4,0,5,1,1,0,1,0,1,0,2000,,5061,4383,664,1153,224,23,181,630,550,33,861,39,55,34,64,103,68,34
129,38,35,4,9,1,0,0,4,3,1,6,0,0,0,1,1,2,1,2000,2000-08-26,5099,4418,668,1162,225,23,181,634,553,34,867,39,55,34,65,104,70,35
130,46,34,7,9,0,0,2,6,10,1,11,0,1,1,0,2,2,1,2000,2000-08-27,5145,4452,675,1171,225,23,183,640,563,35,878,39,56,35,65,106,72,36
131,38,36,5,10,2,0,1,5,1,0,9,0,0,1,1,0,0,1,2000,2000-08-28,5183,4488,680,1181,227,23,184,645,564,35,887,39,56,36,66,106,72,37
132,39,34,7,8,2,1,0,6,4,0,6,0,1,0,1,0,1,0,2000,2000-08-29,5222,4522,687,1189,229,24,184,651,568,35,893,39,57,36,67,106,73,37
133,37,28,2,6,1,0,0,2,7,1,5,1,0,1,0,2,0,0,2000,2000-08-30,5259,4550,689,1195,230,24,184,653,575,36,898,40,57,37,67,108,73,37
134,36,34,2,8,2,0,0,2,1,0,6,0,0,1,0,0,0,0,2000,2000-08-31,5295,4584,691,1203,232,24,184,655,576,36,904,40,57,38,67,108,73,37
135,34,29,2,7,2,0,1,2,4,0,8,0,1,0,0,1,0,0,2000,2000-09-01,5329,4613,693,1210,234,24,185,657,580,36,912,40,58,38,67,109,73,37
136,37,36,1,6,1,0,0,1,1,0,9,0,0,0,1,0,0,0,2000,2000-09-02,5366,4649,694,1216,235,24,185,658,581,36,921,40,58,38,68,109,73,37
137,35,31,6,9,0,0,2,6,4,0,10,0,0,0,0,1,1,0,2000,2000-09-03,5401,4680,700,1225,235,24,187,664,585,36,931,40,58,38,68,110,74,37
138,35,32,1,10,0,0,0,1,3,0,3,0,0,0,0,4,0,0,2000,2000-09-04,5436,4712,701,1235,235,24,187,665,588,36,934,40,58,38,68,114,74,37
139,35,33,0,6,0,0,0,0,1,0,8,1,0,0,0,0,1,0,2000,2000-09-05,5471,4745,701,1241,235,24,187,665,589,36,942,41,58,38,68,114,75,37
140,37,33,3,6,1,1,0,2,2,0,6,1,1,0,2,0,0,0,2000,2000-09-06,5508,4778,704,1247,236,25,187,667,591,36,948,42,59,38,70,114,75,37
141,38,32,5,9,0,0,3,5,4,0,4,1,0,1,0,1,1,0,2000,2000-09-08,5546,4810,709,1256,236,25,190,672,595,36,952,43,59,39,70,115,76,37
142,40,32,6,7,1,0,2,6,7,0,4,0,0,1,1,2,3,0,2000,2000-09-09,5586,4842,715,1263,237,25,192,678,602,36,956,43,59,40,71,117,79,37
143,44,38,12,12,3,0,1,11,6,0,7,0,0,0,1,1,1,1,2000,2000-09-10,5630,4880,727,1275,240,25,193,689,608,36,963,43,59,40,72,118,80,38
144,44,37,6,11,6,0,1,6,6,2,3,0,1,0,1,0,2,0,2000,2000-09-11,5674,4917,733,1286,246,25,194,695,614,38,966,43,60,40,73,118,82,38
145,35,32,4,7,1,0,1,4,1,0,6,0,1,1,0,0,0,0,2000,2000-09-12,5709,4949,737,1293,247,25,195,699,615,38,972,43,61,41,73,118,82,38
146,34,31,2,5,1,0,1,2,2,0,8,1,0,0,0,1,1,0,2000,2000-09-13,5743,4980,739,1298,248,25,196,701,617,38,980,44,61,41,73,119,83,38
147,38,34,4,8,2,0,1,4,1,0,3,2,1,0,0,0,0,0,2000,2000-09-14,5781,5014,743,1306,250,25,197,705,618,38,983,46,62,41,73,119,83,38
148,38,32,4,5,3,0,1,4,6,1,6,0,0,0,0,1,0,0,2000,2000-09-15,5819,5046,747,1311,253,25,198,709,624,39,989,46,62,41,73,120,83,38
149,36,26,5,7,3,0,0,5,4,2,3,2,2,2,0,0,2,0,2000,2000-09-16,5855,5072,752,1318,256,25,198,714,628,41,992,48,64,43,73,120,85,38
150,41,34,12,12,1,0,5,12,6,0,5,1,0,0,0,1,0,0,2000,2000-09-17,5896,5106,764,1330,257,25,203,726,634,41,997,49,64,43,73,121,85,38
151,35,31,2,6,0,0,1,2,3,0,4,0,1,0,0,0,1,0,2000,2000-09-18,5931,5137,766,1336,257,25,204,728,637,41,1001,49,65,43,73,121,86,38
152,30,30,1,7,0,0,0,1,0,0,3,0,0,0,0,1,1,1,2000,2000-09-19,5961,5167,767,1343,257,25,204,729,637,41,1004,49,65,43,73,122,87,39
153,31,29,1,7,0,1,1,1,2,0,9,0,0,0,0,0,2,2,2000,2000-09-20,5992,5196,768,1350,257,26,205,730,639,41,1013,49,65,43,73,122,89,41
154,38,33,2,8,1,0,1,2,3,0,8,1,1,0,0,0,2,0,2000,2000-09-22,6030,5229,770,1358,258,26,206,732,642,41,1021,50,66,43,73,122,91,41
155,30,29,2,5,0,0,0,1,1,0,9,0,0,0,1,1,0,0,2000,2000-09-23,6060,5258,772,1363,258,26,206,733,643,41,1030,50,66,43,74,123,91,41
156,28,24,1,3,1,0,0,0,4,1,8,0,0,0,0,2,0,0,2000,2000-09-24,6088,5282,773,1366,259,26,206,733,647,42,1038,50,66,43,74,125,91,41
157,39,31,9,9,0,1,2,8,6,0,6,0,0,2,1,1,2,0,2000,2000-09-26,6127,5313,782,1375,259,27,208,741,653,42,1044,50,66,45,75,126,93,41
158,34,32,0,6,2,0,0,0,2,0,4,0,0,0,0,1,0,0,2000,2000-09-27,6161,5345,782,1381,261,27,208,741,655,42,1048,50,66,45,75,127,93,41
159,36,31,3,5,1,0,0,3,4,0,11,0,0,1,2,1,0,1,2000,2000-09-28,6197,5376,785,1386,262,27,208,744,659,42,1059,50,66,46,77,128,93,42
160,35,34,3,6,0,1,2,3,1,0,9,0,0,0,1,0,1,0,2000,2000-09-29,6232,5410,788,1392,262,28,210,747,660,42,1068,50,66,46,78,128,94,42
161,44,37,10,9,3,0,1,9,6,0,9,1,0,0,1,0,1,0,2000,2000-09-30,6276,5447,798,1401,265,28,211,756,666,42,1077,51,66,46,79,128,95,42
162,36,34,0,7,0,0,0,0,2,0,6,0,0,0,1,1,0,0,2000,2000-10-01,6312,5481,798,1408,265,28,211,756,668,42,1083,51,66,46,80,129,95,42
1,49,41,8,13,1,0,3,8,7,0,16,1,0,0,0,2,3,1,1999,1999-04-05,49,41,8,13,1,0,3,8,7,0,16,1,0,0,0,2,3,1
2,39,37,3,10,0,0,2,3,2,0,5,0,0,0,0,1,3,0,1999,1999-04-06,88,78,11,23,1,0,5,11,9,0,21,1,0,0,0,3,6,1
3,36,31,6,12,3,0,2,6,3,1,4,0,1,1,0,1,1,0,1999,1999-04-07,124,109,17,35,4,0,7,17,12,1,25,1,1,1,0,4,7,1
4,37,32,2,5,1,0,1,2,5,0,7,0,0,0,1,1,0,0,1999,1999-04-08,161,141,19,40,5,0,8,19,17,1,32,1,1,1,1,5,7,1
5,42,36,9,17,6,0,0,7,4,0,2,0,0,2,0,1,1,1,1999,1999-04-09,203,177,28,57,11,0,8,26,21,1,34,1,1,3,1,6,8,2
6,41,32,2,5,0,0,2,2,6,0,6,3,0,0,3,0,2,0,1999,1999-04-10,244,209,30,62,11,0,10,28,27,1,40,4,1,3,4,6,10,2
7,43,36,6,11,3,1,1,6,7,0,5,0,0,0,0,1,0,1,1999,1999-04-12,287,245,36,73,14,1,11,34,34,1,45,4,1,3,4,7,10,3
8,64,56,6,11,3,1,1,5,4,2,8,1,3,0,2,1,1,0,1999,1999-04-13,351,301,42,84,17,2,12,39,38,3,53,5,4,3,6,8,11,3
9,36,30,2,4,0,0,0,2,6,1,5,0,0,0,0,1,0,0,1999,1999-04-14,387,331,44,88,17,2,12,41,44,4,58,5,4,3,6,9,11,3
10,41,34,8,8,1,2,2,7,5,1,12,1,0,1,2,1,3,1,1999,1999-04-15,428,365,52,96,18,4,14,48,49,5,70,6,4,4,8,10,14,4
11,32,30,0,5,1,0,0,0,2,0,8,0,0,0,0,1,1,1,1999,1999-04-16,460,395,52,101,19,4,14,48,51,5,78,6,4,4,8,11,15,5
12,39,35,7,8,0,0,3,7,4,0,12,0,0,0,0,0,6,0,1999,1999-04-17,499,430,59,109,19,4,17,55,55,5,90,6,4,4,8,11,21,5
13,40,35,3,8,3,0,2,3,4,0,6,1,0,0,0,1,1,0,1999,1999-04-18,539,465,62,117,22,4,19,58,59,5,96,7,4,4,8,12,22,5
14,36,33,3,8,1,0,3,3,2,0,8,1,0,0,0,2,1,0,1999,1999-04-19,575,498,65,125,23,4,22,61,61,5,104,8,4,4,8,14,23,5
15,39,30,5,10,1,0,1,5,8,2,8,0,1,0,0,0,3,2,1999,1999-04-20,614,528,70,135,24,4,23,66,69,7,112,8,5,4,8,14,26,7
16,55,40,4,7,2,0,0,4,14,1,5,0,0,1,1,2,3,1,1999,1999-04-21,669,568,74,142,26,4,23,70,83,8,117,8,5,5,9,16,29,8
17,40,35,5,11,1,0,0,5,1,0,8,1,1,2,0,0,0,0,1999,1999-04-23,709,603,79,153,27,4,23,75,84,8,125,9,6,7,9,16,29,8
18,33,29,6,8,0,0,2,6,4,0,2,0,0,0,0,2,2,0,1999,1999-04-24,742,632,85,161,27,4,25,81,88,8,127,9,6,7,9,18,31,8
19,34,32,4,8,1,1,2,4,2,0,6,0,0,0,0,2,0,0,1999,1999-04-25,776,664,89,169,28,5,27,85,90,8,133,9,6,7,9,20,31,8
20,36,31,3,7,0,0,1,3,4,0,4,0,0,1,0,0,1,1,1999,1999-04-27,812,695,92,176,28,5,28,88,94,8,137,9,6,8,9,20,32,9
21,41,36,3,10,2,0,0,3,5,2,3,0,0,0,0,1,1,0,1999,1999-04-28,853,731,95,186,30,5,28,91,99,10,140,9,6,8,9,21,33,9
22,46,38,10,13,4,1,0,10,6,0,7,0,0,2,1,0,2,1,1999,1999-04-29,899,769,105,199,34,6,28,101,105,10,147,9,6,10,10,21,35,10
23,39,34,4,8,2,0,0,3,4,1,9,1,0,0,0,1,3,1,1999,1999-04-30,938,803,109,207,36,6,28,104,109,11,156,10,6,10,10,22,38,11
24,47,37,12,12,2,0,1,12,8,0,4,1,1,0,2,2,2,0,1999,1999-05-01,985,840,121,219,38,6,29,116,117,11,160,11,7,10,12,24,40,11
25,39,35,3,8,0,0,1,3,4,0,9,0,0,0,1,1,0,0,1999,1999-05-02,1024,875,124,227,38,6,30,119,121,11,169,11,7,10,13,25,40,11
26,42,35,7,13,4,1,0,7,4,1,6,1,1,1,1,2,1,0,1999,1999-05-03,1066,910,131,240,42,7,30,126,125,12,175,12,8,11,14,27,41,11
27,31,31,1,4,0,1,1,1,0,0,8,0,0,0,0,0,2,0,1999,1999-05-04,1097,941,132,244,42,8,31,127,125,12,183,12,8,11,14,27,43,11
28,43,41,8,13,2,0,2,7,2,1,7,0,0,0,2,0,0,0,1999,1999-05-05,1140,982,140,257,44,8,33,134,127,13,190,12,8,11,16,27,43,11
29,36,34,3,9,3,0,1,3,2,0,6,0,0,0,0,0,1,2,1999,1999-05-07,1176,1016,143,266,47,8,34,137,129,13,196,12,8,11,16,27,44,13
30,40,38,8,14,5,0,0,8,1,1,7,1,0,0,1,0,0,1,1999,1999-05-08,1216,1054,151,280,52,8,34,145,130,14,203,13,8,11,17,27,44,14
31,38,31,4,6,2,0,0,4,7,0,6,0,0,0,0,1,1,0,1999,1999-05-09,1254,1085,155,286,54,8,34,149,137,14,209,13,8,11,17,28,45,14
32,30,29,4,7,0,0,2,4,1,0,7,0,0,0,0,2,1,0,1999,1999-05-10,1284,1114,159,293,54,8,36,153,138,14,216,13,8,11,17,30,46,14
33,39,36,5,9,2,0,2,5,3,0,7,0,0,0,0,0,0,0,1999,1999-05-11,1323,1150,164,302,56,8,38,158,141,14,223,13,8,11,17,30,46,14
34,35,31,3,8,3,0,1,2,3,1,5,0,1,0,0,0,0,0,1999,1999-05-12,1358,1181,167,310,59,8,39,160,144,15,228,13,9,11,17,30,46,14
35,40,36,7,10,1,0,0,5,3,0,5,1,0,0,1,1,0,0,1999,1999-05-14,1398,1217,174,320,60,8,39,165,147,15,233,14,9,11,18,31,46,14
36,41,36,5,12,2,0,0,4,5,1,6,0,0,0,0,1,2,0,1999,1999-05-15,1439,1253,179,332,62,8,39,169,152,16,239,14,9,11,18,32,48,14
37,39,33,4,9,2,1,0,4,4,0,4,0,0,2,1,1,1,1,1999,1999-05-16,1478,1286,183,341,64,9,39,173,156,16,243,14,9,13,19,33,49,15
38,35,34,3,9,1,0,1,3,1,0,5,0,0,0,0,1,0,0,1999,1999-05-18,1513,1320,186,350,65,9,40,176,157,16,248,14,9,13,19,34,49,15
39,34,31,5,8,1,0,1,5,1,0,5,0,1,1,1,0,1,0,1999,1999-05-19,1547,1351,191,358,66,9,41,181,158,16,253,14,10,14,20,34,50,15
40,41,33,3,9,1,0,2,3,5,0,8,0,3,0,1,2,1,0,1999,1999-05-20,1588,1384,194,367,67,9,43,184,163,16,261,14,13,14,21,36,51,15
41,39,32,6,7,1,0,2,6,5,0,6,1,1,0,0,0,1,1,1999,1999-05-21,1627,1416,200,374,68,9,45,190,168,16,267,15,14,14,21,36,52,16
42,42,38,10,14,0,1,2,9,4,0,5,0,0,0,0,0,2,0,1999,1999-05-22,1669,1454,210,388,68,10,47,199,172,16,272,15,14,14,21,36,54,16
43,41,36,3,11,1,0,1,3,3,0,8,1,1,0,0,1,0,0,1999,1999-05-23,1710,1490,213,399,69,10,48,202,175,16,280,16,15,14,21,37,54,16
44,37,34,2,7,0,0,2,2,1,0,9,1,1,0,1,0,0,0,1999,1999-05-25,1747,1524,215,406,69,10,50,204,176,16,289,17,16,14,22,37,54,16
45,41,37,9,10,3,0,2,8,4,0,6,0,0,0,1,1,2,0,1999,1999-05-26,1788,1561,224,416,72,10,52,212,180,16,295,17,16,14,23,38,56,16
46,37,34,4,8,2,0,1,4,2,0,9,0,1,0,0,0,1,0,1999,1999-05-27,1825,1595,228,424,74,10,53,216,182,16,304,17,17,14,23,38,57,16
47,33,32,2,6,1,0,1,2,1,0,3,0,0,0,1,0,0,1,1999,1999-05-28,1858,1627,230,430,75,10,54,218,183,16,307,17,17,14,24,38,57,17
48,38,32,2,7,2,0,0,2,4,0,2,0,2,0,1,1,1,0,1999,1999-05-29,1896,1659,232,437,77,10,54,220,187,16,309,17,19,14,25,39,58,17
49,46,41,5,9,3,0,2,4,4,1,10,0,1,0,2,1,3,1,1999,1999-05-30,1942,1700,237,446,80,10,56,224,191,17,319,17,20,14,27,40,61,18
50,36,31,4,9,2,0,1,4,5,0,7,0,0,0,0,3,0,0,1999,1999-05-31,1978,1731,241,455,82,10,57,228,196,17,326,17,20,14,27,43,61,18
51,37,33,2,7,1,0,1,2,4,0,6,0,0,0,0,1,1,0,1999,1999-06-01,2015,1764,243,462,83,10,58,230,200,17,332,17,20,14,27,44,62,18
52,35,34,4,8,0,0,2,4,1,0,6,0,0,0,1,2,2,0,1999,1999-06-02,2050,1798,247,470,83,10,60,234,201,17,338,17,20,14,28,46,64,18
53,37,33,5,11,1,0,1,5,3,0,3,0,1,0,1,1,0,1,1999,1999-06-04,2087,1831,252,481,84,10,61,239,204,17,341,17,21,14,29,47,64,19
54,37,34,7,12,2,0,2,7,1,0,3,0,2,0,1,0,0,1,1999,1999-06-05,2124,1865,259,493,86,10,63,246,205,17,344,17,23,14,30,47,64,20
55,37,34,5,9,0,0,1,5,2,0,4,0,1,0,0,0,0,1,1999,1999-06-06,2161,1899,264,502,86,10,64,251,207,17,348,17,24,14,30,47,64,21
56,36,33,2,6,2,0,0,2,1,0,5,1,0,1,1,0,0,0,1999,1999-06-07,2197,1932,266,508,88,10,64,253,208,17,353,18,24,15,31,47,64,21
57,53,46,6,11,2,1,2,5,6,0,8,0,1,0,0,1,0,2,1999,1999-06-08,2250,1978,272,519,90,11,66,258,214,17,361,18,25,15,31,48,64,23
58,38,34,7,11,1,0,1,7,2,0,6,0,2,0,1,0,1,0,1999,1999-06-09,2288,2012,279,530,91,11,67,265,216,17,367,18,27,15,32,48,65,23
59,40,36,6,9,2,1,1,6,4,0,7,0,0,0,0,0,0,0,1999,1999-06-11,2328,2048,285,539,93,12,68,271,220,17,374,18,27,15,32,48,65,23
60,38,33,3,12,0,0,1,3,3,0,4,0,1,1,1,3,2,1,1999,1999-06-12,2366,2081,288,551,93,12,69,274,223,17,378,18,28,16,33,51,67,24
61,38,35,3,10,3,0,0,3,2,0,10,1,0,0,0,0,0,2,1999,1999-06-13,2404,2116,291,561,96,12,69,277,225,17,388,19,28,16,33,51,67,26
62,35,32,1,7,0,0,0,0,3,0,4,0,0,0,0,2,0,0,1999,1999-06-15,2439,2148,292,568,96,12,69,277,228,17,392,19,28,16,33,53,67,26
63,40,36,6,12,2,0,2,6,4,1,4,0,0,0,1,0,1,0,1999,1999-06-16,2479,2184,298,580,98,12,71,283,232,18,396,19,28,16,34,53,68,26
64,32,31,3,5,2,0,0,3,0,0,7,0,0,1,1,1,0,0,1999,1999-06-17,2511,2215,301,585,100,12,71,286,232,18,403,19,28,17,35,54,68,26
65,34,27,1,4,0,0,1,1,5,1,6,0,2,0,0,1,0,0,1999,1999-06-18,2545,2242,302,589,100,12,72,287,237,19,409,19,30,17,35,55,68,26
66,40,35,8,13,3,0,0,8,3,0,6,2,0,0,1,2,0,1,1999,1999-06-19,2585,2277,310,602,103,12,72,295,240,19,415,21,30,17,36,57,68,27
67,31,28,3,6,2,0,3,3,2,0,2,0,1,0,0,1,0,0,1999,1999-06-20,2616,2305,313,608,105,12,75,298,242,19,417,21,31,17,36,58,68,27
68,36,34,1,7,1,1,0,1,2,0,8,0,0,0,1,1,0,0,1999,1999-06-22,2652,2339,314,615,106,13,75,299,244,19,425,21,31,17,37,59,68,27
69,34,30,2,5,1,0,1,2,2,0,4,1,1,0,0,1,0,0,1999,1999-06-23,2686,2369,316,620,107,13,76,301,246,19,429,22,32,17,37,60,68,27
70,34,32,1,5,0,0,0,1,2,0,6,0,0,0,1,1,1,0,1999,1999-06-24,2720,2401,317,625,107,13,76,302,248,19,435,22,32,17,38,61,69,27
71,37,34,4,9,0,0,1,4,3,0,5,0,0,0,0,0,2,1,1999,1999-06-25,2757,2435,321,634,107,13,77,306,251,19,440,22,32,17,38,61,71,28
72,42,39,7,15,3,0,3,7,1,0,6,1,1,0,0,1,0,0,1999,1999-06-26,2799,2474,328,649,110,13,80,313,252,19,446,23,33,17,38,62,71,28
73,43,38,7,12,2,0,2,7,5,0,4,0,0,0,0,0,1,1,1999,1999-06-27,2842,2512,335,661,112,13,82,320,257,19,450,23,33,17,38,62,72,29
74,44,39,3,5,0,0,1,2,3,0,9,0,2,0,1,1,2,0,1999,1999-06-29,2886,2551,338,666,112,13,83,322,260,19,459,23,35,17,39,63,74,29
75,37,33,2,8,2,0,1,2,4,0,8,0,0,0,0,0,1,1,1999,1999-06-30,2923,2584,340,674,114,13,84,324,264,19,467,23,35,17,39,63,75,30
76,39,33,3,5,0,0,0,3,6,0,5,0,0,0,2,1,0,0,1999,1999-07-01,2962,2617,343,679,114,13,84,327,270,19,472,23,35,17,41,64,75,30
77,36,32,3,9,3,0,1,3,2,0,7,0,2,0,0,1,0,0,1999,1999-07-02,2998,2649,346,688,117,13,85,330,272,19,479,23,37,17,41,65,75,30
78,33,27,1,4,1,0,0,1,4,0,2,0,1,1,0,1,0,1,1999,1999-07-03,3031,2676,347,692,118,13,85,331,276,19,481,23,38,18,41,66,75,31
79,36,32,7,11,2,0,1,7,2,0,6,0,1,1,0,0,0,1,1999,1999-07-04,3067,2708,354,703,120,13,86,338,278,19,487,23,39,19,41,66,75,32
80,40,38,4,11,2,0,2,4,2,0,7,0,0,0,0,0,2,0,1999,1999-07-05,3107,2746,358,714,122,13,88,342,280,19,494,23,39,19,41,66,77,32
81,33,33,2,6,2,0,0,2,0,0,10,0,0,0,0,0,0,0,1999,1999-07-06,3140,2779,360,720,124,13,88,344,280,19,504,23,39,19,41,66,77,32
82,40,35,5,11,1,1,2,5,4,0,7,1,0,0,0,1,0,2,1999,1999-07-07,3180,2814,365,731,125,14,90,349,284,19,511,24,39,19,41,67,77,34
83,44,35,11,12,2,0,2,11,7,0,7,1,0,1,1,1,0,1,1999,1999-07-08,3224,2849,376,743,127,14,92,360,291,19,518,25,39,20,42,68,77,35
84,43,35,5,11,1,0,1,5,5,0,13,2,1,0,1,0,3,0,1999,1999-07-09,3267,2884,381,754,128,14,93,365,296,19,531,27,40,20,43,68,80,35
85,34,27,2,6,1,0,0,2,5,0,3,0,1,1,1,1,1,3,1999,1999-07-10,3301,2911,383,760,129,14,93,367,301,19,534,27,41,21,44,69,81,38
86,47,37,14,15,4,0,2,12,8,0,6,0,1,1,1,0,1,0,1999,1999-07-11,3348,2948,397,775,133,14,95,379,309,19,540,27,42,22,45,69,82,38
87,44,40,6,12,2,0,1,6,4,0,8,0,0,0,0,1,0,1,1999,1999-07-15,3392,2988,403,787,135,14,96,385,313,19,548,27,42,22,45,70,82,39
88,36,31,3,5,2,0,1,3,3,0,4,1,1,0,1,0,0,0,1999,1999-07-16,3428,3019,406,792,137,14,97,388,316,19,552,28,43,22,46,70,82,39
89,46,40,13,14,2,0,4,13,4,0,7,0,0,2,1,0,1,0,1999,1999-07-17,3474,3059,419,806,139,14,101,401,320,19,559,28,43,24,47,70,83,39
90,43,42,5,14,5,0,1,5,1,0,9,0,0,0,0,1,1,1,1999,1999-07-18,3517,3101,424,820,144,14,102,406,321,19,568,28,43,24,47,71,84,40
91,44,41,12,14,2,0,4,12,3,0,8,0,0,0,1,1,0,0,1999,1999-07-19,3561,3142,436,834,146,14,106,418,324,19,576,28,43,24,48,72,84,40
92,45,37,8,13,4,0,1,8,5,0,4,1,2,0,0,0,1,0,1999,1999-07-20,3606,3179,444,847,150,14,107,426,329,19,580,29,45,24,48,72,85,40
93,36,34,4,8,0,0,2,4,2,0,8,0,0,0,0,0,0,0,1999,1999-07-21,3642,3213,448,855,150,14,109,430,331,19,588,29,45,24,48,72,85,40
94,33,29,1,3,1,0,1,1,3,0,5,0,1,0,0,0,0,0,1999,,3675,3242,449,858,151,14,110,431,334,19,593,29,46,24,48,72,85,40
95,48,41,11,15,2,0,2,10,6,0,5,0,0,1,2,0,1,1,1999,,3723,3283,460,873,153,14,112,441,340,19,598,29,46,25,50,72,86,41
96,34,29,1,2,0,0,1,1,5,0,3,0,0,0,0,0,0,0,1999,1999-07-23,3757,3312,461,875,153,14,113,442,345,19,601,29,46,25,50,72,86,41
97,34,33,0,6,2,0,0,0,1,0,11,0,0,0,0,0,0,0,1999,1999-07-24,3791,3345,461,881,155,14,113,442,346,19,612,29,46,25,50,72,86,41
98,37,33,2,8,1,0,1,2,2,0,14,1,0,1,0,0,2,1,1999,1999-07-25,3828,3378,463,889,156,14,114,444,348,19,626,30,46,26,50,72,88,42
99,42,39,3,8,2,0,1,3,3,0,8,0,0,0,1,0,0,0,1999,1999-07-26,3870,3417,466,897,158,14,115,447,351,19,634,30,46,26,51,72,88,42
100,42,37,3,10,1,0,1,3,4,0,8,0,0,1,0,1,0,0,1999,1999-07-27,3912,3454,469,907,159,14,116,450,355,19,642,30,46,27,51,73,88,42
101,43,33,9,13,3,0,2,9,7,0,6,1,1,1,0,1,4,0,1999,1999-07-28,3955,3487,478,920,162,14,118,459,362,19,648,31,47,28,51,74,92,42
102,40,35,5,9,3,0,1,5,3,1,7,0,0,2,1,0,1,0,1999,1999-07-29,3995,3522,483,929,165,14,119,464,365,20,655,31,47,30,52,74,93,42
103,41,37,5,11,3,0,0,4,3,0,5,1,0,0,1,2,0,0,1999,1999-07-30,4036,3559,488,940,168,14,119,468,368,20,660,32,47,30,53,76,93,42
104,33,32,2,6,0,0,1,2,1,0,12,0,0,0,0,0,0,1,1999,1999-07-31,4069,3591,490,946,168,14,120,470,369,20,672,32,47,30,53,76,93,43
105,38,35,4,11,0,0,1,4,3,0,3,0,0,0,0,0,1,0,1999,1999-08-01,4107,3626,494,957,168,14,121,474,372,20,675,32,47,30,53,76,94,43
106,39,32,2,6,0,0,2,2,7,0,10,0,0,0,0,1,0,0,1999,1999-08-03,4146,3658,496,963,168,14,123,476,379,20,685,32,47,30,53,77,94,43
107,35,29,2,4,1,0,0,2,4,0,7,0,2,0,0,0,1,1,1999,1999-08-04,4181,3687,498,967,169,14,123,478,383,20,692,32,49,30,53,77,95,44
108,31,31,0,5,1,0,0,0,0,0,6,0,0,0,0,0,0,0,1999,1999-08-05,4212,3718,498,972,170,14,123,478,383,20,698,32,49,30,53,77,95,44
109,34,30,1,5,1,0,0,0,3,0,13,1,0,0,0,1,1,1,1999,1999-08-06,4246,3748,499,977,171,14,123,478,386,20,711,33,49,30,53,78,96,45
110,46,37,7,13,3,0,2,7,6,2,5,1,1,1,0,1,5,0,1999,1999-08-07,4292,3785,506,990,174,14,125,485,392,22,716,34,50,31,53,79,101,45
111,48,39,14,14,4,0,3,14,8,0,5,1,0,0,0,1,0,1,1999,1999-08-08,4340,3824,520,1004,178,14,128,499,400,22,721,35,50,31,53,80,101,46
112,48,38,9,13,3,1,0,9,8,1,6,1,0,1,0,1,2,0,1999,1999-08-09,4388,3862,529,1017,181,15,128,508,408,23,727,36,50,32,53,81,103,46
113,37,33,4,7,1,0,2,4,3,0,11,0,1,0,0,0,0,0,1999,1999-08-10,4425,3895,533,1024,182,15,130,512,411,23,738,36,51,32,53,81,103,46
114,45,40,9,11,0,0,2,8,5,0,10,0,0,0,2,0,0,0,1999,1999-08-11,4470,3935,542,1035,182,15,132,520,416,23,748,36,51,32,55,81,103,46
115,46,36,10,11,1,0,1,8,6,2,5,1,2,1,1,0,4,0,1999,1999-08-12,4516,3971,552,1046,183,15,133,528,422,25,753,37,53,33,56,81,107,46
116,36,31,3,5,0,0,1,3,4,0,9,0,0,1,0,0,1,0,1999,1999-08-13,4552,4002,555,1051,183,15,134,531,426,25,762,37,53,34,56,81,108,46
117,41,37,8,14,3,0,1,8,4,0,3,0,0,0,0,1,3,0,1999,1999-08-14,4593,4039,563,1065,186,15,135,539,430,25,765,37,53,34,56,82,111,46
118,49,41,4,12,0,0,0,3,6,1,8,0,2,0,0,0,2,1,1999,1999-08-15,4642,4080,567,1077,186,15,135,542,436,26,773,37,55,34,56,82,113,47
119,39,35,5,11,2,0,0,4,4,0,7,0,0,0,1,2,1,1,1999,1999-08-16,4681,4115,572,1088,188,15,135,546,440,26,780,37,55,34,57,84,114,48
120,39,34,1,7,0,0,1,1,4,0,4,1,0,0,0,0,2,0,1999,1999-08-17,4720,4149,573,1095,188,15,136,547,444,26,784,38,55,34,57,84,116,48
121,35,31,7,11,1,0,3,7,2,0,0,0,1,1,0,1,0,0,1999,1999-08-18,4755,4180,580,1106,189,15,139,554,446,26,784,38,56,35,57,85,116,48
122,44,33,8,5,1,0,2,8,9,1,11,1,0,1,0,0,1,0,1999,1999-08-20,4799,4213,588,1111,190,15,141,562,455,27,795,39,56,36,57,85,117,48
123,50,43,5,12,5,0,0,5,7,0,8,0,0,0,0,1,0,0,1999,1999-08-21,4849,4256,593,1123,195,15,141,567,462,27,803,39,56,36,57,86,117,48
124,41,37,9,12,4,0,1,9,4,0,9,0,0,0,0,1,0,0,1999,1999-08-22,4890,4293,602,1135,199,15,142,576,466,27,812,39,56,36,57,87,117,48
125,43,35,8,8,3,0,0,8,7,1,9,1,0,0,1,0,7,0,1999,1999-08-23,4933,4328,610,1143,202,15,142,584,473,28,821,40,56,36,58,87,124,48
126,40,36,5,11,1,1,1,5,2,0,0,1,1,0,0,1,1,0,1999,1999-08-24,4973,4364,615,1154,203,16,143,589,475,28,821,41,57,36,58,88,125,48
127,35,32,7,9,3,0,2,6,1,0,4,0,1,1,0,1,0,1,1999,1999-08-25,5008,4396,622,1163,206,16,145,595,476,28,825,41,58,37,58,89,125,49
128,43,37,9,13,2,0,1,9,4,0,6,0,0,2,2,0,1,0,1999,1999-08-27,5051,4433,631,1176,208,16,146,604,480,28,831,41,58,39,60,89,126,49
129,30,28,4,7,1,0,2,4,2,0,4,0,0,0,0,0,2,2,1999,1999-08-28,5081,4461,635,1183,209,16,148,608,482,28,835,41,58,39,60,89,128,51
130,32,29,0,2,0,0,0,0,3,0,2,0,0,0,0,0,1,0,1999,1999-08-29,5113,4490,635,1185,209,16,148,608,485,28,837,41,58,39,60,89,129,51
131,36,31,6,8,1,0,1,6,3,1,5,0,2,0,0,0,2,0,1999,1999-08-30,5149,4521,641,1193,210,16,149,614,488,29,842,41,60,39,60,89,131,51
132,37,34,5,12,2,0,0,5,2,0,2,0,1,0,0,1,1,0,1999,1999-08-31,5186,4555,646,1205,212,16,149,619,490,29,844,41,61,39,60,90,132,51
133,40,33,4,7,1,2,0,4,5,0,10,1,1,0,0,0,2,0,1999,1999-09-01,5226,4588,650,1212,213,18,149,623,495,29,854,42,62,39,60,90,134,51
134,38,33,8,9,4,0,3,8,4,1,6,0,1,0,0,1,2,0,1999,1999-09-03,5264,4621,658,1221,217,18,152,631,499,30,860,42,63,39,60,91,136,51
135,39,37,6,11,1,0,4,6,1,0,6,0,0,1,0,0,0,0,1999,1999-09-04,5303,4658,664,1232,218,18,156,637,500,30,866,42,63,40,60,91,136,51
136,35,31,4,6,2,0,0,4,3,1,8,0,0,1,1,0,1,0,1999,1999-09-05,5338,4689,668,1238,220,18,156,641,503,31,874,42,63,41,61,91,137,51
137,39,35,6,10,1,0,3,6,3,0,5,0,1,0,2,1,0,2,1999,1999-09-06,5377,4724,674,1248,221,18,159,647,506,31,879,42,64,41,63,92,137,53
138,37,34,1,7,0,1,0,1,3,0,8,0,0,0,1,1,0,0,1999,1999-09-07,5414,4758,675,1255,221,19,159,648,509,31,887,42,64,41,64,93,137,53
139,50,45,4,13,2,0,0,4,3,0,11,0,1,1,0,2,0,3,1999,1999-09-08,5464,4803,679,1268,223,19,159,652,512,31,898,42,65,42,64,95,137,56
140,31,29,1,2,0,0,1,1,2,0,4,0,0,0,0,0,0,0,1999,1999-09-09,5495,4832,680,1270,223,19,160,653,514,31,902,42,65,42,64,95,137,56
141,32,27,3,6,2,0,1,3,2,0,5,0,1,2,0,0,2,0,1999,1999-09-10,5527,4859,683,1276,225,19,161,656,516,31,907,42,66,44,64,95,139,56
142,36,31,2,7,1,1,1,2,3,0,6,1,1,0,0,2,0,0,1999,1999-09-11,5563,4890,685,1283,226,20,162,658,519,31,913,43,67,44,64,97,139,56
143,40,35,3,14,2,0,0,3,3,0,2,1,1,0,0,2,0,2,1999,1999-09-12,5603,4925,688,1297,228,20,162,661,522,31,915,44,68,44,64,99,139,58
144,46,35,12,15,3,1,3,11,9,0,5,1,0,1,0,1,3,1,1999,1999-09-13,5649,4960,700,1312,231,21,165,672,531,31,920,45,68,45,64,100,142,59
145,29,28,0,1,0,0,0,0,1,0,10,0,0,0,0,0,1,0,1999,1999-09-14,5678,4988,700,1313,231,21,165,672,532,31,930,45,68,45,64,100,143,59
146,48,40,7,14,2,0,1,5,5,0,3,2,1,0,0,0,3,0,1999,1999-09-15,5726,5028,707,1327,233,21,166,677,537,31,933,47,69,45,64,100,146,59
147,44,35,10,11,1,1,2,10,6,0,7,1,1,1,1,0,2,1,1999,1999-09-17,5770,5063,717,1338,234,22,168,687,543,31,940,48,70,46,65,100,148,60
148,39,34,5,9,3,0,1,5,4,0,12,0,0,1,1,0,1,2,1999,1999-09-18,5809,5097,722,1347,237,22,169,692,547,31,952,48,70,47,66,100,149,62
149,29,27,5,8,2,0,2,4,1,0,2,0,1,0,0,1,0,0,1999,1999-09-19,5838,5124,727,1355,239,22,171,696,548,31,954,48,71,47,66,101,149,62
150,40,28,6,7,2,0,1,6,9,2,5,1,0,2,0,1,2,0,1999,1999-09-20,5878,5152,733,1362,241,22,172,702,557,33,959,49,71,49,66,102,151,62
151,37,31,9,11,0,0,4,9,5,0,7,0,1,0,0,2,0,1,1999,1999-09-21,5915,5183,742,1373,241,22,176,711,562,33,966,49,72,49,66,104,151,63
152,38,33,4,6,2,0,0,3,3,0,6,1,0,1,1,0,1,0,1999,1999-09-22,5953,5216,746,1379,243,22,176,714,565,33,972,50,72,50,67,104,152,63
153,36,33,5,9,1,1,1,5,3,0,6,0,0,0,2,2,4,0,1999,1999-09-23,5989,5249,751,1388,244,23,177,719,568,33,978,50,72,50,69,106,156,63
154,34,31,5,10,0,0,1,5,2,0,2,0,0,1,0,1,3,1,1999,1999-09-24,6023,5280,756,1398,244,23,178,724,570,33,980,50,72,51,69,107,159,64
155,34,32,2,5,0,0,1,2,2,1,5,0,0,0,0,0,0,0,1999,1999-09-25,6057,5312,758,1403,244,23,179,726,572,34,985,50,72,51,69,107,159,64
156,36,36,10,13,2,0,3,10,0,0,6,0,0,0,0,0,0,1,1999,1999-09-26,6093,5348,768,1416,246,23,182,736,572,34,991,50,72,51,69,107,159,65
157,43,39,6,12,1,0,3,6,3,0,7,0,1,0,1,0,1,0,1999,1999-09-28,6136,5387,774,1428,247,23,185,742,575,34,998,50,73,51,70,107,160,65
158,40,37,1,12,1,0,0,1,2,0,3,0,1,0,0,1,2,0,1999,1999-09-29,6176,5424,775,1440,248,23,185,743,577,34,1001,50,74,51,70,108,162,65
159,50,40,9,15,1,0,1,9,8,0,6,2,0,0,0,0,2,1,1999,1999-09-30,6226,5464,784,1455,249,23,186,752,585,34,1007,52,74,51,70,108,164,66
160,37,35,5,9,1,0,1,5,2,0,2,0,0,0,1,1,1,1,1999,1999-10-01,6263,5499,789,1464,250,23,187,757,587,34,1009,52,74,51,71,109,165,67
161,36,34,0,9,2,0,0,0,2,0,10,0,0,0,0,0,0,1,1999,1999-10-02,6299,5533,789,1473,252,23,187,757,589,34,1019,52,74,51,71,109,165,68
162,39,34,4,7,1,0,0,4,5,0,11,0,0,0,0,0,2,0,1999,1999-10-03,6338,5567,793,1480,253,23,187,761,594,34,1030,52,74,51,71,109,167,68
1,33,31,0,3,0,0,0,0,2,0,8,0,0,0,1,1,0,0,1998,1998-03-31,33,31,0,3,0,0,0,0,2,0,8,0,0,0,1,1,0,0
2,51,44,5,9,1,0,3,5,6,0,8,0,1,0,1,0,1,0,1998,1998-04-02,84,75,5,12,1,0,3,5,8,0,16,0,1,0,2,1,1,0
3,36,32,3,7,1,1,0,2,2,0,10,0,2,0,0,0,2,0,1998,1998-04-03,120,107,8,19,2,1,3,7,10,0,26,0,3,0,2,1,3,0
4,32,27,1,3,1,1,0,1,3,0,7,0,2,0,0,1,0,0,1998,1998-04-04,152,134,9,22,3,2,3,8,13,0,33,0,5,0,2,2,3,0
5,34,29,1,6,1,0,1,1,4,0,8,0,1,0,1,3,2,1,1998,1998-04-05,186,163,10,28,4,2,4,9,17,0,41,0,6,0,3,5,5,1
6,38,36,9,13,4,0,2,9,0,0,4,1,0,1,0,0,1,0,1998,1998-04-07,224,199,19,41,8,2,6,18,17,0,45,1,6,1,3,5,6,1
7,32,32,0,8,1,0,0,0,0,0,5,0,0,0,0,2,0,0,1998,1998-04-08,256,231,19,49,9,2,6,18,17,0,50,1,6,1,3,7,6,1
8,35,33,7,10,0,0,2,7,2,1,10,0,0,0,1,0,1,1,1998,1998-04-09,291,264,26,59,9,2,8,25,19,1,60,1,6,1,4,7,7,2
9,41,35,7,13,1,1,1,7,5,0,6,0,1,0,0,0,0,1,1998,1998-04-10,332,299,33,72,10,3,9,32,24,1,66,1,7,1,4,7,7,3
10,35,33,2,7,1,1,0,2,1,0,9,0,0,1,0,0,0,0,1998,1998-04-11,367,332,35,79,11,4,9,34,25,1,75,1,7,2,4,7,7,3
11,41,36,7,11,1,1,1,7,3,0,5,0,1,1,0,1,0,0,1998,1998-04-12,408,368,42,90,12,5,10,41,28,1,80,1,8,3,4,8,7,3
12,29,28,3,5,0,1,0,3,0,0,3,0,1,0,0,0,0,0,1998,1998-04-13,437,396,45,95,12,6,10,44,28,1,83,1,9,3,4,8,7,3
13,40,33,3,10,2,1,0,3,3,0,6,2,1,1,0,1,0,1,1998,1998-04-14,477,429,48,105,14,7,10,47,31,1,89,3,10,4,4,9,7,4
14,39,35,4,7,1,0,0,4,2,0,6,0,2,0,1,0,1,0,1998,1998-04-16,516,464,52,112,15,7,10,51,33,1,95,3,12,4,5,9,8,4
15,45,41,11,14,2,1,3,11,4,0,9,0,0,0,1,1,3,0,1998,1998-04-17,561,505,63,126,17,8,13,62,37,1,104,3,12,4,6,10,11,4
16,34,30,1,5,0,0,1,1,4,0,12,0,0,0,0,1,0,0,1998,1998-04-18,595,535,64,131,17,8,14,63,41,1,116,3,12,4,6,11,11,4
17,35,33,1,6,2,1,0,1,2,0,6,0,0,0,0,0,0,0,1998,1998-04-19,630,568,65,137,19,9,14,64,43,1,122,3,12,4,6,11,11,4
18,36,34,2,9,0,0,1,1,1,0,6,0,1,0,1,1,0,0,1998,1998-04-21,666,602,67,146,19,9,15,65,44,1,128,3,13,4,7,12,11,4
19,43,37,9,11,1,0,2,7,3,0,6,2,1,0,2,1,1,1,1998,1998-04-22,709,639,76,157,20,9,17,72,47,1,134,5,14,4,9,13,12,5
20,35,33,1,7,2,0,0,1,2,1,4,0,0,0,0,0,0,1,1998,1998-04-23,744,672,77,164,22,9,17,73,49,2,138,5,14,4,9,13,12,6
21,46,34,12,10,3,0,1,11,10,0,4,1,0,1,1,0,0,0,1998,1998-04-24,790,706,89,174,25,9,18,84,59,2,142,6,14,5,10,13,12,6
22,29,26,3,3,1,0,1,2,1,1,10,0,2,0,0,0,0,0,1998,1998-04-25,819,732,92,177,26,9,19,86,60,3,152,6,16,5,10,13,12,6
23,49,44,4,13,0,0,2,4,2,0,8,2,1,0,0,0,0,1,1998,1998-04-26,868,776,96,190,26,9,21,90,62,3,160,8,17,5,10,13,12,7
24,52,45,2,10,2,0,1,2,4,0,11,0,3,0,0,0,1,1,1998,1998-04-27,920,821,98,200,28,9,22,92,66,3,171,8,20,5,10,13,13,8
25,32,32,6,8,1,0,2,6,0,0,3,0,0,0,2,1,1,0,1998,1998-04-28,952,853,104,208,29,9,24,98,66,3,174,8,20,5,12,14,14,8
26,52,43,14,19,6,0,0,12,6,2,5,1,2,0,1,1,4,0,1998,1998-04-30,1004,896,118,227,35,9,24,110,72,5,179,9,22,5,13,15,18,8
27,39,34,4,9,2,0,0,4,3,0,5,1,0,1,1,1,1,0,1998,1998-05-01,1043,930,122,236,37,9,24,114,75,5,184,10,22,6,14,16,19,8
28,40,39,5,12,3,0,0,4,1,0,9,0,0,0,2,1,0,1,1998,1998-05-02,1083,969,127,248,40,9,24,118,76,5,193,10,22,6,16,17,19,9
29,42,37,10,13,4,0,1,10,4,0,7,0,0,1,0,1,0,1,1998,1998-05-03,1125,1006,137,261,44,9,25,128,80,5,200,10,22,7,16,18,19,10
30,32,30,2,5,0,0,1,2,2,0,5,0,0,0,0,1,1,0,1998,1998-05-04,1157,1036,139,266,44,9,26,130,82,5,205,10,22,7,16,19,20,10
31,37,31,3,7,0,0,2,3,6,0,9,0,0,0,0,1,0,0,1998,1998-05-05,1194,1067,142,273,44,9,28,133,88,5,214,10,22,7,16,20,20,10
32,33,33,0,7,2,0,0,0,0,0,7,0,0,0,0,1,0,0,1998,1998-05-06,1227,1100,142,280,46,9,28,133,88,5,221,10,22,7,16,21,20,10
33,39,33,4,8,1,0,1,3,5,0,6,0,1,0,1,2,0,0,1998,1998-05-07,1266,1133,146,288,47,9,29,136,93,5,227,10,23,7,17,23,20,10
34,38,33,6,7,1,0,2,6,4,0,10,1,0,0,0,1,0,0,1998,1998-05-08,1304,1166,152,295,48,9,31,142,97,5,237,11,23,7,17,24,20,10
35,36,33,4,6,2,1,0,4,3,0,7,0,0,0,1,1,1,0,1998,1998-05-09,1340,1199,156,301,50,10,31,146,100,5,244,11,23,7,18,25,21,10
36,37,35,4,9,3,0,1,4,2,0,6,0,0,0,0,1,0,0,1998,1998-05-10,1377,1234,160,310,53,10,32,150,102,5,250,11,23,7,18,26,21,10
37,33,30,2,5,0,0,1,2,3,0,5,0,0,0,0,1,1,1,1998,1998-05-11,1410,1264,162,315,53,10,33,152,105,5,255,11,23,7,18,27,22,11
38,37,34,3,11,2,0,1,3,1,0,7,0,1,1,0,2,0,0,1998,1998-05-12,1447,1298,165,326,55,10,34,155,106,5,262,11,24,8,18,29,22,11
39,40,35,9,11,2,0,3,9,4,0,8,0,0,1,1,0,1,0,1998,1998-05-13,1487,1333,174,337,57,10,37,164,110,5,270,11,24,9,19,29,23,11
40,31,30,0,2,1,0,0,0,1,0,5,0,0,0,1,0,0,0,1998,1998-05-14,1518,1363,174,339,58,10,37,164,111,5,275,11,24,9,20,29,23,11
41,33,31,2,7,3,0,0,2,1,0,9,0,0,1,0,0,0,2,1998,1998-05-15,1551,1394,176,346,61,10,37,166,112,5,284,11,24,10,20,29,23,13
42,40,33,9,11,0,0,1,8,5,1,4,0,1,1,0,0,1,0,1998,1998-05-16,1591,1427,185,357,61,10,38,174,117,6,288,11,25,11,20,29,24,13
43,39,32,6,10,3,0,0,6,5,0,4,1,0,1,0,0,2,0,1998,1998-05-17,1630,1459,191,367,64,10,38,180,122,6,292,12,25,12,20,29,26,13
44,36,35,3,9,1,0,2,2,1,0,10,0,0,0,0,1,0,0,1998,1998-05-19,1666,1494,194,376,65,10,40,182,123,6,302,12,25,12,20,30,26,13
45,32,30,0,3,0,0,0,0,2,0,9,0,0,0,0,0,1,0,1998,1998-05-20,1698,1524,194,379,65,10,40,182,125,6,311,12,25,12,20,30,27,13
46,47,37,7,12,1,0,2,7,9,0,4,1,0,0,2,1,3,1,1998,1998-05-21,1745,1561,201,391,66,10,42,189,134,6,315,13,25,12,22,31,30,14
47,39,36,5,10,2,0,1,5,2,0,2,0,1,0,0,0,0,0,1998,1998-05-22,1784,1597,206,401,68,10,43,194,136,6,317,13,26,12,22,31,30,14
48,41,39,7,14,2,1,1,7,0,0,4,1,1,0,1,1,0,1,1998,1998-05-23,1825,1636,213,415,70,11,44,201,136,6,321,14,27,12,23,32,30,15
49,37,35,5,9,0,0,2,5,1,0,3,0,0,1,1,0,1,0,1998,1998-05-24,1862,1671,218,424,70,11,46,206,137,6,324,14,27,13,24,32,31,15
50,45,37,4,12,2,0,2,4,6,1,6,0,2,0,0,1,1,0,1998,1998-05-25,1907,1708,222,436,72,11,48,210,143,7,330,14,29,13,24,33,32,15
51,35,35,2,9,0,1,1,2,0,0,8,0,0,0,1,0,0,1,1998,1998-05-26,1942,1743,224,445,72,12,49,212,143,7,338,14,29,13,25,33,32,16
52,37,35,3,8,4,0,0,3,1,0,3,0,1,0,1,0,1,0,1998,1998-05-27,1979,1778,227,453,76,12,49,215,144,7,341,14,30,13,26,33,33,16
53,40,37,4,11,2,1,1,4,3,0,5,0,0,0,1,1,5,0,1998,1998-05-28,2019,1815,231,464,78,13,50,219,147,7,346,14,30,13,27,34,38,16
54,46,43,4,9,0,0,2,3,1,1,9,1,1,0,0,1,1,0,1998,1998-05-29,2065,1858,235,473,78,13,52,222,148,8,355,15,31,13,27,35,39,16
55,39,37,3,9,4,0,0,3,2,0,12,0,0,0,1,0,1,0,1998,1998-05-30,2104,1895,238,482,82,13,52,225,150,8,367,15,31,13,28,35,40,16
56,37,31,5,6,1,0,1,5,4,0,6,0,1,1,1,0,0,1,1998,1998-05-31,2141,1926,243,488,83,13,53,230,154,8,373,15,32,14,29,35,40,17
57,33,30,4,8,2,0,1,4,0,0,3,0,1,2,0,0,0,1,1998,1998-06-02,2174,1956,247,496,85,13,54,234,154,8,376,15,33,16,29,35,40,18
58,41,34,7,11,1,0,1,7,5,0,4,1,1,0,0,0,4,0,1998,1998-06-03,2215,1990,254,507,86,13,55,241,159,8,380,16,34,16,29,35,44,18
59,35,32,3,9,1,0,0,3,2,0,3,0,1,0,0,0,3,0,1998,1998-06-04,2250,2022,257,516,87,13,55,244,161,8,383,16,35,16,29,35,47,18
60,36,35,0,9,1,0,0,0,1,0,6,0,0,0,0,1,0,0,1998,1998-06-05,2286,2057,257,525,88,13,55,244,162,8,389,16,35,16,29,36,47,18
61,43,35,10,10,0,0,1,8,6,1,9,0,1,1,2,0,3,1,1998,1998-06-06,2329,2092,267,535,88,13,56,252,168,9,398,16,36,17,31,36,50,19
62,41,40,7,12,4,0,2,7,1,1,8,0,0,0,1,0,1,0,1998,1998-06-07,2370,2132,274,547,92,13,58,259,169,10,406,16,36,17,32,36,51,19
63,33,32,3,5,0,0,2,3,1,0,10,0,0,0,0,0,0,1,1998,1998-06-08,2403,2164,277,552,92,13,60,262,170,10,416,16,36,17,32,36,51,20
64,37,31,5,9,3,0,0,2,4,1,4,0,2,0,1,0,1,0,1998,1998-06-09,2440,2195,282,561,95,13,60,264,174,11,420,16,38,17,33,36,52,20
65,27,26,1,3,0,0,0,1,0,0,5,0,1,0,2,1,0,0,1998,1998-06-10,2467,2221,283,564,95,13,60,265,174,11,425,16,39,17,35,37,52,20
66,30,28,2,5,1,0,2,2,1,0,7,1,0,0,0,1,0,0,1998,1998-06-12,2497,2249,285,569,96,13,62,267,175,11,432,17,39,17,35,38,52,20
67,33,29,2,5,0,0,0,2,4,0,4,0,0,0,0,1,1,0,1998,1998-06-13,2530,2278,287,574,96,13,62,269,179,11,436,17,39,17,35,39,53,20
68,42,38,2,6,2,0,0,2,2,0,8,1,1,0,0,1,1,1,1998,1998-06-14,2572,2316,289,580,98,13,62,271,181,11,444,18,40,17,35,40,54,21
69,42,37,6,11,1,0,2,6,4,1,8,1,0,0,0,1,1,0,1998,1998-06-16,2614,2353,295,591,99,13,64,277,185,12,452,19,40,17,35,41,55,21
70,44,40,2,6,0,0,1,2,3,1,15,0,1,0,0,0,1,0,1998,1998-06-17,2658,2393,297,597,99,13,65,279,188,13,467,19,41,17,35,41,56,21
71,36,32,5,7,2,0,1,5,4,1,5,0,0,0,0,0,1,0,1998,1998-06-18,2694,2425,302,604,101,13,66,284,192,14,472,19,41,17,35,41,57,21
72,42,42,4,12,0,1,2,4,0,0,8,0,0,0,0,0,1,0,1998,1998-06-19,2736,2467,306,616,101,14,68,288,192,14,480,19,41,17,35,41,58,21
73,41,34,6,10,3,0,0,6,5,0,4,0,1,1,0,0,2,1,1998,1998-06-20,2777,2501,312,626,104,14,68,294,197,14,484,19,42,18,35,41,60,22
74,37,35,6,10,1,0,2,6,2,0,5,0,0,0,0,0,1,2,1998,1998-06-21,2814,2536,318,636,105,14,70,300,199,14,489,19,42,18,35,41,61,24
75,38,35,5,9,2,0,1,4,3,0,6,0,0,0,0,1,0,0,1998,1998-06-22,2852,2571,323,645,107,14,71,304,202,14,495,19,42,18,35,42,61,24
76,43,39,4,13,2,0,1,4,3,0,5,0,1,0,0,0,3,0,1998,1998-06-23,2895,2610,327,658,109,14,72,308,205,14,500,19,43,18,35,42,64,24
77,45,42,6,12,1,0,2,6,3,0,10,0,0,0,0,0,2,0,1998,1998-06-24,2940,2652,333,670,110,14,74,314,208,14,510,19,43,18,35,42,66,24
78,38,33,2,5,1,0,0,1,5,0,7,0,0,0,1,0,2,0,1998,1998-06-25,2978,2685,335,675,111,14,74,315,213,14,517,19,43,18,36,42,68,24
79,36,33,5,11,1,0,1,5,2,0,10,0,0,1,0,0,2,0,1998,1998-06-26,3014,2718,340,686,112,14,75,320,215,14,527,19,43,19,36,42,70,24
80,32,28,2,5,1,0,0,2,4,1,2,0,0,0,0,1,0,0,1998,1998-06-27,3046,2746,342,691,113,14,75,322,219,15,529,19,43,19,36,43,70,24
81,34,31,4,6,0,0,1,4,3,0,6,0,0,0,0,1,1,1,1998,1998-06-28,3080,2777,346,697,113,14,76,326,222,15,535,19,43,19,36,44,71,25
82,38,34,4,8,2,1,1,4,4,0,8,0,0,0,0,0,0,1,1998,1998-06-30,3118,2811,350,705,115,15,77,330,226,15,543,19,43,19,36,44,71,26
83,42,39,7,11,2,1,1,7,2,0,10,0,0,1,2,0,1,0,1998,1998-07-01,3160,2850,357,716,117,16,78,337,228,15,553,19,43,20,38,44,72,26
84,40,36,4,11,3,0,1,4,2,0,4,1,0,1,0,1,0,0,1998,1998-07-02,3200,2886,361,727,120,16,79,341,230,15,557,20,43,21,38,45,72,26
85,35,32,3,5,0,0,2,3,3,0,4,0,0,0,1,1,0,0,1998,1998-07-03,3235,2918,364,732,120,16,81,344,233,15,561,20,43,21,39,46,72,26
86,42,37,9,12,2,1,0,8,2,1,7,0,1,2,0,0,1,0,1998,1998-07-04,3277,2955,373,744,122,17,81,352,235,16,568,20,44,23,39,46,73,26
87,38,33,0,8,0,0,0,0,4,0,12,0,1,0,1,1,0,1,1998,1998-07-05,3315,2988,373,752,122,17,81,352,239,16,580,20,45,23,40,47,73,27
88,43,38,12,14,3,0,2,12,5,1,8,0,0,0,0,0,3,0,1998,1998-07-09,3358,3026,385,766,125,17,83,364,244,17,588,20,45,23,40,47,76,27
89,43,33,6,11,1,0,0,5,6,1,9,1,2,1,0,0,2,0,1998,1998-07-10,3401,3059,391,777,126,17,83,369,250,18,597,21,47,24,40,47,78,27
90,32,31,1,4,2,0,1,1,1,0,7,0,0,0,1,0,0,0,1998,1998-07-11,3433,3090,392,781,128,17,84,370,251,18,604,21,47,24,41,47,78,27
91,38,34,3,9,1,1,0,3,2,0,4,1,0,1,1,1,0,0,1998,1998-07-12,3471,3124,395,790,129,18,84,373,253,18,608,22,47,25,42,48,78,27
92,36,35,7,12,1,1,2,7,0,0,2,0,0,1,1,0,0,0,1998,1998-07-13,3507,3159,402,802,130,19,86,380,253,18,610,22,47,26,43,48,78,27
93,33,29,2,5,1,0,1,1,3,1,9,0,1,0,1,0,0,2,1998,1998-07-14,3540,3188,404,807,131,19,87,381,256,19,619,22,48,26,44,48,78,29
94,36,31,3,7,0,0,0,3,2,0,8,2,1,0,0,1,0,1,1998,1998-07-15,3576,3219,407,814,131,19,87,384,258,19,627,24,49,26,44,49,78,30
95,43,39,8,15,1,0,2,6,2,0,3,0,2,0,1,1,1,1,1998,1998-07-16,3619,3258,415,829,132,19,89,390,260,19,630,24,51,26,45,50,79,31
96,33,30,1,5,0,0,1,1,2,0,4,0,1,0,0,1,0,0,1998,1998-07-17,3652,3288,416,834,132,19,90,391,262,19,634,24,52,26,45,51,79,31
97,38,36,10,11,3,0,4,9,1,0,5,0,1,0,0,1,0,0,1998,1998-07-18,3690,3324,426,845,135,19,94,400,263,19,639,24,53,26,45,52,79,31
98,37,36,4,9,0,0,2,4,1,0,4,0,0,0,0,0,2,0,1998,1998-07-19,3727,3360,430,854,135,19,96,404,264,19,643,24,53,26,45,52,81,31
99,31,28,2,6,0,1,0,2,1,1,5,0,2,0,0,0,0,0,1998,1998-07-20,3758,3388,432,860,135,20,96,406,265,20,648,24,55,26,45,52,81,31
100,33,30,4,7,1,0,1,4,2,0,5,0,1,0,0,0,1,0,1998,1998-07-21,3791,3418,436,867,136,20,97,410,267,20,653,24,56,26,45,52,82,31
101,36,33,6,11,1,0,3,6,1,0,3,1,0,1,1,2,2,0,1998,1998-07-22,3827,3451,442,878,137,20,100,416,268,20,656,25,56,27,46,54,84,31
102,42,40,6,10,1,1,1,6,2,0,4,0,0,0,0,0,0,0,1998,1998-07-23,3869,3491,448,888,138,21,101,422,270,20,660,25,56,27,46,54,84,31
103,31,31,3,9,2,0,0,3,0,0,5,0,0,0,1,1,0,1,1998,1998-07-24,3900,3522,451,897,140,21,101,425,270,20,665,25,56,27,47,55,84,32
104,39,35,3,8,0,0,1,3,2,0,5,1,1,0,2,1,0,0,1998,1998-07-25,3939,3557,454,905,140,21,102,428,272,20,670,26,57,27,49,56,84,32
105,33,32,5,9,2,0,2,4,0,0,7,1,0,0,0,1,3,0,1998,1998-07-26,3972,3589,459,914,142,21,104,432,272,20,677,27,57,27,49,57,87,32
106,38,33,7,9,3,0,2,7,3,0,2,0,1,1,1,1,1,1,1998,1998-07-28,4010,3622,466,923,145,21,106,439,275,20,679,27,58,28,50,58,88,33
107,39,38,3,11,2,0,2,3,1,0,6,0,0,0,1,0,1,0,1998,1998-07-29,4049,3660,469,934,147,21,108,442,276,20,685,27,58,28,51,58,89,33
108,39,33,3,7,2,0,0,2,5,0,10,0,0,1,1,0,1,1,1998,1998-07-30,4088,3693,472,941,149,21,108,444,281,20,695,27,58,29,52,58,90,34
109,38,36,4,11,4,1,0,3,2,0,10,0,0,0,0,2,2,0,1998,1998-07-31,4126,3729,476,952,153,22,108,447,283,20,705,27,58,29,52,60,92,34
110,33,33,1,6,2,0,0,1,0,0,6,0,0,0,1,1,0,0,1998,1998-08-01,4159,3762,477,958,155,22,108,448,283,20,711,27,58,29,53,61,92,34
111,36,32,3,5,3,0,0,3,4,0,4,0,0,0,0,0,0,0,1998,1998-08-02,4195,3794,480,963,158,22,108,451,287,20,715,27,58,29,53,61,92,34
112,44,39,8,11,3,1,3,8,3,0,7,0,0,2,3,0,0,1,1998,1998-08-03,4239,3833,488,974,161,23,111,459,290,20,722,27,58,31,56,61,92,35
113,43,40,4,10,1,0,0,4,2,1,6,1,0,0,1,0,2,0,1998,1998-08-04,4282,3873,492,984,162,23,111,463,292,21,728,28,58,31,57,61,94,35
114,39,35,1,8,3,0,0,1,4,0,8,0,0,0,0,0,0,0,1998,1998-08-05,4321,3908,493,992,165,23,111,464,296,21,736,28,58,31,57,61,94,35
115,31,28,0,2,0,0,0,0,1,0,3,2,0,0,0,0,0,1,1998,1998-08-06,4352,3936,493,994,165,23,111,464,297,21,739,30,58,31,57,61,94,36
116,30,29,3,8,2,0,1,2,0,0,6,0,0,1,1,2,1,1,1998,1998-08-07,4382,3965,496,1002,167,23,112,466,297,21,745,30,58,32,58,63,95,37
117,37,34,2,11,1,0,0,2,1,1,6,0,2,0,0,0,1,1,1998,1998-08-08,4419,3999,498,1013,168,23,112,468,298,22,751,30,60,32,58,63,96,38
118,31,30,1,5,1,0,1,1,1,0,8,0,0,0,0,1,0,0,1998,1998-08-09,4450,4029,499,1018,169,23,113,469,299,22,759,30,60,32,58,64,96,38
119,41,32,6,9,1,0,0,6,9,1,5,0,0,0,0,3,0,1,1998,1998-08-11,4491,4061,505,1027,170,23,113,475,308,23,764,30,60,32,58,67,96,39
120,38,31,2,7,2,0,0,2,6,0,8,0,1,0,1,1,0,1,1998,1998-08-12,4529,4092,507,1034,172,23,113,477,314,23,772,30,61,32,59,68,96,40
121,33,30,5,9,0,0,1,4,2,0,3,0,1,0,0,1,3,1,1998,1998-08-13,4562,4122,512,1043,172,23,114,481,316,23,775,30,62,32,59,69,99,41
122,35,33,2,8,0,0,1,2,1,0,14,0,1,0,0,0,0,1,1998,1998-08-14,4597,4155,514,1051,172,23,115,483,317,23,789,30,63,32,59,69,99,42
123,38,35,3,8,0,0,1,3,3,0,9,0,0,0,1,1,0,0,1998,1998-08-15,4635,4190,517,1059,172,23,116,486,320,23,798,30,63,32,60,70,99,42
124,33,27,1,7,1,0,1,1,4,0,4,0,2,0,0,1,0,0,1998,1998-08-16,4668,4217,518,1066,173,23,117,487,324,23,802,30,65,32,60,71,99,42
125,39,37,4,12,1,0,3,4,1,0,6,0,1,0,1,1,0,0,1998,1998-08-18,4707,4254,522,1078,174,23,120,491,325,23,808,30,66,32,61,72,99,42
126,38,33,5,6,1,1,0,5,5,0,10,0,0,0,0,0,3,0,1998,1998-08-19,4745,4287,527,1084,175,24,120,496,330,23,818,30,66,32,61,72,102,42
127,43,32,2,4,1,0,1,2,8,1,8,1,2,0,0,0,1,0,1998,1998-08-20,4788,4319,529,1088,176,24,121,498,338,24,826,31,68,32,61,72,103,42
128,41,37,5,10,1,0,2,5,4,1,4,0,0,0,1,1,0,0,1998,1998-08-21,4829,4356,534,1098,177,24,123,503,342,25,830,31,68,32,62,73,103,42
129,42,36,5,10,0,0,0,5,4,0,8,2,0,0,1,1,0,0,1998,1998-08-22,4871,4392,539,1108,177,24,123,508,346,25,838,33,68,32,63,74,103,42
130,42,36,7,11,2,0,3,7,5,0,9,0,0,1,1,1,1,1,1998,1998-08-23,4913,4428,546,1119,179,24,126,515,351,25,847,33,68,33,64,75,104,43
131,38,38,3,10,0,0,1,3,0,0,3,0,0,0,1,0,0,0,1998,1998-08-24,4951,4466,549,1129,179,24,127,518,351,25,850,33,68,33,65,75,104,43
132,35,27,4,6,1,0,0,3,5,0,8,0,2,1,0,0,5,0,1998,1998-08-25,4986,4493,553,1135,180,24,127,521,356,25,858,33,70,34,65,75,109,43
133,37,34,4,9,0,0,2,4,3,1,2,0,0,0,1,1,2,0,1998,1998-08-26,5023,4527,557,1144,180,24,129,525,359,26,860,33,70,34,66,76,111,43
134,37,35,10,11,1,0,3,10,0,0,8,1,1,0,2,1,1,0,1998,1998-08-27,5060,4562,567,1155,181,24,132,535,359,26,868,34,71,34,68,77,112,43
135,47,40,4,13,0,0,2,4,6,1,7,0,1,0,1,1,2,1,1998,1998-08-28,5107,4602,571,1168,181,24,134,539,365,27,875,34,72,34,69,78,114,44
136,35,32,3,6,1,0,3,3,2,0,10,0,1,0,0,0,0,0,1998,1998-08-29,5142,4634,574,1174,182,24,137,542,367,27,885,34,73,34,69,78,114,44
137,32,29,4,9,3,0,0,4,1,1,7,0,2,0,0,0,1,1,1998,1998-08-30,5174,4663,578,1183,185,24,137,546,368,28,892,34,75,34,69,78,115,45
138,37,33,3,9,2,0,0,3,2,0,8,0,1,1,0,1,3,0,1998,1998-08-31,5211,4696,581,1192,187,24,137,549,370,28,900,34,76,35,69,79,118,45
139,31,27,3,4,1,0,1,3,2,0,4,0,1,0,1,1,1,0,1998,1998-09-01,5242,4723,584,1196,188,24,138,552,372,28,904,34,77,35,70,80,119,45
140,39,33,6,11,1,0,2,6,5,0,7,0,1,0,0,0,1,0,1998,1998-09-02,5281,4756,590,1207,189,24,140,558,377,28,911,34,78,35,70,80,120,45
141,39,34,8,10,0,0,2,8,4,0,4,0,1,0,2,0,2,0,1998,1998-09-04,5320,4790,598,1217,189,24,142,566,381,28,915,34,79,35,72,80,122,45
142,39,31,6,11,1,0,1,6,5,0,7,0,2,1,0,0,1,1,1998,1998-09-05,5359,4821,604,1228,190,24,143,572,386,28,922,34,81,36,72,80,123,46
143,33,31,2,5,1,1,1,2,2,0,6,0,0,0,0,0,0,1,1998,1998-09-06,5392,4852,606,1233,191,25,144,574,388,28,928,34,81,36,72,80,123,47
144,33,32,2,6,1,0,1,2,1,0,8,0,0,0,0,1,2,0,1998,1998-09-07,5425,4884,608,1239,192,25,145,576,389,28,936,34,81,36,72,81,125,47
145,49,43,6,17,2,0,2,6,1,0,4,0,4,1,0,2,0,0,1998,1998-09-08,5474,4927,614,1256,194,25,147,582,390,28,940,34,85,37,72,83,125,47
146,40,34,6,8,0,0,2,6,4,0,4,0,0,2,1,0,1,0,1998,1998-09-09,5514,4961,620,1264,194,25,149,588,394,28,944,34,85,39,73,83,126,47
147,32,31,4,3,0,0,0,4,1,0,11,0,0,0,1,0,0,0,1998,1998-09-10,5546,4992,624,1267,194,25,149,592,395,28,955,34,85,39,74,83,126,47
148,35,31,0,7,1,0,0,0,4,0,8,0,0,0,0,1,1,2,1998,1998-09-11,5581,5023,624,1274,195,25,149,592,399,28,963,34,85,39,74,84,127,49
149,42,35,7,10,1,1,1,7,6,0,9,0,1,0,0,1,2,0,1998,1998-09-12,5623,5058,631,1284,196,26,150,599,405,28,972,34,86,39,74,85,129,49
150,42,33,5,6,0,0,0,3,7,1,9,0,1,1,0,1,2,1,1998,1998-09-13,5665,5091,636,1290,196,26,150,602,412,29,981,34,87,40,74,86,131,50
151,37,30,4,9,1,0,0,3,6,1,8,0,1,0,1,0,1,2,1998,1998-09-14,5702,5121,640,1299,197,26,150,605,418,30,989,34,88,40,75,86,132,52
152,38,35,4,12,2,0,1,4,1,0,4,0,0,2,0,1,0,0,1998,1998-09-15,5740,5156,644,1311,199,26,151,609,419,30,993,34,88,42,75,87,132,52
153,33,29,2,6,1,0,0,1,3,0,6,1,0,0,0,1,1,0,1998,1998-09-16,5773,5185,646,1317,200,26,151,610,422,30,999,35,88,42,75,88,133,52
154,38,34,3,7,1,1,0,2,4,0,8,0,0,0,0,0,1,0,1998,1998-09-18,5811,5219,649,1324,201,27,151,612,426,30,1007,35,88,42,75,88,134,52
155,40,38,4,12,2,0,0,4,1,0,5,1,0,0,0,1,0,0,1998,1998-09-19,5851,5257,653,1336,203,27,151,616,427,30,1012,36,88,42,75,89,134,52
156,28,27,1,2,0,0,1,1,1,0,10,0,0,0,0,2,0,0,1998,1998-09-20,5879,5284,654,1338,203,27,152,617,428,30,1022,36,88,42,75,91,134,52
157,32,28,3,6,1,0,1,3,4,0,5,0,0,0,0,2,1,0,1998,1998-09-22,5911,5312,657,1344,204,27,153,620,432,30,1027,36,88,42,75,93,135,52
158,37,33,2,8,1,0,1,2,3,0,9,0,1,0,0,1,1,0,1998,1998-09-23,5948,5345,659,1352,205,27,154,622,435,30,1036,36,89,42,75,94,136,52
159,31,26,4,3,1,0,1,2,3,1,4,0,2,0,1,0,0,0,1998,1998-09-24,5979,5371,663,1355,206,27,155,624,438,31,1040,36,91,42,76,94,136,52
160,29,28,3,5,0,0,2,3,1,0,2,0,0,0,0,1,0,0,1998,1998-09-25,6008,5399,666,1360,206,27,157,627,439,31,1042,36,91,42,76,95,136,52
161,36,32,1,7,2,0,1,1,4,0,10,0,0,0,0,1,0,1,1998,1998-09-26,6044,5431,667,1367,208,27,158,628,443,31,1052,36,91,42,76,96,136,53
162,33,28,2,7,1,0,1,2,4,0,4,0,0,1,0,2,1,0,1998,1998-09-27,6077,5459,669,1374,209,27,159,630,447,31,1056,36,91,43,76,98,137,53
1,30,27,0,2,0,0,0,0,3,0,12,0,0,0,0,2,0,0,1997,1997-04-01,30,27,0,2,0,0,0,0,3,0,12,0,0,0,0,2,0,0
2,34,30,5,8,0,1,1,4,4,1,3,0,0,0,0,2,0,0,1997,1997-04-02,64,57,5,10,0,1,1,4,7,1,15,0,0,0,0,4,0,0
3,36,29,2,7,1,0,1,2,6,0,6,0,1,0,0,0,1,1,1997,1997-04-03,100,86,7,17,1,1,2,6,13,1,21,0,1,0,0,4,1,1
4,34,32,5,8,1,1,1,5,1,0,3,1,0,0,1,0,0,0,1997,1997-04-04,134,118,12,25,2,2,3,11,14,1,24,1,1,0,1,4,1,1
5,33,33,1,6,1,0,0,1,0,0,4,0,0,0,0,0,0,0,1997,1997-04-05,167,151,13,31,3,2,3,12,14,1,28,1,1,0,1,4,1,1
6,38,33,6,11,2,0,1,6,4,0,5,0,1,0,1,2,1,0,1997,1997-04-06,205,184,19,42,5,2,4,18,18,1,33,1,2,0,2,6,2,1
7,63,50,3,12,0,0,0,3,10,0,8,0,2,1,0,3,1,0,1997,1997-04-07,268,234,22,54,5,2,4,21,28,1,41,1,4,1,2,9,3,1
8,33,30,3,5,1,1,1,3,3,0,3,0,0,0,0,1,0,0,1997,1997-04-08,301,264,25,59,6,3,5,24,31,1,44,1,4,1,2,10,3,1
9,49,43,3,6,0,0,1,3,4,1,11,0,2,0,1,2,0,0,1997,1997-04-09,350,307,28,65,6,3,6,27,35,2,55,1,6,1,3,12,3,1
10,38,34,7,8,0,1,1,7,2,0,5,1,0,1,1,1,0,0,1997,1997-04-11,388,341,35,73,6,4,7,34,37,2,60,2,6,2,4,13,3,1
11,47,39,14,18,5,0,1,13,5,0,5,0,1,2,0,2,1,0,1997,1997-04-13,435,380,49,91,11,4,8,47,42,2,65,2,7,4,4,15,4,1
12,38,33,0,8,0,0,0,0,3,0,5,1,1,0,1,1,0,0,1997,1997-04-15,473,413,49,99,11,4,8,47,45,2,70,3,8,4,5,16,4,1
13,40,34,5,11,1,0,2,4,4,0,6,0,2,0,2,1,0,2,1997,1997-04-16,513,447,54,110,12,4,10,51,49,2,76,3,10,4,7,17,4,3
14,38,34,5,12,3,0,1,5,4,1,8,0,0,0,0,0,0,0,1997,1997-04-18,551,481,59,122,15,4,11,56,53,3,84,3,10,4,7,17,4,3
15,38,32,1,8,0,0,0,1,4,0,3,0,2,0,1,2,0,0,1997,1997-04-19,589,513,60,130,15,4,11,57,57,3,87,3,12,4,8,19,4,3
16,34,32,1,6,0,0,1,1,1,0,1,1,0,0,0,1,1,0,1997,1997-04-20,623,545,61,136,15,4,12,58,58,3,88,4,12,4,8,20,5,3
17,38,33,4,10,1,0,0,3,4,0,6,0,1,0,0,0,0,1,1997,1997-04-22,661,578,65,146,16,4,12,61,62,3,94,4,13,4,8,20,5,4
18,34,31,2,8,1,0,0,2,2,1,5,0,1,0,0,0,0,0,1997,1997-04-23,695,609,67,154,17,4,12,63,64,4,99,4,14,4,8,20,5,4
19,39,32,2,4,0,1,1,2,6,0,4,1,0,0,2,0,0,0,1997,1997-04-25,734,641,69,158,17,5,13,65,70,4,103,5,14,4,10,20,5,4
20,38,35,3,9,3,1,1,3,3,0,6,0,0,0,2,3,0,0,1997,1997-04-26,772,676,72,167,20,6,14,68,73,4,109,5,14,4,12,23,5,4
21,37,33,3,9,1,0,2,3,3,0,5,0,1,0,0,1,0,0,1997,1997-04-27,809,709,75,176,21,6,16,71,76,4,114,5,15,4,12,24,5,4
22,33,31,0,5,1,0,0,0,2,0,9,0,0,0,1,1,1,0,1997,1997-04-28,842,740,75,181,22,6,16,71,78,4,123,5,15,4,13,25,6,4
23,41,36,6,13,3,0,2,5,5,3,7,0,0,0,0,2,4,2,1997,1997-04-29,883,776,81,194,25,6,18,76,83,7,130,5,15,4,13,27,10,6
24,41,38,7,13,3,0,0,7,2,0,5,0,1,0,0,0,2,0,1997,1997-04-30,924,814,88,207,28,6,18,83,85,7,135,5,16,4,13,27,12,6
25,34,31,5,4,1,1,1,5,2,0,12,1,0,0,0,1,0,0,1997,1997-05-01,958,845,93,211,29,7,19,88,87,7,147,6,16,4,13,28,12,6
26,48,39,8,11,5,0,1,8,8,0,4,0,0,1,0,0,1,0,1997,1997-05-02,1006,884,101,222,34,7,20,96,95,7,151,6,16,5,13,28,13,6
27,34,33,1,8,3,0,0,1,1,0,1,0,0,0,0,2,0,0,1997,1997-05-03,1040,917,102,230,37,7,20,97,96,7,152,6,16,5,13,30,13,6
28,36,34,5,12,4,1,1,5,1,0,5,0,1,0,1,2,0,0,1997,1997-05-04,1076,951,107,242,41,8,21,102,97,7,157,6,17,5,14,32,13,6
29,37,33,3,9,1,0,1,3,4,1,5,0,0,0,2,0,0,2,1997,1997-05-05,1113,984,110,251,42,8,22,105,101,8,162,6,17,5,16,32,13,8
30,44,40,2,9,3,0,1,2,4,1,7,0,0,0,0,0,1,1,1997,1997-05-06,1157,1024,112,260,45,8,23,107,105,9,169,6,17,5,16,32,14,9
31,31,27,4,5,1,0,0,3,3,0,5,0,1,0,1,2,2,0,1997,1997-05-07,1188,1051,116,265,46,8,23,110,108,9,174,6,18,5,17,34,16,9
32,34,30,5,8,4,0,0,5,3,1,6,0,1,0,1,0,1,1,1997,1997-05-09,1222,1081,121,273,50,8,23,115,111,10,180,6,19,5,18,34,17,10
33,36,32,2,6,3,0,0,2,4,0,8,0,0,0,1,1,1,0,1997,1997-05-10,1258,1113,123,279,53,8,23,117,115,10,188,6,19,5,19,35,18,10
34,42,39,3,9,2,0,1,3,3,0,5,0,0,0,0,0,1,0,1997,1997-05-11,1300,1152,126,288,55,8,24,120,118,10,193,6,19,5,19,35,19,10
35,37,33,1,7,1,0,1,1,2,0,5,0,2,0,2,0,0,0,1997,1997-05-13,1337,1185,127,295,56,8,25,121,120,10,198,6,21,5,21,35,19,10
36,38,33,6,12,3,0,2,6,3,0,1,0,1,1,0,2,0,2,1997,1997-05-14,1375,1218,133,307,59,8,27,127,123,10,199,6,22,6,21,37,19,12
37,37,33,2,6,2,0,0,2,4,1,5,0,0,0,0,0,1,0,1997,1997-05-15,1412,1251,135,313,61,8,27,129,127,11,204,6,22,6,21,37,20,12
38,31,31,2,6,1,1,1,2,0,0,7,0,0,0,0,1,0,0,1997,1997-05-16,1443,1282,137,319,62,9,28,131,127,11,211,6,22,6,21,38,20,12
39,41,38,8,11,3,1,0,7,1,0,4,0,0,2,2,0,0,0,1997,1997-05-17,1484,1320,145,330,65,10,28,138,128,11,215,6,22,8,23,38,20,12
40,35,33,4,8,0,2,2,3,1,0,11,1,0,0,0,2,1,0,1997,1997-05-18,1519,1353,149,338,65,12,30,141,129,11,226,7,22,8,23,40,21,12
41,36,34,1,7,1,0,1,1,2,0,9,0,0,0,1,0,2,0,1997,1997-05-19,1555,1387,150,345,66,12,31,142,131,11,235,7,22,8,24,40,23,12
42,35,35,3,8,2,0,2,3,0,0,5,0,0,0,0,0,0,0,1997,1997-05-20,1590,1422,153,353,68,12,33,145,131,11,240,7,22,8,24,40,23,12
43,43,40,4,9,1,0,1,4,3,0,9,0,0,0,0,0,4,1,1997,1997-05-21,1633,1462,157,362,69,12,34,149,134,11,249,7,22,8,24,40,27,13
44,35,32,1,7,0,0,1,1,3,0,8,0,0,0,1,0,2,1,1997,1997-05-22,1668,1494,158,369,69,12,35,150,137,11,257,7,22,8,25,40,29,14
45,33,31,2,7,0,0,1,2,1,0,7,0,1,0,1,1,1,1,1997,1997-05-23,1701,1525,160,376,69,12,36,152,138,11,264,7,23,8,26,41,30,15
46,37,35,10,14,2,0,3,10,2,1,5,0,0,0,0,2,0,1,1997,1997-05-24,1738,1560,170,390,71,12,39,162,140,12,269,7,23,8,26,43,30,16
47,34,29,2,6,1,0,0,2,4,1,6,0,1,0,0,0,0,0,1997,1997-05-25,1772,1589,172,396,72,12,39,164,144,13,275,7,24,8,26,43,30,16
48,35,30,5,8,1,0,3,5,3,0,7,0,1,1,0,0,2,0,1997,1997-05-26,1807,1619,177,404,73,12,42,169,147,13,282,7,25,9,26,43,32,16
49,38,34,5,7,0,0,1,5,4,0,13,0,0,0,0,0,0,0,1997,1997-05-27,1845,1653,182,411,73,12,43,174,151,13,295,7,25,9,26,43,32,16
50,34,34,2,10,2,0,0,2,0,0,8,0,0,0,0,1,0,1,1997,1997-05-29,1879,1687,184,421,75,12,43,176,151,13,303,7,25,9,26,44,32,17
51,33,30,1,7,1,0,0,1,2,0,7,0,1,0,0,1,1,1,1997,1997-05-30,1912,1717,185,428,76,12,43,177,153,13,310,7,26,9,26,45,33,18
52,33,31,3,6,1,0,2,3,2,0,10,0,0,0,0,0,0,1,1997,1997-05-31,1945,1748,188,434,77,12,45,180,155,13,320,7,26,9,26,45,33,19
53,40,34,6,9,1,0,3,6,4,0,10,0,2,0,0,0,0,0,1997,1997-06-01,1985,1782,194,443,78,12,48,186,159,13,330,7,28,9,26,45,33,19
54,35,32,0,6,2,0,0,0,3,0,9,0,0,0,0,0,0,1,1997,1997-06-02,2020,1814,194,449,80,12,48,186,162,13,339,7,28,9,26,45,33,20
55,44,36,3,10,2,0,0,3,6,0,9,0,2,0,1,1,2,0,1997,1997-06-03,2064,1850,197,459,82,12,48,189,168,13,348,7,30,9,27,46,35,20
56,36,31,5,8,0,1,1,5,4,1,5,1,0,0,0,1,2,0,1997,1997-06-04,2100,1881,202,467,82,13,49,194,172,14,353,8,30,9,27,47,37,20
57,35,32,4,6,1,0,1,4,2,0,4,0,1,0,1,1,0,0,1997,1997-06-05,2135,1913,206,473,83,13,50,198,174,14,357,8,31,9,28,48,37,20
58,36,31,1,7,1,0,0,1,4,0,8,0,1,0,0,2,0,0,1997,1997-06-06,2171,1944,207,480,84,13,50,199,178,14,365,8,32,9,28,50,37,20
59,40,37,5,14,4,0,1,5,2,0,5,1,0,0,0,0,1,0,1997,1997-06-07,2211,1981,212,494,88,13,51,204,180,14,370,9,32,9,28,50,38,20
60,39,39,3,13,1,0,0,3,0,0,3,0,0,0,0,0,0,0,1997,1997-06-08,2250,2020,215,507,89,13,51,207,180,14,373,9,32,9,28,50,38,20
61,36,32,8,8,2,0,2,8,3,0,1,0,1,0,2,1,1,0,1997,1997-06-09,2286,2052,223,515,91,13,53,215,183,14,374,9,33,9,30,51,39,20
62,36,31,3,9,1,0,0,3,4,0,7,0,1,0,0,2,0,2,1997,1997-06-10,2322,2083,226,524,92,13,53,218,187,14,381,9,34,9,30,53,39,22
63,41,33,10,12,2,0,4,10,5,0,5,1,1,1,0,0,1,0,1997,1997-06-11,2363,2116,236,536,94,13,57,228,192,14,386,10,35,10,30,53,40,22
64,37,36,4,10,0,1,0,4,0,0,8,0,0,1,1,1,1,0,1997,1997-06-12,2400,2152,240,546,94,14,57,232,192,14,394,10,35,11,31,54,41,22
65,43,36,6,11,2,0,1,6,6,1,5,0,1,0,1,1,0,0,1997,1997-06-13,2443,2188,246,557,96,14,58,238,198,15,399,10,36,11,32,55,41,22
66,42,37,8,11,2,0,3,8,4,0,7,0,1,0,0,0,0,0,1997,1997-06-14,2485,2225,254,568,98,14,61,246,202,15,406,10,37,11,32,55,41,22
67,35,33,2,6,3,0,1,2,2,0,7,0,0,0,0,0,0,0,1997,1997-06-15,2520,2258,256,574,101,14,62,248,204,15,413,10,37,11,32,55,41,22
68,38,33,4,10,0,0,3,3,3,0,9,0,2,0,0,0,0,0,1997,1997-06-17,2558,2291,260,584,101,14,65,251,207,15,422,10,39,11,32,55,41,22
69,35,30,7,7,1,0,3,7,4,0,2,0,1,0,0,0,1,0,1997,1997-06-18,2593,2321,267,591,102,14,68,258,211,15,424,10,40,11,32,55,42,22
70,33,30,2,4,0,0,2,2,3,0,9,0,0,0,0,1,0,0,1997,1997-06-19,2626,2351,269,595,102,14,70,260,214,15,433,10,40,11,32,56,42,22
71,45,41,11,13,2,0,2,10,4,1,6,0,0,0,0,0,1,1,1997,1997-06-20,2671,2392,280,608,104,14,72,270,218,16,439,10,40,11,32,56,43,23
72,48,40,11,15,2,1,0,9,6,0,6,1,1,0,1,1,0,1,1997,1997-06-21,2719,2432,291,623,106,15,72,279,224,16,445,11,41,11,33,57,43,24
73,33,31,2,7,2,0,1,2,2,1,4,0,0,0,0,1,0,2,1997,1997-06-22,2752,2463,293,630,108,15,73,281,226,17,449,11,41,11,33,58,43,26
74,34,32,5,8,1,1,2,5,1,0,4,0,0,1,1,0,1,0,1997,1997-06-23,2786,2495,298,638,109,16,75,286,227,17,453,11,41,12,34,58,44,26
75,34,29,2,6,1,0,0,2,2,0,8,0,2,1,0,1,1,0,1997,1997-06-24,2820,2524,300,644,110,16,75,288,229,17,461,11,43,13,34,59,45,26
76,35,31,2,7,2,0,1,2,4,0,3,0,0,0,0,0,3,0,1997,1997-06-25,2855,2555,302,651,112,16,76,290,233,17,464,11,43,13,34,59,48,26
77,41,37,7,11,3,1,1,7,3,0,7,0,0,1,1,0,0,0,1997,1997-06-26,2896,2592,309,662,115,17,77,297,236,17,471,11,43,14,35,59,48,26
78,41,37,5,12,3,0,2,5,4,0,7,0,0,0,0,1,1,0,1997,1997-06-27,2937,2629,314,674,118,17,79,302,240,17,478,11,43,14,35,60,49,26
79,38,33,3,8,0,1,0,3,4,0,6,0,1,0,0,1,0,0,1997,1997-06-28,2975,2662,317,682,118,18,79,305,244,17,484,11,44,14,35,61,49,26
80,41,34,10,12,3,0,1,10,5,1,7,0,1,1,1,0,1,0,1997,1997-06-29,3016,2696,327,694,121,18,80,315,249,18,491,11,45,15,36,61,50,26
81,34,32,2,6,2,0,2,2,2,0,6,0,0,0,0,1,1,0,1997,1997-06-30,3050,2728,329,700,123,18,82,317,251,18,497,11,45,15,36,62,51,26
82,36,33,6,12,4,0,3,6,1,1,6,1,1,0,0,1,0,0,1997,1997-07-01,3086,2761,335,712,127,18,85,323,252,19,503,12,46,15,36,63,51,26
83,43,40,5,14,1,0,1,4,1,0,6,0,2,0,3,2,0,1,1997,1997-07-02,3129,2801,340,726,128,18,86,327,253,19,509,12,48,15,39,65,51,27
84,45,35,8,11,2,0,0,7,6,0,6,1,1,2,0,0,3,0,1997,1997-07-03,3174,2836,348,737,130,18,86,334,259,19,515,13,49,17,39,65,54,27
85,40,38,5,12,3,0,0,5,2,0,6,0,0,0,0,0,1,0,1997,1997-07-04,3214,2874,353,749,133,18,86,339,261,19,521,13,49,17,39,65,55,27
86,41,35,7,12,1,1,1,7,3,1,3,0,3,0,2,2,2,1,1997,1997-07-05,3255,2909,360,761,134,19,87,346,264,20,524,13,52,17,41,67,57,28
87,39,31,5,8,3,0,0,5,3,1,9,1,3,1,1,1,2,0,1997,1997-07-06,3294,2940,365,769,137,19,87,351,267,21,533,14,55,18,42,68,59,28
88,40,36,11,16,4,0,2,11,1,0,4,0,1,2,1,1,2,0,1997,1997-07-10,3334,2976,376,785,141,19,89,362,268,21,537,14,56,20,43,69,61,28
89,37,33,6,10,1,0,1,6,3,0,6,1,0,0,0,1,0,0,1997,1997-07-11,3371,3009,382,795,142,19,90,368,271,21,543,15,56,20,43,70,61,28
90,38,33,5,9,1,0,2,5,3,1,6,0,2,0,0,0,0,1,1997,1997-07-12,3409,3042,387,804,143,19,92,373,274,22,549,15,58,20,43,70,61,29
91,39,32,9,13,0,0,2,8,4,0,8,1,1,1,0,2,1,1,1997,1997-07-13,3448,3074,396,817,143,19,94,381,278,22,557,16,59,21,43,72,62,30
92,55,51,14,22,3,0,4,13,3,0,12,0,1,0,1,1,0,0,1997,1997-07-14,3503,3125,410,839,146,19,98,394,281,22,569,16,60,21,44,73,62,30
93,41,37,6,12,3,1,1,6,3,0,7,0,0,1,0,0,2,0,1997,1997-07-15,3544,3162,416,851,149,20,99,400,284,22,576,16,60,22,44,73,64,30
94,29,28,1,1,0,0,0,1,1,0,8,0,0,0,0,0,1,0,1997,1997-07-16,3573,3190,417,852,149,20,99,401,285,22,584,16,60,22,44,73,65,30
95,43,37,7,14,4,0,3,7,3,0,10,1,1,1,0,0,0,2,1997,1997-07-17,3616,3227,424,866,153,20,102,408,288,22,594,17,61,23,44,73,65,32
96,34,34,1,7,1,0,1,1,0,0,7,0,0,0,0,0,0,0,1997,1997-07-18,3650,3261,425,873,154,20,103,409,288,22,601,17,61,23,44,73,65,32
97,36,33,4,8,2,0,0,4,3,1,7,0,0,0,0,0,0,1,1997,1997-07-19,3686,3294,429,881,156,20,103,413,291,23,608,17,61,23,44,73,65,33
98,43,37,8,11,2,0,1,6,4,1,10,0,2,0,1,0,1,0,1997,1997-07-20,3729,3331,437,892,158,20,104,419,295,24,618,17,63,23,45,73,66,33
99,39,35,4,6,0,0,2,4,3,1,7,0,1,0,1,1,0,0,1997,1997-07-21,3768,3366,441,898,158,20,106,423,298,25,625,17,64,23,46,74,66,33
100,37,33,8,11,1,1,3,8,2,0,3,1,1,0,0,0,0,1,1997,1997-07-22,3805,3399,449,909,159,21,109,431,300,25,628,18,65,23,46,74,66,34
101,33,31,1,4,0,0,1,1,2,0,7,0,0,0,1,1,1,0,1997,1997-07-23,3838,3430,450,913,159,21,110,432,302,25,635,18,65,23,47,75,67,34
102,32,29,1,4,0,0,1,1,3,0,1,0,0,0,0,2,1,0,1997,1997-07-24,3870,3459,451,917,159,21,111,433,305,25,636,18,65,23,47,77,68,34
103,39,37,8,14,3,0,2,8,1,0,6,0,0,1,0,0,0,0,1997,1997-07-25,3909,3496,459,931,162,21,113,441,306,25,642,18,65,24,47,77,68,34
104,31,31,4,8,1,0,3,4,0,0,10,0,0,0,0,0,0,0,1997,1997-07-26,3940,3527,463,939,163,21,116,445,306,25,652,18,65,24,47,77,68,34
105,38,33,7,10,2,1,2,6,4,0,12,0,0,1,0,0,2,0,1997,1997-07-27,3978,3560,470,949,165,22,118,451,310,25,664,18,65,25,47,77,70,34
106,36,29,4,9,0,1,1,4,4,0,5,2,0,1,0,1,0,1,1997,1997-07-28,4014,3589,474,958,165,23,119,455,314,25,669,20,65,26,47,78,70,35
107,37,30,3,8,3,0,0,3,5,3,5,0,2,0,1,0,1,1,1997,1997-07-29,4051,3619,477,966,168,23,119,458,319,28,674,20,67,26,48,78,71,36
108,37,31,4,7,0,0,1,4,5,0,3,0,1,0,1,1,0,1,1997,1997-07-31,4088,3650,481,973,168,23,120,462,324,28,677,20,68,26,49,79,71,37
109,50,44,13,20,5,0,2,12,6,1,9,0,0,0,0,2,3,0,1997,1997-08-01,4138,3694,494,993,173,23,122,474,330,29,686,20,68,26,49,81,74,37
110,39,33,1,10,0,0,0,1,3,0,8,0,3,0,0,0,0,0,1997,1997-08-02,4177,3727,495,1003,173,23,122,475,333,29,694,20,71,26,49,81,74,37
111,46,42,3,9,0,0,3,3,3,0,10,0,1,0,0,0,0,0,1997,1997-08-03,4223,3769,498,1012,173,23,125,478,336,29,704,20,72,26,49,81,74,37
112,42,36,5,9,0,0,2,4,4,1,9,0,2,0,1,1,0,0,1997,1997-08-05,4265,3805,503,1021,173,23,127,482,340,30,713,20,74,26,50,82,74,37
113,39,31,3,8,1,0,1,3,7,0,12,0,1,0,0,1,0,1,1997,1997-08-06,4304,3836,506,1029,174,23,128,485,347,30,725,20,75,26,50,83,74,38
114,41,40,9,14,1,1,1,8,0,0,7,1,0,0,1,1,5,1,1997,1997-08-07,4345,3876,515,1043,175,24,129,493,347,30,732,21,75,26,51,84,79,39
115,48,40,10,15,5,1,0,10,7,0,6,0,1,0,0,0,0,1,1997,1997-08-08,4393,3916,525,1058,180,25,129,503,354,30,738,21,76,26,51,84,79,40
116,35,33,2,6,3,0,0,2,1,0,6,0,1,0,2,1,0,0,1997,1997-08-09,4428,3949,527,1064,183,25,129,505,355,30,744,21,77,26,53,85,79,40
117,32,30,1,4,0,0,0,1,2,0,9,0,0,0,0,0,0,1,1997,1997-08-10,4460,3979,528,1068,183,25,129,506,357,30,753,21,77,26,53,85,79,41
118,34,28,2,7,1,0,0,2,3,1,7,0,2,1,0,0,1,0,1997,1997-08-11,4494,4007,530,1075,184,25,129,508,360,31,760,21,79,27,53,85,80,41
119,37,36,2,10,0,0,0,2,1,0,7,0,0,0,0,0,2,1,1997,1997-08-12,4531,4043,532,1085,184,25,129,510,361,31,767,21,79,27,53,85,82,42
120,32,30,3,9,0,0,1,3,2,0,10,0,0,0,0,1,0,2,1997,1997-08-13,4563,4073,535,1094,184,25,130,513,363,31,777,21,79,27,53,86,82,44
121,32,27,1,5,0,0,1,1,4,1,13,0,1,0,0,0,0,1,1997,1997-08-14,4595,4100,536,1099,184,25,131,514,367,32,790,21,80,27,53,86,82,45
122,36,30,3,7,2,0,0,3,5,1,10,0,1,0,0,0,0,0,1997,1997-08-15,4631,4130,539,1106,186,25,131,517,372,33,800,21,81,27,53,86,82,45
123,33,28,5,4,0,0,2,3,4,0,4,0,1,0,2,1,1,0,1997,1997-08-16,4664,4158,544,1110,186,25,133,520,376,33,804,21,82,27,55,87,83,45
124,36,34,0,7,0,0,0,0,1,0,6,1,0,0,1,1,1,0,1997,1997-08-17,4700,4192,544,1117,186,25,133,520,377,33,810,22,82,27,56,88,84,45
125,37,35,4,9,3,0,1,4,1,0,7,0,1,0,0,0,2,0,1997,1997-08-19,4737,4227,548,1126,189,25,134,524,378,33,817,22,83,27,56,88,86,45
126,34,31,1,5,2,0,1,1,3,0,3,0,0,0,0,1,0,0,1997,,4771,4258,549,1131,191,25,135,525,381,33,820,22,83,27,56,89,86,45
127,36,31,4,7,0,0,0,4,3,0,7,0,1,1,1,1,2,1,1997,,4807,4289,553,1138,191,25,135,529,384,33,827,22,84,28,57,90,88,46
128,35,30,5,7,3,1,0,5,4,0,12,0,1,0,0,1,0,2,1997,1997-08-22,4842,4319,558,1145,194,26,135,534,388,33,839,22,85,28,57,91,88,48
129,42,34,4,9,0,0,1,4,7,2,5,0,0,1,1,0,2,1,1997,1997-08-23,4884,4353,562,1154,194,26,136,538,395,35,844,22,85,29,58,91,90,49
130,45,34,5,8,1,0,2,5,8,2,7,1,1,1,1,0,4,0,1997,1997-08-24,4929,4387,567,1162,195,26,138,543,403,37,851,23,86,30,59,91,94,49
131,44,40,8,13,0,0,1,8,4,0,4,0,0,0,1,0,1,0,1997,,4973,4427,575,1175,195,26,139,551,407,37,855,23,86,30,60,91,95,49
132,35,33,3,8,1,0,0,0,1,0,3,0,1,0,1,1,0,1,1997,,5008,4460,578,1183,196,26,139,551,408,37,858,23,87,30,61,92,95,50
133,42,36,6,13,3,0,0,5,3,2,5,0,2,1,0,0,1,0,1997,1997-08-26,5050,4496,584,1196,199,26,139,556,411,39,863,23,89,31,61,92,96,50
134,49,42,9,18,1,0,2,9,6,1,7,0,0,1,1,0,1,2,1997,1997-08-27,5099,4538,593,1214,200,26,141,565,417,40,870,23,89,32,62,92,97,52
135,38,32,7,10,1,0,0,5,5,1,5,0,1,0,1,1,7,0,1997,1997-08-28,5137,4570,600,1224,201,26,141,570,422,41,875,23,90,32,63,93,104,52
136,38,35,5,8,1,0,1,5,1,0,8,0,1,1,2,0,1,1,1997,1997-08-29,5175,4605,605,1232,202,26,142,575,423,41,883,23,91,33,65,93,105,53
137,40,35,11,14,2,0,2,10,2,0,6,2,1,0,0,1,1,1,1997,1997-08-30,5215,4640,616,1246,204,26,144,585,425,41,889,25,92,33,65,94,106,54
138,38,33,1,3,1,0,1,1,4,0,6,1,0,0,0,0,2,0,1997,1997-08-31,5253,4673,617,1249,205,26,145,586,429,41,895,26,92,33,65,94,108,54
139,47,47,12,18,4,1,1,11,0,0,4,0,0,0,3,0,2,0,1997,1997-09-02,5300,4720,629,1267,209,27,146,597,429,41,899,26,92,33,68,94,110,54
140,35,33,2,8,1,1,0,2,2,0,6,0,0,0,0,0,1,0,1997,1997-09-03,5335,4753,631,1275,210,28,146,599,431,41,905,26,92,33,68,94,111,54
141,41,30,7,10,2,0,1,6,9,1,5,0,2,0,0,1,0,1,1997,1997-09-05,5376,4783,638,1285,212,28,147,605,440,42,910,26,94,33,68,95,111,55
142,39,32,9,12,2,2,1,9,4,0,7,0,3,0,0,2,1,0,1997,1997-09-06,5415,4815,647,1297,214,30,148,614,444,42,917,26,97,33,68,97,112,55
143,44,35,9,12,3,1,1,9,8,2,8,0,1,0,1,0,3,1,1997,1997-09-07,5459,4850,656,1309,217,31,149,623,452,44,925,26,98,33,69,97,115,56
144,43,41,4,15,1,0,0,4,2,0,5,0,0,0,0,1,2,0,1997,1997-09-08,5502,4891,660,1324,218,31,149,627,454,44,930,26,98,33,69,98,117,56
145,32,31,3,6,1,0,1,3,0,0,11,0,0,1,0,0,2,0,1997,1997-09-09,5534,4922,663,1330,219,31,150,630,454,44,941,26,98,34,69,98,119,56
146,32,32,0,4,1,0,0,0,0,0,7,0,0,0,1,0,0,0,1997,1997-09-10,5566,4954,663,1334,220,31,150,630,454,44,948,26,98,34,70,98,119,56
147,38,36,3,9,3,1,1,3,2,0,14,0,0,0,0,0,0,0,1997,1997-09-12,5604,4990,666,1343,223,32,151,633,456,44,962,26,98,34,70,98,119,56
148,36,32,1,5,1,0,1,1,4,0,16,0,0,0,0,0,1,0,1997,1997-09-13,5640,5022,667,1348,224,32,152,634,460,44,978,26,98,34,70,98,120,56
149,41,35,4,7,0,0,0,3,5,0,7,1,0,0,0,1,1,1,1997,1997-09-14,5681,5057,671,1355,224,32,152,637,465,44,985,27,98,34,70,99,121,57
150,63,55,7,11,2,0,0,7,6,0,13,1,1,0,2,1,2,1,1997,1997-09-15,5744,5112,678,1366,226,32,152,644,471,44,998,28,99,34,72,100,123,58
151,38,35,7,11,1,0,1,7,1,0,6,0,1,1,1,0,0,1,1997,1997-09-16,5782,5147,685,1377,227,32,153,651,472,44,1004,28,100,35,73,100,123,59
152,33,29,1,4,0,0,1,1,4,0,6,0,0,0,0,1,0,1,1997,1997-09-17,5815,5176,686,1381,227,32,154,652,476,44,1010,28,100,35,73,101,123,60
153,49,49,5,15,1,0,1,5,0,0,13,0,0,0,1,3,2,0,1997,1997-09-18,5864,5225,691,1396,228,32,155,657,476,44,1023,28,100,35,74,104,125,60
154,42,38,4,11,1,0,0,3,3,0,12,1,0,0,1,1,1,0,1997,1997-09-19,5906,5263,695,1407,229,32,155,660,479,44,1035,29,100,35,75,105,126,60
155,36,33,1,9,2,0,0,0,2,1,4,0,1,0,1,1,2,1,1997,1997-09-20,5942,5296,696,1416,231,32,155,660,481,45,1039,29,101,35,76,106,128,61
156,37,34,5,8,1,0,2,5,3,0,3,0,0,0,0,0,0,0,1997,1997-09-21,5979,5330,701,1424,232,32,157,665,484,45,1042,29,101,35,76,106,128,61
157,34,34,6,12,3,0,3,6,0,0,6,0,0,0,0,1,1,1,1997,1997-09-23,6013,5364,707,1436,235,32,160,671,484,45,1048,29,101,35,76,107,129,62
158,33,30,1,5,0,0,0,1,1,0,4,2,0,0,0,1,0,1,1997,1997-09-24,6046,5394,708,1441,235,32,160,672,485,45,1052,31,101,35,76,108,129,63
159,46,39,9,13,0,0,4,9,6,0,5,0,1,0,0,0,2,0,1997,1997-09-25,6092,5433,717,1454,235,32,164,681,491,45,1057,31,102,35,76,108,131,63
160,45,41,10,15,2,0,6,10,4,1,7,0,0,0,0,0,0,0,1997,1997-09-26,6137,5474,727,1469,237,32,170,691,495,46,1064,31,102,35,76,108,131,63
161,39,34,6,8,4,0,0,6,1,0,7,1,2,1,2,0,0,0,1997,1997-09-27,6176,5508,733,1477,241,32,170,697,496,46,1071,32,104,36,78,108,131,63
162,40,36,9,11,1,1,4,9,2,0,8,1,1,0,1,1,0,1,1997,1997-09-28,6216,5544,742,1488,242,33,174,706,498,46,1079,33,105,36,79,109,131,64
1,42,38,4,11,1,0,0,4,4,0,11,0,0,0,1,0,1,0,1996,1996-04-01,42,38,4,11,1,0,0,4,4,0,11,0,0,0,1,0,1,0
2,42,37,4,11,2,0,0,4,4,0,11,1,0,0,0,0,4,0,1996,1996-04-02,84,75,8,22,3,0,0,8,8,0,22,1,0,0,1,0,5,0
3,36,36,2,11,0,0,2,2,0,0,8,0,0,0,1,3,0,0,1996,1996-04-03,120,111,10,33,3,0,2,10,8,0,30,1,0,0,2,3,5,0
4,38,35,4,8,1,0,1,4,3,0,10,0,0,0,0,0,2,0,1996,1996-04-04,158,146,14,41,4,0,3,14,11,0,40,1,0,0,2,3,7,0
5,38,33,1,7,0,0,0,1,5,0,10,0,0,0,0,0,0,1,1996,1996-04-05,196,179,15,48,4,0,3,15,16,0,50,1,0,0,2,3,7,1
6,40,33,3,5,2,1,0,2,6,1,8,0,1,0,2,0,4,0,1996,1996-04-06,236,212,18,53,6,1,3,17,22,1,58,1,1,0,4,3,11,1
7,39,33,4,8,0,1,1,4,5,0,6,0,0,1,0,0,0,1,1996,1996-04-07,275,245,22,61,6,2,4,21,27,1,64,1,1,1,4,3,11,2
8,31,29,1,5,0,0,0,1,2,0,9,0,0,0,0,0,0,0,1996,1996-04-08,306,274,23,66,6,2,4,22,29,1,73,1,1,1,4,3,11,2
9,34,31,1,5,1,0,0,1,3,0,10,0,0,0,0,1,0,0,1996,1996-04-09,340,305,24,71,7,2,4,23,32,1,83,1,1,1,4,4,11,2
10,40,36,9,12,1,0,3,9,3,1,6,0,1,0,2,0,2,0,1996,1996-04-10,380,341,33,83,8,2,7,32,35,2,89,1,2,1,6,4,13,2
11,30,29,5,7,0,1,0,5,0,0,4,0,0,1,1,1,0,1,1996,1996-04-11,410,370,38,90,8,3,7,37,35,2,93,1,2,2,7,5,13,3
12,29,28,1,2,0,0,1,1,1,0,9,0,0,0,0,1,0,0,1996,1996-04-12,439,398,39,92,8,3,8,38,36,2,102,1,2,2,7,6,13,3
13,28,26,3,3,0,0,2,3,2,0,7,0,0,0,0,0,0,1,1996,1996-04-13,467,424,42,95,8,3,10,41,38,2,109,1,2,2,7,6,13,4
14,38,32,6,8,2,1,0,5,5,0,10,0,0,1,1,0,2,0,1996,1996-04-14,505,456,48,103,10,4,10,46,43,2,119,1,2,3,8,6,15,4
15,39,35,3,9,0,0,0,2,3,0,11,1,0,0,0,0,1,1,1996,1996-04-16,544,491,51,112,10,4,10,48,46,2,130,2,2,3,8,6,16,5
16,50,41,11,13,3,0,1,10,8,2,4,0,0,1,1,0,0,0,1996,1996-04-17,594,532,62,125,13,4,11,58,54,4,134,2,2,4,9,6,16,5
17,31,27,0,3,0,0,0,0,4,0,6,0,0,0,0,2,0,1,1996,1996-04-19,625,559,62,128,13,4,11,58,58,4,140,2,2,4,9,8,16,6
18,39,36,4,11,3,2,1,4,3,0,10,0,0,0,0,1,0,0,1996,1996-04-20,664,595,66,139,16,6,12,62,61,4,150,2,2,4,9,9,16,6
19,39,36,4,10,1,0,1,4,3,1,4,0,0,0,0,2,0,0,1996,1996-04-21,703,631,70,149,17,6,13,66,64,5,154,2,2,4,9,11,16,6
20,34,34,1,8,1,0,0,0,0,0,7,0,0,0,1,2,0,0,1996,1996-04-22,737,665,71,157,18,6,13,66,64,5,161,2,2,4,10,13,16,6
21,36,32,3,6,1,0,1,3,4,0,8,0,0,0,0,1,1,0,1996,1996-04-23,773,697,74,163,19,6,14,69,68,5,169,2,2,4,10,14,17,6
22,34,27,5,8,0,0,1,5,4,0,2,0,2,1,1,2,0,1,1996,1996-04-24,807,724,79,171,19,6,15,74,72,5,171,2,4,5,11,16,17,7
23,35,31,6,9,1,0,2,6,3,0,5,0,1,0,0,0,2,0,1996,1996-04-25,842,755,85,180,20,6,17,80,75,5,176,2,5,5,11,16,19,7
24,31,29,1,6,0,0,1,1,2,1,3,0,0,0,0,1,0,0,1996,1996-04-26,873,784,86,186,20,6,18,81,77,6,179,2,5,5,11,17,19,7
25,43,38,3,9,3,0,0,3,3,1,3,0,1,1,1,0,0,0,1996,1996-04-27,916,822,89,195,23,6,18,84,80,7,182,2,6,6,12,17,19,7
26,33,31,0,6,0,0,0,0,2,0,5,0,0,0,0,2,1,0,1996,1996-04-28,949,853,89,201,23,6,18,84,82,7,187,2,6,6,12,19,20,7
27,42,35,10,12,0,0,2,10,5,1,6,0,0,2,0,0,3,0,1996,1996-04-29,991,888,99,213,23,6,20,94,87,8,193,2,6,8,12,19,23,7
28,42,34,7,10,0,1,2,7,7,0,8,0,0,1,1,0,1,1,1996,1996-04-30,1033,922,106,223,23,7,22,101,94,8,201,2,6,9,13,19,24,8
29,35,33,1,6,2,0,0,1,2,0,3,0,0,0,1,1,0,0,1996,1996-05-01,1068,955,107,229,25,7,22,102,96,8,204,2,6,9,14,20,24,8
30,42,40,10,11,1,0,3,10,2,0,6,0,0,0,1,0,2,0,1996,1996-05-03,1110,995,117,240,26,7,25,112,98,8,210,2,6,9,15,20,26,8
31,34,30,2,5,1,0,1,2,3,0,11,0,1,0,0,0,1,1,1996,1996-05-04,1144,1025,119,245,27,7,26,114,101,8,221,2,7,9,15,20,27,9
32,36,32,2,9,3,0,0,2,3,0,2,0,1,0,1,3,0,1,1996,1996-05-05,1180,1057,121,254,30,7,26,116,104,8,223,2,8,9,16,23,27,10
33,38,33,8,8,0,0,3,8,4,0,5,0,1,0,0,1,0,0,1996,1996-05-06,1218,1090,129,262,30,7,29,124,108,8,228,2,9,9,16,24,27,10
34,49,37,2,7,1,0,1,2,10,0,8,0,1,1,0,2,0,2,1996,1996-05-07,1267,1127,131,269,31,7,30,126,118,8,236,2,10,10,16,26,27,12
35,33,30,0,3,0,0,0,0,3,0,11,0,0,0,1,0,0,1,1996,1996-05-08,1300,1157,131,272,31,7,30,126,121,8,247,2,10,10,17,26,27,13
36,50,42,3,9,2,0,0,2,6,2,16,0,1,1,1,1,1,1,1996,1996-05-10,1350,1199,134,281,33,7,30,128,127,10,263,2,11,11,18,27,28,14
37,36,31,4,6,1,0,3,4,4,0,10,0,1,0,0,1,1,0,1996,1996-05-11,1386,1230,138,287,34,7,33,132,131,10,273,2,12,11,18,28,29,14
38,41,34,5,10,1,0,1,5,3,0,4,1,2,1,0,0,0,0,1996,1996-05-12,1427,1264,143,297,35,7,34,137,134,10,277,3,14,12,18,28,29,14
39,39,36,2,8,2,0,1,2,2,1,7,1,0,0,1,0,0,0,1996,1996-05-13,1466,1300,145,305,37,7,35,139,136,11,284,4,14,12,19,28,29,14
40,35,31,2,7,1,0,1,2,3,1,5,0,1,0,1,0,2,0,1996,1996-05-14,1501,1331,147,312,38,7,36,141,139,12,289,4,15,12,20,28,31,14
41,35,33,7,10,0,0,1,6,2,0,9,0,0,0,0,0,0,1,1996,1996-05-15,1536,1364,154,322,38,7,37,147,141,12,298,4,15,12,20,28,31,15
42,35,32,8,8,2,1,0,6,3,0,4,0,0,0,0,0,0,0,1996,1996-05-16,1571,1396,162,330,40,8,37,153,144,12,302,4,15,12,20,28,31,15
43,36,31,6,9,0,0,2,6,3,1,3,0,2,0,0,0,1,0,1996,1996-05-17,1607,1427,168,339,40,8,39,159,147,13,305,4,17,12,20,28,32,15
44,35,32,7,9,0,0,2,7,3,0,13,0,0,0,0,1,3,0,1996,1996-05-18,1642,1459,175,348,40,8,41,166,150,13,318,4,17,12,20,29,35,15
45,41,37,4,11,4,0,1,3,3,1,7,1,0,0,1,2,0,0,1996,1996-05-19,1683,1496,179,359,44,8,42,169,153,14,325,5,17,12,21,31,35,15
46,35,34,1,9,2,0,0,1,1,1,7,0,0,0,0,2,0,0,1996,1996-05-20,1718,1530,180,368,46,8,42,170,154,15,332,5,17,12,21,33,35,15
47,36,36,6,12,1,0,3,6,0,0,5,0,0,0,0,0,1,0,1996,1996-05-21,1754,1566,186,380,47,8,45,176,154,15,337,5,17,12,21,33,36,15
48,37,33,2,5,0,0,0,1,4,0,6,0,0,0,1,0,0,0,1996,1996-05-22,1791,1599,188,385,47,8,45,177,158,15,343,5,17,12,22,33,36,15
49,50,40,5,11,1,0,0,5,10,1,11,0,0,0,0,0,3,1,1996,1996-05-24,1841,1639,193,396,48,8,45,182,168,16,354,5,17,12,22,33,39,16
50,37,33,5,8,1,1,1,5,3,0,5,0,1,0,0,1,0,0,1996,1996-05-25,1878,1672,198,404,49,9,46,187,171,16,359,5,18,12,22,34,39,16
51,38,32,4,8,1,0,0,4,4,1,6,1,1,0,0,2,1,0,1996,1996-05-26,1916,1704,202,412,50,9,46,191,175,17,365,6,19,12,22,36,40,16
52,39,37,3,11,4,0,0,3,1,0,11,0,1,0,0,0,0,0,1996,1996-05-28,1955,1741,205,423,54,9,46,194,176,17,376,6,20,12,22,36,40,16
53,44,39,3,8,2,0,1,3,3,1,9,0,1,1,0,0,2,0,1996,1996-05-29,1999,1780,208,431,56,9,47,197,179,18,385,6,21,13,22,36,42,16
54,37,33,2,9,1,0,1,1,4,1,6,0,0,0,0,0,2,0,1996,1996-05-30,2036,1813,210,440,57,9,48,198,183,19,391,6,21,13,22,36,44,16
55,44,40,10,16,2,0,3,10,2,1,6,0,1,1,0,0,0,1,1996,1996-05-31,2080,1853,220,456,59,9,51,208,185,20,397,6,22,14,22,36,44,17
56,35,31,3,5,1,0,1,3,4,0,5,0,0,0,0,1,2,0,1996,1996-06-01,2115,1884,223,461,60,9,52,211,189,20,402,6,22,14,22,37,46,17
57,31,28,1,3,0,0,0,1,1,0,7,0,2,0,1,0,0,1,1996,1996-06-02,2146,1912,224,464,60,9,52,212,190,20,409,6,24,14,23,37,46,18
58,32,31,0,5,1,0,0,0,1,0,2,0,0,0,0,0,0,0,1996,1996-06-04,2178,1943,224,469,61,9,52,212,191,20,411,6,24,14,23,37,46,18
59,36,34,3,8,1,1,1,3,2,0,8,0,0,0,0,1,0,0,1996,1996-06-05,2214,1977,227,477,62,10,53,215,193,20,419,6,24,14,23,38,46,18
60,37,33,8,12,1,0,1,7,3,0,4,0,1,0,0,2,2,0,1996,1996-06-06,2251,2010,235,489,63,10,54,222,196,20,423,6,25,14,23,40,48,18
61,36,34,1,7,1,0,1,1,2,0,11,0,0,0,0,0,1,0,1996,1996-06-07,2287,2044,236,496,64,10,55,223,198,20,434,6,25,14,23,40,49,18
62,37,34,5,8,1,0,0,5,2,0,4,0,1,0,2,2,1,0,1996,1996-06-08,2324,2078,241,504,65,10,55,228,200,20,438,6,26,14,25,42,50,18
63,33,31,3,8,4,0,1,3,2,1,5,0,0,0,0,1,1,0,1996,1996-06-09,2357,2109,244,512,69,10,56,231,202,21,443,6,26,14,25,43,51,18
64,29,26,2,5,2,0,0,2,1,0,5,0,1,1,1,0,2,2,1996,1996-06-10,2386,2135,246,517,71,10,56,233,203,21,448,6,27,15,26,43,53,20
65,37,36,3,12,2,0,0,2,0,0,5,0,1,0,1,2,0,0,1996,1996-06-11,2423,2171,249,529,73,10,56,235,203,21,453,6,28,15,27,45,53,20
66,38,36,6,10,2,0,1,6,1,0,10,0,1,0,0,0,1,0,1996,1996-06-13,2461,2207,255,539,75,10,57,241,204,21,463,6,29,15,27,45,54,20
67,32,32,1,6,1,0,1,1,0,0,8,0,0,0,1,1,0,0,1996,1996-06-14,2493,2239,256,545,76,10,58,242,204,21,471,6,29,15,28,46,54,20
68,36,30,6,6,1,1,0,6,3,2,8,0,2,1,2,0,0,0,1996,1996-06-15,2529,2269,262,551,77,11,58,248,207,23,479,6,31,16,30,46,54,20
69,35,28,3,5,1,1,2,3,5,1,7,1,0,1,0,2,1,0,1996,1996-06-16,2564,2297,265,556,78,12,60,251,212,24,486,7,31,17,30,48,55,20
70,43,41,9,15,4,1,2,9,1,0,5,0,1,0,0,0,1,0,1996,,2607,2338,274,571,82,13,62,260,213,24,491,7,32,17,30,48,56,20
71,34,33,4,6,0,2,2,4,1,0,7,0,0,0,0,0,0,0,1996,,2641,2371,278,577,82,15,64,264,214,24,498,7,32,17,30,48,56,20
72,57,47,4,10,2,0,0,4,9,3,11,0,1,0,1,1,0,1,1996,1996-06-19,2698,2418,282,587,84,15,64,268,223,27,509,7,33,17,31,49,56,21
73,39,35,2,8,2,0,1,2,4,0,11,0,0,0,0,0,1,0,1996,1996-06-20,2737,2453,284,595,86,15,65,270,227,27,520,7,33,17,31,49,57,21
74,40,35,3,10,0,0,0,3,4,0,6,0,0,1,1,1,0,0,1996,1996-06-21,2777,2488,287,605,86,15,65,273,231,27,526,7,33,18,32,50,57,21
75,33,31,3,9,0,0,1,3,0,0,10,0,2,0,0,0,0,0,1996,1996-06-22,2810,2519,290,614,86,15,66,276,231,27,536,7,35,18,32,50,57,21
76,39,33,4,10,0,0,2,4,4,1,12,0,2,0,0,0,2,0,1996,1996-06-23,2849,2552,294,624,86,15,68,280,235,28,548,7,37,18,32,50,59,21
77,34,33,0,6,1,0,0,0,1,0,5,0,0,0,0,0,1,0,1996,1996-06-25,2883,2585,294,630,87,15,68,280,236,28,553,7,37,18,32,50,60,21
78,37,35,4,8,3,0,1,4,2,0,8,0,0,0,0,0,5,0,1996,1996-06-26,2920,2620,298,638,90,15,69,284,238,28,561,7,37,18,32,50,65,21
79,34,33,1,6,3,0,0,1,1,0,6,0,0,0,1,0,0,0,1996,1996-06-27,2954,2653,299,644,93,15,69,285,239,28,567,7,37,18,33,50,65,21
80,39,35,4,9,0,0,1,4,3,0,5,1,0,0,0,1,1,0,1996,1996-06-28,2993,2688,303,653,93,15,70,289,242,28,572,8,37,18,33,51,66,21
81,47,45,13,20,1,1,6,13,1,0,6,0,1,0,0,0,1,0,1996,1996-06-29,3040,2733,316,673,94,16,76,302,243,28,578,8,38,18,33,51,67,21
82,51,44,15,18,2,1,6,15,6,0,12,0,0,1,0,0,2,0,1996,1996-06-30,3091,2777,331,691,96,17,82,317,249,28,590,8,38,19,33,51,69,21
83,44,41,10,17,1,1,3,10,2,0,4,0,0,1,0,1,1,1,1996,1996-07-01,3135,2818,341,708,97,18,85,327,251,28,594,8,38,20,33,52,70,22
84,40,36,7,11,4,1,0,7,2,1,9,0,2,0,0,0,2,0,1996,1996-07-02,3175,2854,348,719,101,19,85,334,253,29,603,8,40,20,33,52,72,22
85,37,34,2,8,1,0,0,2,2,0,9,0,1,0,0,0,1,0,1996,1996-07-03,3212,2888,350,727,102,19,85,336,255,29,612,8,41,20,33,52,73,22
86,36,30,9,9,0,0,2,8,4,0,5,0,2,0,0,0,0,0,1996,1996-07-04,3248,2918,359,736,102,19,87,344,259,29,617,8,43,20,33,52,73,22
87,40,33,8,12,1,1,1,8,5,0,5,0,2,0,1,1,2,0,1996,1996-07-05,3288,2951,367,748,103,20,88,352,264,29,622,8,45,20,34,53,75,22
88,32,27,3,6,2,0,1,2,2,0,7,2,1,0,0,2,1,0,1996,1996-07-06,3320,2978,370,754,105,20,89,354,266,29,629,10,46,20,34,55,76,22
89,36,31,0,5,0,0,0,0,4,0,6,0,1,0,0,0,0,0,1996,1996-07-07,3356,3009,370,759,105,20,89,354,270,29,635,10,47,20,34,55,76,22
90,42,37,8,15,2,0,0,8,3,0,6,1,0,1,1,0,0,0,1996,1996-07-11,3398,3046,378,774,107,20,89,362,273,29,641,11,47,21,35,55,76,22
91,34,30,6,8,1,0,2,6,3,0,3,0,0,1,0,1,2,0,1996,1996-07-12,3432,3076,384,782,108,20,91,368,276,29,644,11,47,22,35,56,78,22
92,34,31,0,4,0,0,0,0,3,0,12,0,0,0,0,0,0,0,1996,1996-07-13,3466,3107,384,786,108,20,91,368,279,29,656,11,47,22,35,56,78,22
93,32,28,0,2,0,0,0,0,4,0,6,0,0,0,0,1,0,0,1996,1996-07-14,3498,3135,384,788,108,20,91,368,283,29,662,11,47,22,35,57,78,22
94,38,34,1,7,1,0,0,1,3,0,8,0,1,0,1,2,0,0,1996,1996-07-15,3536,3169,385,795,109,20,91,369,286,29,670,11,48,22,36,59,78,22
95,36,33,1,7,0,0,0,1,2,0,5,0,0,1,1,1,0,0,1996,1996-07-16,3572,3202,386,802,109,20,91,370,288,29,675,11,48,23,37,60,78,22
96,37,31,4,7,1,0,1,4,6,0,12,0,0,0,0,1,1,1,1996,1996-07-17,3609,3233,390,809,110,20,92,374,294,29,687,11,48,23,37,61,79,23
97,42,35,8,11,2,0,2,8,6,1,12,0,1,0,1,2,0,0,1996,1996-07-18,3651,3268,398,820,112,20,94,382,300,30,699,11,49,23,38,63,79,23
98,39,36,4,10,2,0,2,3,3,0,9,0,0,0,1,1,3,0,1996,1996-07-19,3690,3304,402,830,114,20,96,385,303,30,708,11,49,23,39,64,82,23
99,42,38,6,13,3,1,0,6,4,2,6,0,0,0,0,1,0,1,1996,1996-07-20,3732,3342,408,843,117,21,96,391,307,32,714,11,49,23,39,65,82,24
100,41,35,7,12,3,0,1,6,5,1,9,0,1,0,2,2,1,1,1996,1996-07-21,3773,3377,415,855,120,21,97,397,312,33,723,11,50,23,41,67,83,25
101,36,31,7,4,2,0,0,5,5,0,10,0,0,0,0,0,0,0,1996,1996-07-23,3809,3408,422,859,122,21,97,402,317,33,733,11,50,23,41,67,83,25
102,33,32,0,6,0,0,0,0,1,0,7,0,0,0,0,1,0,0,1996,1996-07-24,3842,3440,422,865,122,21,97,402,318,33,740,11,50,23,41,68,83,25
103,43,37,6,11,3,0,1,6,5,0,8,0,1,0,0,0,2,0,1996,1996-07-25,3885,3477,428,876,125,21,98,408,323,33,748,11,51,23,41,68,85,25
104,35,35,3,9,1,0,1,3,0,0,8,0,0,0,1,1,2,0,1996,1996-07-26,3920,3512,431,885,126,21,99,411,323,33,756,11,51,23,42,69,87,25
105,50,44,6,11,2,0,1,6,3,0,12,2,1,0,1,0,0,0,1996,1996-07-27,3970,3556,437,896,128,21,100,417,326,33,768,13,52,23,43,69,87,25
106,40,37,2,11,1,0,1,2,3,2,9,0,0,0,1,0,0,1,1996,1996-07-28,4010,3593,439,907,129,21,101,419,329,35,777,13,52,23,44,69,87,26
107,45,41,5,13,3,1,0,5,3,0,4,0,0,1,1,1,0,0,1996,1996-07-30,4055,3634,444,920,132,22,101,424,332,35,781,13,52,24,45,70,87,26
108,33,29,3,6,2,0,0,3,4,1,7,0,0,0,0,0,1,0,1996,1996-07-31,4088,3663,447,926,134,22,101,427,336,36,788,13,52,24,45,70,88,26
109,58,51,6,10,1,0,0,4,5,0,8,0,2,0,3,1,6,1,1996,1996-08-01,4146,3714,453,936,135,22,101,431,341,36,796,13,54,24,48,71,94,27
110,34,31,2,9,1,0,1,2,2,0,12,1,0,0,0,1,1,0,1996,1996-08-02,4180,3745,455,945,136,22,102,433,343,36,808,14,54,24,48,72,95,27
111,67,62,3,11,1,1,0,3,5,1,15,0,0,0,0,2,0,0,1996,1996-08-03,4247,3807,458,956,137,23,102,436,348,37,823,14,54,24,48,74,95,27
112,43,35,4,9,3,0,0,3,7,1,10,0,1,0,1,1,1,0,1996,1996-08-04,4290,3842,462,965,140,23,102,439,355,38,833,14,55,24,49,75,96,27
113,35,31,3,8,1,0,1,3,3,0,7,0,1,0,0,1,1,1,1996,1996-08-06,4325,3873,465,973,141,23,103,442,358,38,840,14,56,24,49,76,97,28
114,37,35,2,10,1,0,1,2,1,0,5,0,1,0,0,1,1,0,1996,1996-08-07,4362,3908,467,983,142,23,104,444,359,38,845,14,57,24,49,77,98,28
115,38,35,4,5,1,0,2,4,3,1,4,0,0,0,2,0,0,0,1996,1996-08-09,4400,3943,471,988,143,23,106,448,362,39,849,14,57,24,51,77,98,28
116,41,35,7,9,1,1,1,7,4,0,5,0,1,1,1,0,0,0,1996,1996-08-10,4441,3978,478,997,144,24,107,455,366,39,854,14,58,25,52,77,98,28
117,44,36,10,9,1,0,3,9,8,1,8,0,0,0,0,0,2,0,1996,1996-08-11,4485,4014,488,1006,145,24,110,464,374,40,862,14,58,25,52,77,100,28
118,36,33,6,9,3,1,1,6,2,1,7,0,0,1,0,0,0,0,1996,1996-08-12,4521,4047,494,1015,148,25,111,470,376,41,869,14,58,26,52,77,100,28
119,45,38,8,12,3,0,1,7,4,1,8,2,1,0,1,1,1,0,1996,1996-08-13,4566,4085,502,1027,151,25,112,477,380,42,877,16,59,26,53,78,101,28
120,34,29,1,5,0,0,1,1,3,0,1,0,2,0,0,1,0,0,1996,1996-08-14,4600,4114,503,1032,151,25,113,478,383,42,878,16,61,26,53,79,101,28
121,41,38,5,11,3,0,1,5,2,1,9,1,0,0,1,1,1,0,1996,1996-08-15,4641,4152,508,1043,154,25,114,483,385,43,887,17,61,26,54,80,102,28
122,35,33,8,10,0,0,3,8,2,0,9,0,0,0,0,1,0,0,1996,1996-08-16,4676,4185,516,1053,154,25,117,491,387,43,896,17,61,26,54,81,102,28
123,39,38,7,10,1,0,1,6,1,0,11,0,0,0,3,0,0,0,1996,1996-08-17,4715,4223,523,1063,155,25,118,497,388,43,907,17,61,26,57,81,102,28
124,36,33,3,7,1,0,0,3,3,0,5,0,0,0,0,1,2,0,1996,1996-08-18,4751,4256,526,1070,156,25,118,500,391,43,912,17,61,26,57,82,104,28
125,33,30,1,5,0,0,0,1,2,1,4,0,1,0,0,1,0,0,1996,1996-08-20,4784,4286,527,1075,156,25,118,501,393,44,916,17,62,26,57,83,104,28
126,28,28,0,2,0,0,0,0,0,0,12,0,0,0,0,1,0,0,1996,1996-08-21,4812,4314,527,1077,156,25,118,501,393,44,928,17,62,26,57,84,104,28
127,38,33,8,11,1,1,2,7,4,0,10,0,0,1,0,0,2,1,1996,1996-08-22,4850,4347,535,1088,157,26,120,508,397,44,938,17,62,27,57,84,106,29
128,39,35,7,12,3,0,0,5,4,2,6,0,0,0,2,0,0,1,1996,1996-08-23,4889,4382,542,1100,160,26,120,513,401,46,944,17,62,27,59,84,106,30
129,41,33,7,8,2,0,2,7,7,2,7,0,1,0,2,0,1,0,1996,1996-08-24,4930,4415,549,1108,162,26,122,520,408,48,951,17,63,27,61,84,107,30
130,37,32,6,8,2,0,2,6,4,0,5,0,1,0,0,0,0,0,1996,1996-08-25,4967,4447,555,1116,164,26,124,526,412,48,956,17,64,27,61,84,107,30
131,40,32,5,7,3,0,1,5,7,0,11,0,0,1,0,0,2,0,1996,1996-08-27,5007,4479,560,1123,167,26,125,531,419,48,967,17,64,28,61,84,109,30
132,40,39,5,11,3,0,0,5,0,0,10,0,1,0,2,1,1,0,1996,1996-08-28,5047,4518,565,1134,170,26,125,536,419,48,977,17,65,28,63,85,110,30
133,33,32,2,6,2,0,2,2,1,0,12,0,0,0,0,1,0,0,1996,1996-08-29,5080,4550,567,1140,172,26,127,538,420,48,989,17,65,28,63,86,110,30
134,51,42,7,9,1,1,1,7,6,1,8,1,1,1,0,1,0,0,1996,1996-08-30,5131,4592,574,1149,173,27,128,545,426,49,997,18,66,29,63,87,110,30
135,46,44,11,18,4,1,1,10,2,0,11,0,0,0,0,0,0,0,1996,1996-08-31,5177,4636,585,1167,177,28,129,555,428,49,1008,18,66,29,63,87,110,30
136,34,30,3,4,1,0,1,3,4,0,5,0,0,0,0,0,0,1,1996,1996-09-01,5211,4666,588,1171,178,28,130,558,432,49,1013,18,66,29,63,87,110,31
137,39,37,8,12,4,0,2,6,1,0,8,0,1,0,0,1,0,0,1996,1996-09-02,5250,4703,596,1183,182,28,132,564,433,49,1021,18,67,29,63,88,110,31
138,43,37,7,12,2,0,1,5,5,1,6,1,0,0,1,3,0,0,1996,1996-09-03,5293,4740,603,1195,184,28,133,569,438,50,1027,19,67,29,64,91,110,31
139,48,44,2,10,2,0,0,2,3,0,8,0,1,0,0,1,1,0,1996,1996-09-04,5341,4784,605,1205,186,28,133,571,441,50,1035,19,68,29,64,92,111,31
140,32,29,2,7,0,0,1,2,2,1,5,0,0,1,1,2,1,0,1996,1996-09-06,5373,4813,607,1212,186,28,134,573,443,51,1040,19,68,30,65,94,112,31
141,33,27,4,7,0,0,1,4,2,1,8,1,2,1,0,0,0,1,1996,1996-09-07,5406,4840,611,1219,186,28,135,577,445,52,1048,20,70,31,65,94,112,32
142,34,32,1,8,0,0,1,1,2,0,6,0,0,0,0,1,0,2,1996,1996-09-08,5440,4872,612,1227,186,28,136,578,447,52,1054,20,70,31,65,95,112,34
143,41,34,7,11,4,0,0,7,7,3,6,0,0,0,1,0,0,0,1996,1996-09-09,5481,4906,619,1238,190,28,136,585,454,55,1060,20,70,31,66,95,112,34
144,37,30,5,11,2,1,1,5,6,0,3,0,1,0,0,3,0,1,1996,1996-09-10,5518,4936,624,1249,192,29,137,590,460,55,1063,20,71,31,66,98,112,35
145,30,30,3,5,2,0,0,2,0,0,8,0,0,0,1,0,0,0,1996,1996-09-11,5548,4966,627,1254,194,29,137,592,460,55,1071,20,71,31,67,98,112,35
146,34,29,4,6,0,0,1,4,4,1,6,1,0,0,0,0,0,1,1996,1996-09-12,5582,4995,631,1260,194,29,138,596,464,56,1077,21,71,31,67,98,112,36
147,33,32,0,5,1,0,0,0,1,0,5,0,0,0,1,0,1,0,1996,1996-09-13,5615,5027,631,1265,195,29,138,596,465,56,1082,21,71,31,68,98,113,36
148,39,34,9,10,0,1,3,9,5,0,5,0,0,0,1,1,1,0,1996,1996-09-14,5654,5061,640,1275,195,30,141,605,470,56,1087,21,71,31,69,99,114,36
149,42,37,6,14,3,0,0,6,5,0,6,0,0,0,0,0,0,1,1996,1996-09-15,5696,5098,646,1289,198,30,141,611,475,56,1093,21,71,31,69,99,114,37
150,38,33,6,11,2,0,1,5,4,0,5,0,0,1,0,2,1,1,1996,1996-09-16,5734,5131,652,1300,200,30,142,616,479,56,1098,21,71,32,69,101,115,38
151,45,40,9,14,2,0,1,7,5,0,7,0,0,0,0,1,0,0,1996,1996-09-17,5779,5171,661,1314,202,30,143,623,484,56,1105,21,71,32,69,102,115,38
152,37,31,4,6,0,1,0,4,4,0,5,1,1,0,0,1,0,0,1996,1996-09-18,5816,5202,665,1320,202,31,143,627,488,56,1110,22,72,32,69,103,115,38
153,41,34,7,8,3,0,2,7,5,0,6,0,1,1,1,0,2,0,1996,1996-09-19,5857,5236,672,1328,205,31,145,634,493,56,1116,22,73,33,70,103,117,38
154,35,30,2,3,1,0,0,2,5,0,11,0,0,0,0,0,0,0,1996,1996-09-20,5892,5266,674,1331,206,31,145,636,498,56,1127,22,73,33,70,103,117,38
155,42,39,9,16,2,2,1,9,3,1,8,0,0,0,0,2,1,0,1996,1996-09-21,5934,5305,683,1347,208,33,146,645,501,57,1135,22,73,33,70,105,118,38
156,37,34,2,8,2,0,2,2,3,1,10,0,0,0,1,1,0,0,1996,1996-09-22,5971,5339,685,1355,210,33,148,647,504,58,1145,22,73,33,71,106,118,38
157,34,32,6,8,2,0,0,5,2,0,7,0,0,0,0,1,1,0,1996,1996-09-24,6005,5371,691,1363,212,33,148,652,506,58,1152,22,73,33,71,107,119,38
158,36,34,7,9,0,0,2,4,2,0,3,0,0,0,1,0,0,0,1996,1996-09-25,6041,5405,698,1372,212,33,150,656,508,58,1155,22,73,33,72,107,119,38
159,33,32,1,7,0,0,0,1,0,0,7,0,0,1,0,1,0,0,1996,1996-09-26,6074,5437,699,1379,212,33,150,657,508,58,1162,22,73,34,72,108,119,38
160,39,35,2,8,2,0,0,2,3,1,13,0,0,1,0,1,2,1,1996,1996-09-27,6113,5472,701,1387,214,33,150,659,511,59,1175,22,73,35,72,109,121,39
161,35,32,2,5,1,0,0,2,3,0,8,0,0,0,1,0,1,1,1996,1996-09-28,6148,5504,703,1392,215,33,150,661,514,59,1183,22,73,35,73,109,122,40
162,37,34,0,4,0,0,0,0,2,0,7,0,1,0,0,3,2,0,1996,1996-09-29,6185,5538,703,1396,215,33,150,661,516,59,1190,22,74,35,73,112,124,40
1,44,39,8,13,5,1,2,8,5,1,4,0,0,0,0,0,0,0,1995,1995-04-25,44,39,8,13,5,1,2,8,5,1,4,0,0,0,0,0,0,0
2,35,33,4,9,3,0,0,4,2,1,6,0,0,0,0,1,0,1,1995,1995-04-26,79,72,12,22,8,1,2,12,7,2,10,0,0,0,0,1,0,1
3,41,31,9,9,3,0,1,8,8,0,8,1,0,1,0,1,4,0,1995,1995-04-28,120,103,21,31,11,1,3,20,15,2,18,1,0,1,0,2,4,1
4,37,33,3,7,2,0,0,3,4,1,8,0,0,0,0,1,0,0,1995,1995-04-29,157,136,24,38,13,1,3,23,19,3,26,1,0,1,0,3,4,1
5,38,33,3,8,0,0,1,3,4,0,8,0,1,0,0,1,1,0,1995,1995-04-30,195,169,27,46,13,1,4,26,23,3,34,1,1,1,0,4,5,1
6,35,32,0,7,1,0,0,0,3,0,5,0,0,0,1,0,0,1,1995,1995-05-01,230,201,27,53,14,1,4,26,26,3,39,1,1,1,1,4,5,2
7,61,55,3,12,2,0,0,3,6,0,18,0,0,0,0,0,1,1,1995,1995-05-02,291,256,30,65,16,1,4,29,32,3,57,1,1,1,1,4,6,3
8,40,37,7,13,2,1,1,7,1,0,1,0,2,0,0,1,0,0,1995,1995-05-03,331,293,37,78,18,2,5,36,33,3,58,1,3,1,1,5,6,3
9,41,34,6,12,2,1,1,6,5,2,4,0,2,0,0,2,1,0,1995,1995-05-05,372,327,43,90,20,3,6,42,38,5,62,1,5,1,1,7,7,3
10,57,47,17,21,4,2,2,15,8,1,10,0,2,0,0,0,2,0,1995,1995-05-06,429,374,60,111,24,5,8,57,46,6,72,1,7,1,1,7,9,3
11,46,36,12,13,2,2,2,11,7,0,10,0,3,0,0,0,0,0,1995,1995-05-07,475,410,72,124,26,7,10,68,53,6,82,1,10,1,1,7,9,3
12,35,33,2,8,1,0,1,2,2,0,5,0,0,0,0,1,0,0,1995,1995-05-08,510,443,74,132,27,7,11,70,55,6,87,1,10,1,1,8,9,3
13,38,31,2,7,1,0,1,2,6,0,11,1,0,0,0,2,0,1,1995,1995-05-09,548,474,76,139,28,7,12,72,61,6,98,2,10,1,1,10,9,4
14,33,29,3,5,1,0,1,3,2,0,8,0,2,0,1,2,0,0,1995,1995-05-10,581,503,79,144,29,7,13,75,63,6,106,2,12,1,2,12,9,4
15,37,35,8,10,1,0,1,6,2,0,4,0,0,0,2,0,3,0,1995,1995-05-12,618,538,87,154,30,7,14,81,65,6,110,2,12,1,4,12,12,4
16,41,35,2,10,2,0,0,2,6,0,9,0,0,0,0,0,4,1,1995,1995-05-13,659,573,89,164,32,7,14,83,71,6,119,2,12,1,4,12,16,5
17,46,42,5,10,2,0,3,5,4,0,10,0,0,0,0,1,0,0,1995,1995-05-14,705,615,94,174,34,7,17,88,75,6,129,2,12,1,4,13,16,5
18,36,33,4,8,0,1,1,4,3,0,5,0,0,0,0,0,1,0,1995,1995-05-15,741,648,98,182,34,8,18,92,78,6,134,2,12,1,4,13,17,5
19,36,35,0,9,0,0,0,0,0,0,9,0,1,0,0,0,0,0,1995,1995-05-16,777,683,98,191,34,8,18,92,78,6,143,2,13,1,4,13,17,5
20,39,35,2,8,0,0,0,1,4,0,9,0,0,0,0,0,0,0,1995,1995-05-17,816,718,100,199,34,8,18,93,82,6,152,2,13,1,4,13,17,5
21,45,39,6,13,0,0,2,6,6,0,9,0,0,0,0,0,0,1,1995,1995-05-18,861,757,106,212,34,8,20,99,88,6,161,2,13,1,4,13,17,6
22,36,33,3,7,1,0,3,3,3,0,6,0,0,0,0,1,0,0,1995,1995-05-19,897,790,109,219,35,8,23,102,91,6,167,2,13,1,4,14,17,6
23,34,32,1,6,0,0,0,1,2,0,4,0,0,0,0,1,1,0,1995,1995-05-20,931,822,110,225,35,8,23,103,93,6,171,2,13,1,4,15,18,6
24,48,41,1,5,2,0,0,1,7,1,11,0,0,0,0,1,0,2,1995,1995-05-21,979,863,111,230,37,8,23,104,100,7,182,2,13,1,4,16,18,8
25,38,35,6,10,1,1,2,5,1,0,5,1,1,0,0,0,1,0,1995,1995-05-23,1017,898,117,240,38,9,25,109,101,7,187,3,14,1,4,16,19,8
26,36,35,5,10,2,1,2,4,1,0,7,0,0,0,0,1,2,0,1995,1995-05-24,1053,933,122,250,40,10,27,113,102,7,194,3,14,1,4,17,21,8
27,37,37,3,11,1,0,1,3,0,0,6,0,0,0,0,0,1,1,1995,1995-05-25,1090,970,125,261,41,10,28,116,102,7,200,3,14,1,4,17,22,9
28,40,38,4,11,3,1,0,4,1,0,9,1,0,0,0,1,0,0,1995,1995-05-26,1130,1008,129,272,44,11,28,120,103,7,209,4,14,1,4,18,22,9
29,39,37,1,10,1,0,0,1,2,0,9,0,0,0,1,0,0,1,1995,1995-05-27,1169,1045,130,282,45,11,28,121,105,7,218,4,14,1,5,18,22,10
30,36,34,1,7,1,0,0,1,2,0,9,0,0,0,0,0,1,0,1995,1995-05-28,1205,1079,131,289,46,11,28,122,107,7,227,4,14,1,5,18,23,10
31,37,33,6,8,3,0,2,5,4,0,9,0,0,0,0,2,1,0,1995,1995-05-29,1242,1112,137,297,49,11,30,127,111,7,236,4,14,1,5,20,24,10
32,36,32,0,7,0,0,0,0,4,0,4,0,0,0,1,1,1,0,1995,1995-05-30,1278,1144,137,304,49,11,30,127,115,7,240,4,14,1,6,21,25,10
33,41,34,4,8,1,0,1,4,5,0,8,1,1,0,0,2,0,1,1995,1995-05-31,1319,1178,141,312,50,11,31,131,120,7,248,5,15,1,6,23,25,11
34,39,35,6,10,3,0,1,6,4,0,12,0,0,0,0,2,0,0,1995,1995-06-01,1358,1213,147,322,53,11,32,137,124,7,260,5,15,1,6,25,25,11
35,31,30,2,7,1,0,1,2,1,0,4,0,0,0,1,1,1,0,1995,1995-06-02,1389,1243,149,329,54,11,33,139,125,7,264,5,15,1,7,26,26,11
36,35,33,3,7,3,0,0,3,2,0,10,0,0,0,0,0,0,1,1995,1995-06-03,1424,1276,152,336,57,11,33,142,127,7,274,5,15,1,7,26,26,12
37,36,29,5,6,1,0,1,4,6,2,10,0,1,0,0,0,2,0,1995,1995-06-04,1460,1305,157,342,58,11,34,146,133,9,284,5,16,1,7,26,28,12
38,31,30,3,8,0,0,0,3,0,0,2,0,1,0,0,0,0,1,1995,1995-06-05,1491,1335,160,350,58,11,34,149,133,9,286,5,17,1,7,26,28,13
39,36,36,5,12,4,1,0,5,0,0,6,0,0,0,1,0,3,0,1995,1995-06-06,1527,1371,165,362,62,12,34,154,133,9,292,5,17,1,8,26,31,13
40,38,36,7,12,3,0,1,6,2,1,11,0,0,0,0,0,0,0,1995,1995-06-07,1565,1407,172,374,65,12,35,160,135,10,303,5,17,1,8,26,31,13
41,37,33,0,6,1,0,0,0,3,0,7,1,0,0,1,1,0,0,1995,1995-06-09,1602,1440,172,380,66,12,35,160,138,10,310,6,17,1,9,27,31,13
42,34,32,0,5,0,0,0,0,1,0,4,1,0,0,1,0,0,1,1995,1995-06-10,1636,1472,172,385,66,12,35,160,139,10,314,7,17,1,10,27,31,14
43,40,33,1,7,0,0,0,1,7,1,6,0,0,0,0,0,0,1,1995,1995-06-11,1676,1505,173,392,66,12,35,161,146,11,320,7,17,1,10,27,31,15
44,42,36,5,14,1,1,0,5,3,0,5,1,1,1,0,3,1,0,1995,1995-06-13,1718,1541,178,406,67,13,35,166,149,11,325,8,18,2,10,30,32,15
45,42,36,8,13,1,0,2,7,4,1,6,0,2,0,0,1,1,0,1995,1995-06-14,1760,1577,186,419,68,13,37,173,153,12,331,8,20,2,10,31,33,15
46,45,42,7,13,3,1,1,6,3,0,9,0,0,0,3,1,0,0,1995,1995-06-15,1805,1619,193,432,71,14,38,179,156,12,340,8,20,2,13,32,33,15
47,37,32,0,6,1,0,0,0,5,2,9,0,0,0,0,1,1,0,1995,1995-06-16,1842,1651,193,438,72,14,38,179,161,14,349,8,20,2,13,33,34,15
48,49,44,12,18,2,0,5,11,5,0,7,0,0,0,1,1,0,1,1995,1995-06-17,1891,1695,205,456,74,14,43,190,166,14,356,8,20,2,14,34,34,16
49,41,33,6,9,1,0,1,5,7,2,3,0,0,1,0,1,0,1,1995,1995-06-18,1932,1728,211,465,75,14,44,195,173,16,359,8,20,3,14,35,34,17
50,39,33,5,9,2,1,0,4,3,1,5,0,3,0,1,1,1,0,1995,1995-06-19,1971,1761,216,474,77,15,44,199,176,17,364,8,23,3,15,36,35,17
51,33,31,0,8,1,0,0,0,2,0,3,0,0,0,0,0,0,2,1995,1995-06-20,2004,1792,216,482,78,15,44,199,178,17,367,8,23,3,15,36,35,19
52,39,35,10,9,1,0,3,10,2,0,7,2,0,0,0,1,1,0,1995,1995-06-21,2043,1827,226,491,79,15,47,209,180,17,374,10,23,3,15,37,36,19
53,33,33,7,9,0,0,5,7,0,0,6,0,0,0,0,0,1,0,1995,1995-06-22,2076,1860,233,500,79,15,52,216,180,17,380,10,23,3,15,37,37,19
54,40,36,7,13,1,1,1,6,4,0,8,0,0,0,0,1,2,0,1995,1995-06-23,2116,1896,240,513,80,16,53,222,184,17,388,10,23,3,15,38,39,19
55,40,34,7,12,1,0,2,6,4,1,8,1,1,0,0,0,1,1,1995,1995-06-24,2156,1930,247,525,81,16,55,228,188,18,396,11,24,3,15,38,40,20
56,34,31,3,8,0,0,1,3,2,0,10,0,0,1,0,0,0,0,1995,1995-06-25,2190,1961,250,533,81,16,56,231,190,18,406,11,24,4,15,38,40,20
57,39,31,8,7,0,0,2,8,7,0,9,1,0,0,0,0,0,0,1995,1995-06-26,2229,1992,258,540,81,16,58,239,197,18,415,12,24,4,15,38,40,20
58,33,32,3,3,2,0,1,1,1,0,7,0,0,0,2,0,0,0,1995,1995-06-27,2262,2024,261,543,83,16,59,240,198,18,422,12,24,4,17,38,40,20
59,34,29,2,4,0,0,0,2,4,0,5,0,0,1,0,1,0,0,1995,1995-06-28,2296,2053,263,547,83,16,59,242,202,18,427,12,24,5,17,39,40,20
60,36,31,3,10,2,0,1,3,3,0,6,0,1,1,0,1,2,0,1995,1995-06-29,2332,2084,266,557,85,16,60,245,205,18,433,12,25,6,17,40,42,20
61,36,29,1,5,1,0,1,1,7,0,4,0,0,0,0,3,0,0,1995,1995-06-30,2368,2113,267,562,86,16,61,246,212,18,437,12,25,6,17,43,42,20
62,37,32,5,10,2,0,0,4,4,0,6,0,0,1,1,1,3,0,1995,1995-07-01,2405,2145,272,572,88,16,61,250,216,18,443,12,25,7,18,44,45,20
63,33,32,1,6,0,0,0,1,0,0,10,0,0,1,0,0,0,0,1995,1995-07-02,2438,2177,273,578,88,16,61,251,216,18,453,12,25,8,18,44,45,20
64,35,29,2,5,1,0,1,2,4,1,11,1,0,1,0,0,1,1,1995,1995-07-04,2473,2206,275,583,89,16,62,253,220,19,464,13,25,9,18,44,46,21
65,40,37,1,9,2,0,0,1,3,2,15,0,0,0,1,0,0,0,1995,1995-07-05,2513,2243,276,592,91,16,62,254,223,21,479,13,25,9,19,44,46,21
66,29,29,0,5,0,0,0,0,0,0,6,0,0,0,0,3,0,0,1995,1995-07-06,2542,2272,276,597,91,16,62,254,223,21,485,13,25,9,19,47,46,21
67,34,33,2,9,1,0,0,2,1,0,6,0,0,0,0,1,1,0,1995,1995-07-07,2576,2305,278,606,92,16,62,256,224,21,491,13,25,9,19,48,47,21
68,49,42,12,15,6,1,1,12,6,0,10,0,0,1,1,0,2,0,1995,1995-07-08,2625,2347,290,621,98,17,63,268,230,21,501,13,25,10,20,48,49,21
69,32,31,0,6,1,0,0,0,1,0,7,0,0,0,0,1,0,1,1995,1995-07-09,2657,2378,290,627,99,17,63,268,231,21,508,13,25,10,20,49,49,22
70,33,32,0,3,0,0,0,0,1,0,4,0,0,0,2,0,0,0,1995,1995-07-13,2690,2410,290,630,99,17,63,268,232,21,512,13,25,10,22,49,49,22
71,36,32,7,10,1,1,0,7,2,0,10,0,2,0,0,0,2,0,1995,1995-07-14,2726,2442,297,640,100,18,63,275,234,21,522,13,27,10,22,49,51,22
72,31,29,3,5,0,0,1,3,2,0,11,0,0,0,1,1,1,0,1995,1995-07-15,2757,2471,300,645,100,18,64,278,236,21,533,13,27,10,23,50,52,22
73,37,33,2,6,0,0,1,2,4,1,11,0,0,0,1,0,0,1,1995,1995-07-16,2794,2504,302,651,100,18,65,280,240,22,544,13,27,10,24,50,52,23
74,37,33,1,6,0,1,0,1,3,0,5,1,0,0,0,0,1,0,1995,1995-07-17,2831,2537,303,657,100,19,65,281,243,22,549,14,27,10,24,50,53,23
75,37,34,4,9,0,0,3,4,3,0,8,0,0,0,0,1,2,1,1995,1995-07-18,2868,2571,307,666,100,19,68,285,246,22,557,14,27,10,24,51,55,24
76,35,32,6,9,2,0,1,6,3,1,8,0,0,0,0,0,0,1,1995,1995-07-19,2903,2603,313,675,102,19,69,291,249,23,565,14,27,10,24,51,55,25
77,44,36,4,8,2,0,0,3,5,0,14,1,1,1,2,1,1,1,1995,1995-07-20,2947,2639,317,683,104,19,69,294,254,23,579,15,28,11,26,52,56,26
78,38,37,5,9,1,0,0,5,1,0,7,0,0,0,1,0,0,0,1995,1995-07-21,2985,2676,322,692,105,19,69,299,255,23,586,15,28,11,27,52,56,26
79,45,36,10,16,0,0,2,9,8,0,8,0,1,0,0,4,0,1,1995,1995-07-22,3030,2712,332,708,105,19,71,308,263,23,594,15,29,11,27,56,56,27
80,35,31,4,6,1,1,2,4,4,2,12,0,0,0,0,0,0,2,1995,1995-07-23,3065,2743,336,714,106,20,73,312,267,25,606,15,29,11,27,56,56,29
81,41,38,6,14,1,1,0,6,2,0,5,0,0,1,0,1,1,0,1995,1995-07-24,3106,2781,342,728,107,21,73,318,269,25,611,15,29,12,27,57,57,29
82,30,30,0,3,1,0,0,0,0,0,9,0,0,0,0,0,0,0,1995,1995-07-25,3136,2811,342,731,108,21,73,318,269,25,620,15,29,12,27,57,57,29
83,32,27,1,4,0,0,0,1,5,0,4,0,0,0,1,1,2,0,1995,1995-07-26,3168,2838,343,735,108,21,73,319,274,25,624,15,29,12,28,58,59,29
84,39,35,9,14,0,1,4,8,3,0,6,0,0,1,1,1,1,2,1995,1995-07-27,3207,2873,352,749,108,22,77,327,277,25,630,15,29,13,29,59,60,31
85,31,30,2,3,0,0,0,1,1,0,10,0,0,0,0,0,0,0,1995,1995-07-28,3238,2903,354,752,108,22,77,328,278,25,640,15,29,13,29,59,60,31
86,31,31,4,8,0,0,1,4,0,0,7,0,0,0,0,0,1,0,1995,1995-07-29,3269,2934,358,760,108,22,78,332,278,25,647,15,29,13,29,59,61,31
87,36,32,5,9,0,0,2,5,2,0,9,0,0,1,0,0,4,0,1995,1995-07-30,3305,2966,363,769,108,22,80,337,280,25,656,15,29,14,29,59,65,31
88,47,39,9,12,0,0,2,9,6,2,7,0,1,1,2,0,2,0,1995,1995-08-01,3352,3005,372,781,108,22,82,346,286,27,663,15,30,15,31,59,67,31
89,46,40,10,13,2,0,4,10,6,1,6,0,0,0,1,0,1,0,1995,1995-08-02,3398,3045,382,794,110,22,86,356,292,28,669,15,30,15,32,59,68,31
90,46,42,4,14,3,0,0,4,4,0,10,0,0,0,0,0,1,0,1995,1995-08-03,3444,3087,386,808,113,22,86,360,296,28,679,15,30,15,32,59,69,31
91,37,33,1,7,0,0,0,1,3,0,7,1,0,0,1,1,0,1,1995,1995-08-04,3481,3120,387,815,113,22,86,361,299,28,686,16,30,15,33,60,69,32
92,37,31,3,7,3,0,0,3,4,0,6,0,1,1,0,1,1,0,1995,1995-08-05,3518,3151,390,822,116,22,86,364,303,28,692,16,31,16,33,61,70,32
93,35,32,1,5,1,0,1,1,2,0,10,1,0,0,0,0,0,0,1995,1995-08-06,3553,3183,391,827,117,22,87,365,305,28,702,17,31,16,33,61,70,32
94,43,41,3,6,1,0,1,3,1,0,7,1,0,0,0,1,1,0,1995,1995-08-07,3596,3224,394,833,118,22,88,368,306,28,709,18,31,16,33,62,71,32
95,35,30,4,9,0,0,1,4,5,0,7,0,0,0,1,3,1,0,1995,1995-08-08,3631,3254,398,842,118,22,89,372,311,28,716,18,31,16,34,65,72,32
96,34,30,4,8,1,0,1,4,3,1,2,0,1,0,0,1,1,0,1995,1995-08-09,3665,3284,402,850,119,22,90,376,314,29,718,18,32,16,34,66,73,32
97,32,29,1,6,0,0,0,1,3,0,6,0,0,0,0,0,0,0,1995,1995-08-10,3697,3313,403,856,119,22,90,377,317,29,724,18,32,16,34,66,73,32
98,31,26,3,7,0,0,0,3,4,0,4,0,1,0,0,1,2,1,1995,1995-08-11,3728,3339,406,863,119,22,90,380,321,29,728,18,33,16,34,67,75,33
99,53,46,11,17,4,1,0,10,4,1,8,1,0,2,0,0,1,0,1995,1995-08-12,3781,3385,417,880,123,23,90,390,325,30,736,19,33,18,34,67,76,33
100,33,30,4,9,0,2,1,4,2,1,6,0,1,0,0,0,0,2,1995,1995-08-13,3814,3415,421,889,123,25,91,394,327,31,742,19,34,18,34,67,76,35
101,52,45,4,15,2,0,0,4,5,0,8,0,2,0,0,1,1,0,1995,1995-08-14,3866,3460,425,904,125,25,91,398,332,31,750,19,36,18,34,68,77,35
102,34,29,7,8,1,0,1,7,2,0,3,0,1,2,0,0,1,0,1995,1995-08-15,3900,3489,432,912,126,25,92,405,334,31,753,19,37,20,34,68,78,35
103,36,33,6,8,2,0,3,5,3,1,9,0,0,0,2,0,1,0,1995,1995-08-16,3936,3522,438,920,128,25,95,410,337,32,762,19,37,20,36,68,79,35
104,32,31,2,7,1,1,0,2,0,0,6,0,0,1,0,1,1,1,1995,1995-08-17,3968,3553,440,927,129,26,95,412,337,32,768,19,37,21,36,69,80,36
105,38,32,2,8,2,1,0,2,5,1,8,0,1,0,0,1,1,0,1995,1995-08-18,4006,3585,442,935,131,27,95,414,342,33,776,19,38,21,36,70,81,36
106,33,30,1,6,1,0,0,1,1,0,5,0,1,1,1,2,0,0,1995,1995-08-19,4039,3615,443,941,132,27,95,415,343,33,781,19,39,22,37,72,81,36
107,39,35,3,9,0,0,1,2,3,0,11,1,0,0,0,1,5,0,1995,1995-08-20,4078,3650,446,950,132,27,96,417,346,33,792,20,39,22,37,73,86,36
108,43,39,7,11,1,0,3,7,3,0,5,1,0,0,1,0,0,0,1995,1995-08-21,4121,3689,453,961,133,27,99,424,349,33,797,21,39,22,38,73,86,36
109,52,47,7,14,2,0,3,7,3,1,5,1,1,0,1,0,1,0,1995,1995-08-22,4173,3736,460,975,135,27,102,431,352,34,802,22,40,22,39,73,87,36
110,37,33,5,10,0,0,2,5,2,0,9,0,2,0,0,1,1,1,1995,1995-08-23,4210,3769,465,985,135,27,104,436,354,34,811,22,42,22,39,74,88,37
111,48,42,6,13,3,0,1,6,4,0,8,0,2,0,0,2,2,0,1995,1995-08-24,4258,3811,471,998,138,27,105,442,358,34,819,22,44,22,39,76,90,37
112,38,33,4,7,1,0,0,3,4,0,2,1,0,0,1,1,0,0,1995,1995-08-25,4296,3844,475,1005,139,27,105,445,362,34,821,23,44,22,40,77,90,37
113,36,35,4,7,0,1,2,4,1,0,12,0,0,0,0,0,0,0,1995,1995-08-26,4332,3879,479,1012,139,28,107,449,363,34,833,23,44,22,40,77,90,37
114,45,39,9,11,3,0,3,9,4,0,7,1,1,0,1,0,2,0,1995,1995-08-27,4377,3918,488,1023,142,28,110,458,367,34,840,24,45,22,41,77,92,37
115,38,32,3,6,0,0,0,3,5,0,9,0,0,1,0,0,0,0,1995,1995-08-29,4415,3950,491,1029,142,28,110,461,372,34,849,24,45,23,41,77,92,37
116,43,37,1,11,1,0,0,1,6,0,10,0,0,0,0,1,0,0,1995,1995-08-30,4458,3987,492,1040,143,28,110,462,378,34,859,24,45,23,41,78,92,37
117,40,35,6,13,4,0,1,5,3,3,4,0,2,0,0,0,3,0,1995,1995-08-31,4498,4022,498,1053,147,28,111,467,381,37,863,24,47,23,41,78,95,37
118,40,34,5,11,1,0,0,5,3,0,3,0,3,0,0,0,1,0,1995,1995-09-01,4538,4056,503,1064,148,28,111,472,384,37,866,24,50,23,41,78,96,37
119,41,37,8,14,1,0,3,8,3,0,7,0,1,0,0,2,0,1,1995,1995-09-02,4579,4093,511,1078,149,28,114,480,387,37,873,24,51,23,41,80,96,38
120,36,32,6,9,3,0,1,5,4,0,6,0,0,0,0,0,2,1,1995,1995-09-03,4615,4125,517,1087,152,28,115,485,391,37,879,24,51,23,41,80,98,39
121,34,26,5,4,0,0,1,5,5,0,5,0,1,2,0,0,3,0,1995,1995-09-04,4649,4151,522,1091,152,28,116,490,396,37,884,24,52,25,41,80,101,39
122,37,34,2,8,0,0,1,2,3,1,1,0,0,0,1,1,3,0,1995,1995-09-05,4686,4185,524,1099,152,28,117,492,399,38,885,24,52,25,42,81,104,39
123,33,27,0,3,0,0,0,0,4,0,5,0,2,0,0,0,1,0,1995,1995-09-06,4719,4212,524,1102,152,28,117,492,403,38,890,24,54,25,42,81,105,39
124,43,37,8,13,5,0,0,8,5,0,7,0,1,0,0,2,2,0,1995,1995-09-08,4762,4249,532,1115,157,28,117,500,408,38,897,24,55,25,42,83,107,39
125,44,39,11,12,1,0,4,11,5,1,7,0,0,0,0,0,1,0,1995,1995-09-09,4806,4288,543,1127,158,28,121,511,413,39,904,24,55,25,42,83,108,39
126,38,35,5,11,3,0,1,5,1,0,5,0,1,1,0,0,1,0,1995,1995-09-10,4844,4323,548,1138,161,28,122,516,414,39,909,24,56,26,42,83,109,39
127,35,34,1,6,2,0,1,1,1,0,6,0,0,0,1,0,1,0,1995,1995-09-11,4879,4357,549,1144,163,28,123,517,415,39,915,24,56,26,43,83,110,39
128,41,35,7,11,3,1,1,7,4,2,7,0,0,2,0,1,0,0,1995,1995-09-12,4920,4392,556,1155,166,29,124,524,419,41,922,24,56,28,43,84,110,39
129,54,50,6,14,0,0,3,6,3,0,10,0,1,0,0,1,1,1,1995,1995-09-13,4974,4442,562,1169,166,29,127,530,422,41,932,24,57,28,43,85,111,40
130,40,37,7,12,0,0,2,7,1,0,7,1,1,0,0,1,3,1,1995,1995-09-15,5014,4479,569,1181,166,29,129,537,423,41,939,25,58,28,43,86,114,41
131,41,34,4,9,2,0,0,4,5,0,8,0,2,0,0,0,1,0,1995,1995-09-16,5055,4513,573,1190,168,29,129,541,428,41,947,25,60,28,43,86,115,41
132,42,35,8,11,1,1,2,8,4,0,9,0,1,2,0,0,3,0,1995,1995-09-17,5097,4548,581,1201,169,30,131,549,432,41,956,25,61,30,43,86,118,41
133,39,32,2,6,1,0,0,2,3,0,7,2,1,1,1,0,2,0,1995,1995-09-19,5136,4580,583,1207,170,30,131,551,435,41,963,27,62,31,44,86,120,41
134,32,29,4,5,0,0,1,1,2,0,4,0,1,0,3,1,0,1,1995,1995-09-20,5168,4609,587,1212,170,30,132,552,437,41,967,27,63,31,47,87,120,42
135,36,34,1,9,0,0,0,0,1,0,4,1,0,0,1,3,1,0,1995,1995-09-21,5204,4643,588,1221,170,30,132,552,438,41,971,28,63,31,48,90,121,42
136,41,31,6,7,2,0,1,6,8,1,12,0,2,0,1,0,0,0,1995,1995-09-22,5245,4674,594,1228,172,30,133,558,446,42,983,28,65,31,49,90,121,42
137,36,32,4,7,1,0,1,3,3,0,4,0,1,0,2,1,0,0,1995,1995-09-23,5281,4706,598,1235,173,30,134,561,449,42,987,28,66,31,51,91,121,42
138,38,33,6,10,2,1,1,6,5,1,5,0,0,0,1,2,1,0,1995,1995-09-24,5319,4739,604,1245,175,31,135,567,454,43,992,28,66,31,52,93,122,42
139,33,30,4,7,1,0,1,4,2,0,3,0,1,0,3,2,0,1,1995,1995-09-25,5352,4769,608,1252,176,31,136,571,456,43,995,28,67,31,55,95,122,43
140,41,36,3,9,1,0,0,3,4,1,7,1,0,0,1,1,0,0,1995,1995-09-26,5393,4805,611,1261,177,31,136,574,460,44,1002,29,67,31,56,96,122,43
141,38,33,7,12,4,0,1,7,2,1,3,0,0,3,0,0,3,0,1995,1995-09-27,5431,4838,618,1273,181,31,137,581,462,45,1005,29,67,34,56,96,125,43
142,36,33,5,8,3,0,0,3,1,0,5,1,0,1,1,1,0,0,1995,1995-09-29,5467,4871,623,1281,184,31,137,584,463,45,1010,30,67,35,57,97,125,43
143,38,36,7,12,4,0,2,6,1,0,5,0,1,0,0,0,0,2,1995,1995-09-30,5505,4907,630,1293,188,31,139,590,464,45,1015,30,68,35,57,97,125,45
144,39,35,4,10,3,0,1,3,4,1,8,0,0,0,1,2,2,0,1995,1995-10-01,5544,4942,634,1303,191,31,140,593,468,46,1023,30,68,35,58,99,127,45
1,37,30,4,7,1,1,0,4,5,0,2,0,1,1,2,1,2,1,1994,1994-04-05,37,30,4,7,1,1,0,4,5,0,2,0,1,1,2,1,2,1
2,31,28,3,5,0,0,2,3,2,0,3,0,1,0,0,0,0,0,1994,1994-04-06,68,58,7,12,1,1,2,7,7,0,5,0,2,1,2,1,2,1
3,33,31,0,4,1,0,0,0,2,0,6,0,0,0,1,1,0,0,1994,1994-04-07,101,89,7,16,2,1,2,7,9,0,11,0,2,1,3,2,2,1
4,31,27,0,0,0,0,0,0,4,0,10,0,0,0,0,0,1,0,1994,1994-04-08,132,116,7,16,2,1,2,7,13,0,21,0,2,1,3,2,3,1
5,34,33,1,4,2,0,0,1,1,0,6,0,0,0,1,2,1,0,1994,1994-04-09,166,149,8,20,4,1,2,8,14,0,27,0,2,1,4,4,4,1
6,39,35,3,9,3,0,1,3,4,0,6,0,0,0,0,1,0,0,1994,1994-04-10,205,184,11,29,7,1,3,11,18,0,33,0,2,1,4,5,4,1
7,41,37,7,12,5,0,1,7,4,1,3,0,0,0,0,1,1,0,1994,1994-04-12,246,221,18,41,12,1,4,18,22,1,36,0,2,1,4,6,5,1
8,35,33,2,8,4,0,0,2,2,0,4,0,0,0,0,1,0,0,1994,1994-04-13,281,254,20,49,16,1,4,20,24,1,40,0,2,1,4,7,5,1
9,42,38,8,11,1,1,1,8,4,0,10,0,0,0,0,0,2,0,1994,1994-04-14,323,292,28,60,17,2,5,28,28,1,50,0,2,1,4,7,7,1
10,34,31,4,7,1,0,1,4,2,0,4,0,0,1,1,2,1,0,1994,1994-04-15,357,323,32,67,18,2,6,32,30,1,54,0,2,2,5,9,8,1
11,40,36,3,10,1,0,0,3,3,0,7,1,0,0,0,0,0,1,1994,1994-04-16,397,359,35,77,19,2,6,35,33,1,61,1,2,2,5,9,8,2
12,51,47,19,21,5,1,4,19,3,0,6,0,1,0,1,1,0,0,1994,1994-04-17,448,406,54,98,24,3,10,54,36,1,67,1,3,2,6,10,8,2
13,39,32,4,9,2,0,1,4,5,0,3,1,1,0,0,1,0,1,1994,1994-04-18,487,438,58,107,26,3,11,58,41,1,70,2,4,2,6,11,8,3
14,46,39,8,13,1,0,0,6,6,0,8,0,1,0,1,0,1,0,1994,1994-04-19,533,477,66,120,27,3,11,64,47,1,78,2,5,2,7,11,9,3
15,47,40,6,13,2,1,1,6,5,1,5,0,1,1,0,1,1,1,1994,1994-04-20,580,517,72,133,29,4,12,70,52,2,83,2,6,3,7,12,10,4
16,44,35,13,15,1,1,1,12,6,0,5,1,0,2,0,1,4,1,1994,1994-04-21,624,552,85,148,30,5,13,82,58,2,88,3,6,5,7,13,14,5
17,42,34,6,9,0,0,1,6,5,0,10,1,1,1,0,0,1,0,1994,1994-04-22,666,586,91,157,30,5,14,88,63,2,98,4,7,6,7,13,15,5
18,44,38,6,9,1,0,2,6,5,0,8,0,1,0,0,2,1,1,1994,1994-04-23,710,624,97,166,31,5,16,94,68,2,106,4,8,6,7,15,16,6
19,35,33,7,8,2,1,3,7,2,0,10,0,0,0,0,0,1,0,1994,1994-04-24,745,657,104,174,33,6,19,101,70,2,116,4,8,6,7,15,17,6
20,38,31,4,11,1,0,0,4,6,0,6,0,1,0,0,1,1,1,1994,1994-04-26,783,688,108,185,34,6,19,105,76,2,122,4,9,6,7,16,18,7
21,42,34,5,12,2,0,0,5,5,0,7,0,2,1,0,3,1,0,1994,1994-04-27,825,722,113,197,36,6,19,110,81,2,129,4,11,7,7,19,19,7
22,39,34,4,11,2,0,1,4,2,0,5,0,3,0,1,1,0,1,1994,1994-04-29,864,756,117,208,38,6,20,114,83,2,134,4,14,7,8,20,19,8
23,46,44,12,18,4,1,4,11,1,0,4,1,0,0,0,0,0,1,1994,1994-04-30,910,800,129,226,42,7,24,125,84,2,138,5,14,7,8,20,19,9
24,37,30,4,6,1,0,1,4,6,0,2,0,0,1,0,2,0,0,1994,1994-05-01,947,830,133,232,43,7,25,129,90,2,140,5,14,8,8,22,19,9
25,37,36,5,7,0,1,0,5,1,0,9,0,0,0,3,0,1,0,1994,1994-05-02,984,866,138,239,43,8,25,134,91,2,149,5,14,8,11,22,20,9
26,47,42,10,17,5,3,1,10,2,0,8,0,1,2,1,0,3,0,1994,1994-05-03,1031,908,148,256,48,11,26,144,93,2,157,5,15,10,12,22,23,9
27,33,32,4,5,2,0,1,4,1,0,3,0,0,0,0,0,2,0,1994,1994-05-04,1064,940,152,261,50,11,27,148,94,2,160,5,15,10,12,22,25,9
28,45,40,9,16,3,0,3,7,5,2,7,0,0,0,0,1,1,0,1994,1994-05-05,1109,980,161,277,53,11,30,155,99,4,167,5,15,10,12,23,26,9
29,32,30,1,4,1,0,0,1,2,0,4,0,0,0,0,1,0,0,1994,1994-05-06,1141,1010,162,281,54,11,30,156,101,4,171,5,15,10,12,24,26,9
30,40,35,3,7,0,0,2,3,3,0,10,0,2,0,0,0,2,0,1994,1994-05-07,1181,1045,165,288,54,11,32,159,104,4,181,5,17,10,12,24,28,9
31,41,34,4,8,1,0,2,4,5,0,14,2,0,0,0,1,1,0,1994,1994-05-08,1222,1079,169,296,55,11,34,163,109,4,195,7,17,10,12,25,29,9
32,40,32,9,10,0,0,2,9,6,0,5,0,0,2,0,2,2,0,1994,1994-05-09,1262,1111,178,306,55,11,36,172,115,4,200,7,17,12,12,27,31,9
33,43,35,5,13,3,0,1,4,7,1,2,0,1,0,0,2,1,2,1994,1994-05-10,1305,1146,183,319,58,11,37,176,122,5,202,7,18,12,12,29,32,11
34,26,25,1,2,0,0,1,1,0,0,8,0,1,0,0,0,0,0,1994,1994-05-11,1331,1171,184,321,58,11,38,177,122,5,210,7,19,12,12,29,32,11
35,35,31,5,10,2,0,2,4,4,1,5,0,0,0,0,2,0,1,1994,1994-05-13,1366,1202,189,331,60,11,40,181,126,6,215,7,19,12,12,31,32,12
36,35,33,2,9,0,0,0,2,1,1,7,0,1,0,1,0,0,0,1994,1994-05-14,1401,1235,191,340,60,11,40,183,127,7,222,7,20,12,13,31,32,12
37,41,35,7,14,2,1,0,7,4,2,5,0,1,1,1,2,3,0,1994,1994-05-15,1442,1270,198,354,62,12,40,190,131,9,227,7,21,13,14,33,35,12
38,49,43,9,17,2,2,2,9,5,2,7,0,1,0,1,0,0,1,1994,1994-05-16,1491,1313,207,371,64,14,42,199,136,11,234,7,22,13,15,33,35,13
39,37,34,6,10,4,0,2,5,2,0,5,0,1,0,0,1,1,1,1994,1994-05-17,1528,1347,213,381,68,14,44,204,138,11,239,7,23,13,15,34,36,14
40,41,34,5,10,2,0,0,5,6,0,9,0,1,0,0,1,0,1,1994,1994-05-18,1569,1381,218,391,70,14,44,209,144,11,248,7,24,13,15,35,36,15
41,44,41,8,15,2,2,2,8,3,0,8,0,0,0,1,1,1,0,1994,1994-05-19,1613,1422,226,406,72,16,46,217,147,11,256,7,24,13,16,36,37,15
42,38,32,2,7,2,0,0,2,6,0,9,0,0,0,0,1,2,1,1994,1994-05-20,1651,1454,228,413,74,16,46,219,153,11,265,7,24,13,16,37,39,16
43,42,34,6,9,1,0,0,5,7,0,4,1,0,0,0,0,0,0,1994,1994-05-21,1693,1488,234,422,75,16,46,224,160,11,269,8,24,13,16,37,39,16
44,40,36,10,13,4,1,2,10,2,0,7,0,1,1,0,1,0,0,1994,1994-05-22,1733,1524,244,435,79,17,48,234,162,11,276,8,25,14,16,38,39,16
45,34,31,3,5,0,0,1,3,3,0,5,0,0,0,0,1,0,0,1994,1994-05-23,1767,1555,247,440,79,17,49,237,165,11,281,8,25,14,16,39,39,16
46,33,30,0,4,0,0,0,0,3,0,7,0,0,0,1,1,0,1,1994,1994-05-24,1800,1585,247,444,79,17,49,237,168,11,288,8,25,14,17,40,39,17
47,38,33,7,10,0,0,0,5,4,0,4,0,0,1,0,1,1,1,1994,1994-05-25,1838,1618,254,454,79,17,49,242,172,11,292,8,25,15,17,41,40,18
48,45,42,6,13,3,0,1,6,2,1,6,1,0,0,1,0,0,1,1994,1994-05-27,1883,1660,260,467,82,17,50,248,174,12,298,9,25,15,18,41,40,19
49,39,39,2,12,0,1,1,2,0,0,7,0,0,0,1,1,0,0,1994,1994-05-28,1922,1699,262,479,82,18,51,250,174,12,305,9,25,15,19,42,40,19
50,34,32,4,8,1,0,0,4,2,1,7,0,0,0,0,0,0,0,1994,1994-05-29,1956,1731,266,487,83,18,51,254,176,13,312,9,25,15,19,42,40,19
51,41,38,5,12,2,0,2,5,1,0,6,0,1,1,2,0,0,0,1994,1994-05-30,1997,1769,271,499,85,18,53,259,177,13,318,9,26,16,21,42,40,19
52,35,31,0,7,0,0,0,0,4,0,1,0,0,0,0,2,0,0,1994,1994-05-31,2032,1800,271,506,85,18,53,259,181,13,319,9,26,16,21,44,40,19
53,38,37,7,14,1,0,2,7,0,0,7,0,1,0,1,0,0,0,1994,1994-06-01,2070,1837,278,520,86,18,55,266,181,13,326,9,27,16,22,44,40,19
54,43,37,5,12,1,0,0,5,4,0,8,0,0,2,0,0,1,0,1994,1994-06-03,2113,1874,283,532,87,18,55,271,185,13,334,9,27,18,22,44,41,19
55,32,32,2,5,0,0,2,2,0,0,12,0,0,0,0,0,0,0,1994,1994-06-04,2145,1906,285,537,87,18,57,273,185,13,346,9,27,18,22,44,41,19
56,40,36,5,10,1,0,1,5,4,1,11,0,0,0,0,0,1,1,1994,1994-06-05,2185,1942,290,547,88,18,58,278,189,14,357,9,27,18,22,44,42,20
57,47,41,10,17,1,0,4,9,4,1,7,0,1,1,0,1,0,0,1994,1994-06-06,2232,1983,300,564,89,18,62,287,193,15,364,9,28,19,22,45,42,20
58,37,35,2,11,2,0,0,2,2,1,3,0,0,0,0,3,0,0,1994,1994-06-07,2269,2018,302,575,91,18,62,289,195,16,367,9,28,19,22,48,42,20
59,40,34,4,10,1,0,1,4,4,2,6,1,1,0,1,1,0,0,1994,1994-06-08,2309,2052,306,585,92,18,63,293,199,18,373,10,29,19,23,49,42,20
60,34,31,2,4,0,0,1,2,3,0,8,0,0,0,0,0,0,0,1994,1994-06-10,2343,2083,308,589,92,18,64,295,202,18,381,10,29,19,23,49,42,20
61,37,34,4,9,1,0,0,3,3,1,4,0,0,0,0,1,0,1,1994,1994-06-11,2380,2117,312,598,93,18,64,298,205,19,385,10,29,19,23,50,42,21
62,36,31,2,5,1,0,1,2,4,0,2,0,1,0,0,0,0,0,1994,1994-06-12,2416,2148,314,603,94,18,65,300,209,19,387,10,30,19,23,50,42,21
63,35,32,5,14,1,0,1,3,2,0,6,0,1,0,0,1,1,2,1994,1994-06-13,2451,2180,319,617,95,18,66,303,211,19,393,10,31,19,23,51,43,23
64,40,36,5,13,1,0,1,5,4,0,8,0,0,0,0,0,2,1,1994,1994-06-14,2491,2216,324,630,96,18,67,308,215,19,401,10,31,19,23,51,45,24
65,34,31,2,7,2,0,0,2,2,0,4,0,0,1,0,2,0,0,1994,1994-06-15,2525,2247,326,637,98,18,67,310,217,19,405,10,31,20,23,53,45,24
66,41,37,5,11,1,0,1,5,3,0,4,0,0,1,1,1,0,0,1994,1994-06-17,2566,2284,331,648,99,18,68,315,220,19,409,10,31,21,24,54,45,24
67,38,33,3,10,1,0,0,3,4,0,2,1,0,0,0,4,0,0,1994,1994-06-18,2604,2317,334,658,100,18,68,318,224,19,411,11,31,21,24,58,45,24
68,34,31,7,8,1,0,1,7,3,0,6,0,0,0,0,0,0,0,1994,1994-06-19,2638,2348,341,666,101,18,69,325,227,19,417,11,31,21,24,58,45,24
69,35,32,3,8,1,0,1,3,3,0,4,0,0,0,0,2,0,1,1994,1994-06-20,2673,2380,344,674,102,18,70,328,230,19,421,11,31,21,24,60,45,25
70,47,46,3,7,1,1,1,3,1,0,8,0,0,0,1,0,2,1,1994,1994-06-21,2720,2426,347,681,103,19,71,331,231,19,429,11,31,21,25,60,47,26
71,38,34,6,7,2,0,2,6,4,0,10,0,0,0,1,0,0,0,1994,1994-06-22,2758,2460,353,688,105,19,73,337,235,19,439,11,31,21,26,60,47,26
72,40,36,4,9,0,0,2,4,2,0,7,2,0,0,0,0,0,0,1994,1994-06-24,2798,2496,357,697,105,19,75,341,237,19,446,13,31,21,26,60,47,26
73,38,34,4,7,1,1,2,4,4,0,7,0,0,0,1,1,0,0,1994,1994-06-25,2836,2530,361,704,106,20,77,345,241,19,453,13,31,21,27,61,47,26
74,37,34,5,9,0,0,2,5,2,0,8,0,0,1,0,0,0,0,1994,1994-06-26,2873,2564,366,713,106,20,79,350,243,19,461,13,31,22,27,61,47,26
75,39,31,2,6,1,0,1,2,6,0,4,0,2,0,0,0,0,0,1994,1994-06-27,2912,2595,368,719,107,20,80,352,249,19,465,13,33,22,27,61,47,26
76,35,32,7,11,3,1,2,7,3,0,2,0,0,0,0,1,0,0,1994,1994-06-28,2947,2627,375,730,110,21,82,359,252,19,467,13,33,22,27,62,47,26
77,36,29,6,7,3,0,1,5,6,1,2,0,1,0,0,1,0,0,1994,1994-06-29,2983,2656,381,737,113,21,83,364,258,20,469,13,34,22,27,63,47,26
78,38,31,4,7,1,0,1,4,7,0,5,0,0,0,0,1,1,0,1994,1994-06-30,3021,2687,385,744,114,21,84,368,265,20,474,13,34,22,27,64,48,26
79,32,28,0,3,0,0,0,0,2,0,7,0,2,0,0,0,0,0,1994,1994-07-01,3053,2715,385,747,114,21,84,368,267,20,481,13,36,22,27,64,48,26
80,44,39,9,16,3,0,1,9,2,0,6,2,1,0,0,0,1,0,1994,1994-07-02,3097,2754,394,763,117,21,85,377,269,20,487,15,37,22,27,64,49,26
81,32,29,3,8,2,0,0,3,1,1,1,0,1,1,0,0,1,1,1994,1994-07-03,3129,2783,397,771,119,21,85,380,270,21,488,15,38,23,27,64,50,27
82,39,36,1,8,0,0,0,1,3,0,7,0,0,0,1,0,0,0,1994,1994-07-04,3168,2819,398,779,119,21,85,381,273,21,495,15,38,23,28,64,50,27
83,32,31,2,3,0,0,1,1,1,0,10,0,0,0,0,0,0,0,1994,1994-07-05,3200,2850,400,782,119,21,86,382,274,21,505,15,38,23,28,64,50,27
84,33,32,2,7,0,0,1,2,1,0,6,0,0,0,0,2,0,0,1994,1994-07-06,3233,2882,402,789,119,21,87,384,275,21,511,15,38,23,28,66,50,27
85,32,32,0,6,1,0,0,0,0,0,4,0,0,0,0,1,0,0,1994,1994-07-07,3265,2914,402,795,120,21,87,384,275,21,515,15,38,23,28,67,50,27
86,39,36,3,8,3,0,1,3,2,0,7,0,1,0,0,0,1,0,1994,1994-07-08,3304,2950,405,803,123,21,88,387,277,21,522,15,39,23,28,67,51,27
87,40,34,8,13,1,0,3,8,5,0,4,0,1,0,0,1,0,1,1994,1994-07-09,3344,2984,413,816,124,21,91,395,282,21,526,15,40,23,28,68,51,28
88,35,32,1,6,0,1,0,0,2,0,7,0,1,0,0,0,0,0,1994,1994-07-10,3379,3016,414,822,124,22,91,395,284,21,533,15,41,23,28,68,51,28
89,34,31,3,5,2,0,0,3,3,0,7,0,0,0,0,1,1,0,1994,,3413,3047,417,827,126,22,91,398,287,21,540,15,41,23,28,69,52,28
90,38,31,3,10,2,0,0,3,4,0,2,0,2,1,0,2,0,0,1994,,3451,3078,420,837,128,22,91,401,291,21,542,15,43,24,28,71,52,28
91,39,35,6,12,1,0,1,6,3,0,2,0,0,1,0,3,0,0,1994,1994-07-16,3490,3113,426,849,129,22,92,407,294,21,544,15,43,25,28,74,52,28
92,39,37,7,11,0,0,2,7,2,0,3,0,0,0,0,1,0,0,1994,1994-07-17,3529,3150,433,860,129,22,94,414,296,21,547,15,43,25,28,75,52,28
93,51,41,7,12,4,0,1,7,9,2,7,1,0,0,1,2,1,0,1994,1994-07-18,3580,3191,440,872,133,22,95,421,305,23,554,16,43,25,29,77,53,28
94,44,39,4,12,2,0,1,3,5,0,1,0,0,0,1,1,0,0,1994,1994-07-19,3624,3230,444,884,135,22,96,424,310,23,555,16,43,25,30,78,53,28
95,39,36,4,11,1,2,1,4,1,0,7,1,0,1,1,0,0,1,1994,1994-07-20,3663,3266,448,895,136,24,97,428,311,23,562,17,43,26,31,78,53,29
96,33,33,2,6,2,0,0,2,0,0,3,0,0,0,0,0,0,0,1994,1994-07-22,3696,3299,450,901,138,24,97,430,311,23,565,17,43,26,31,78,53,29
97,30,29,0,6,0,0,0,0,1,0,7,0,0,0,0,1,0,2,1994,1994-07-23,3726,3328,450,907,138,24,97,430,312,23,572,17,43,26,31,79,53,31
98,38,36,4,10,0,0,3,3,2,0,9,0,0,0,1,2,0,0,1994,1994-07-24,3764,3364,454,917,138,24,100,433,314,23,581,17,43,26,32,81,53,31
99,45,37,10,11,2,0,2,9,7,1,8,0,1,0,1,1,2,0,1994,1994-07-25,3809,3401,464,928,140,24,102,442,321,24,589,17,44,26,33,82,55,31
100,41,36,5,9,4,0,1,5,4,0,5,1,0,0,0,0,3,0,1994,1994-07-26,3850,3437,469,937,144,24,103,447,325,24,594,18,44,26,33,82,58,31
101,33,33,1,5,0,0,0,1,0,0,5,0,0,0,1,0,1,0,1994,1994-07-27,3883,3470,470,942,144,24,103,448,325,24,599,18,44,26,34,82,59,31
102,38,36,7,8,0,0,2,7,2,0,8,0,0,0,2,0,1,0,1994,1994-07-29,3921,3506,477,950,144,24,105,455,327,24,607,18,44,26,36,82,60,31
103,38,29,6,7,2,0,0,4,7,2,6,1,0,1,0,0,3,1,1994,1994-07-30,3959,3535,483,957,146,24,105,459,334,26,613,19,44,27,36,82,63,32
104,36,30,7,10,1,0,0,6,4,1,4,0,1,1,1,1,2,1,1994,1994-07-31,3995,3565,490,967,147,24,105,465,338,27,617,19,45,28,37,83,65,33
105,37,36,4,9,2,0,2,4,0,0,7,0,0,1,1,0,0,0,1994,1994-08-01,4032,3601,494,976,149,24,107,469,338,27,624,19,45,29,38,83,65,33
106,48,40,7,10,0,1,1,6,6,2,8,0,1,1,1,0,3,0,1994,1994-08-02,4080,3641,501,986,149,25,108,475,344,29,632,19,46,30,39,83,68,33
107,36,34,2,8,1,0,1,2,1,0,8,0,1,0,0,0,1,0,1994,1994-08-03,4116,3675,503,994,150,25,109,477,345,29,640,19,47,30,39,83,69,33
108,34,30,1,9,0,0,1,1,3,0,6,0,1,0,0,1,0,1,1994,1994-08-04,4150,3705,504,1003,150,25,110,478,348,29,646,19,48,30,39,84,69,34
109,35,30,5,11,0,2,0,5,4,0,3,0,1,0,0,2,0,3,1994,1994-08-05,4185,3735,509,1014,150,27,110,483,352,29,649,19,49,30,39,86,69,37
110,41,35,6,12,4,0,2,6,3,2,4,0,2,1,1,1,0,0,1994,1994-08-07,4226,3770,515,1026,154,27,112,489,355,31,653,19,51,31,40,87,69,37
111,39,35,6,9,2,0,1,6,4,0,6,0,0,0,1,2,1,0,1994,1994-08-08,4265,3805,521,1035,156,27,113,495,359,31,659,19,51,31,41,89,70,37
112,32,31,3,5,1,0,0,2,1,0,9,0,0,0,0,0,2,0,1994,1994-08-09,4297,3836,524,1040,157,27,113,497,360,31,668,19,51,31,41,89,72,37
113,39,36,6,10,2,1,1,6,3,1,6,0,0,0,0,0,2,0,1994,1994-08-10,4336,3872,530,1050,159,28,114,503,363,32,674,19,51,31,41,89,74,37
114,35,32,2,5,1,1,1,2,3,1,13,0,0,0,0,0,0,0,1994,1994-08-11,4371,3904,532,1055,160,29,115,505,366,33,687,19,51,31,41,89,74,37
1,37,34,3,8,2,0,1,3,3,0,7,0,0,0,1,1,0,0,1993,1993-04-05,37,34,3,8,2,0,1,3,3,0,7,0,0,0,1,1,0,0
2,40,32,4,8,2,0,0,4,6,0,6,0,0,2,0,0,0,0,1993,1993-04-06,77,66,7,16,4,0,1,7,9,0,13,0,0,2,1,1,0,0
3,41,32,4,9,0,0,0,3,7,0,5,0,2,0,0,1,1,0,1993,1993-04-07,118,98,11,25,4,0,1,10,16,0,18,0,2,2,1,2,1,0
4,37,30,1,5,1,0,0,1,6,0,2,0,1,0,0,1,0,0,1993,1993-04-08,155,128,12,30,5,0,1,11,22,0,20,0,3,2,1,3,1,0
5,31,28,0,3,0,0,0,0,3,0,5,0,0,0,0,1,1,1,1993,1993-04-09,186,156,12,33,5,0,1,11,25,0,25,0,3,2,1,4,2,1
6,39,35,2,8,1,1,0,2,3,0,7,0,1,0,0,0,0,1,1993,1993-04-10,225,191,14,41,6,1,1,13,28,0,32,0,4,2,1,4,2,2
7,37,31,0,4,1,0,0,0,5,0,8,1,0,0,0,0,2,0,1993,1993-04-11,262,222,14,45,7,1,1,13,33,0,40,1,4,2,1,4,4,2
8,42,40,7,14,2,0,0,7,1,0,5,0,1,0,3,2,2,1,1993,1993-04-13,304,262,21,59,9,1,1,20,34,0,45,1,5,2,4,6,6,3
9,53,46,1,4,1,0,0,1,6,2,7,0,1,0,1,2,1,0,1993,1993-04-14,357,308,22,63,10,1,1,21,40,2,52,1,6,2,5,8,7,3
10,34,34,2,7,1,0,1,2,0,0,2,0,0,0,0,0,1,0,1993,1993-04-15,391,342,24,70,11,1,2,23,40,2,54,1,6,2,5,8,8,3
11,39,37,7,15,2,1,1,7,2,0,4,0,0,0,0,1,0,1,1993,1993-04-16,430,379,31,85,13,2,3,30,42,2,58,1,6,2,5,9,8,4
12,39,35,6,11,1,0,2,6,3,0,8,0,0,1,1,0,1,0,1993,1993-04-17,469,414,37,96,14,2,5,36,45,2,66,1,6,3,6,9,9,4
13,36,32,6,11,0,0,1,6,2,0,5,0,1,1,0,1,1,0,1993,1993-04-18,505,446,43,107,14,2,6,42,47,2,71,1,7,4,6,10,10,4
14,36,32,3,5,2,0,0,3,3,0,8,1,0,0,0,0,0,0,1993,1993-04-20,541,478,46,112,16,2,6,45,50,2,79,2,7,4,6,10,10,4
15,33,30,4,3,1,0,1,3,3,0,5,0,0,0,0,0,1,0,1993,1993-04-21,574,508,50,115,17,2,7,48,53,2,84,2,7,4,6,10,11,4
16,32,27,1,4,0,0,0,0,3,0,1,1,1,0,1,4,0,0,1993,1993-04-22,606,535,51,119,17,2,7,48,56,2,85,3,8,4,7,14,11,4
17,33,31,0,5,1,0,0,0,2,0,9,0,0,0,0,1,0,0,1993,1993-04-23,639,566,51,124,18,2,7,48,58,2,94,3,8,4,7,15,11,4
18,38,34,3,10,1,0,1,3,3,0,6,0,0,1,0,1,0,1,1993,1993-04-24,677,600,54,134,19,2,8,51,61,2,100,3,8,5,7,16,11,5
19,35,31,2,5,0,0,0,2,3,0,8,0,1,0,0,0,0,0,1993,1993-04-25,712,631,56,139,19,2,8,53,64,2,108,3,9,5,7,16,11,5
20,35,29,4,2,0,0,1,2,4,0,3,0,2,0,2,0,1,0,1993,1993-04-27,747,660,60,141,19,2,9,55,68,2,111,3,11,5,9,16,12,5
21,36,28,6,8,0,0,2,4,2,0,5,2,3,1,2,0,4,2,1993,1993-04-28,783,688,66,149,19,2,11,59,70,2,116,5,14,6,11,16,16,7
22,37,34,3,9,2,0,0,3,2,1,7,0,0,1,0,0,0,0,1993,1993-04-29,820,722,69,158,21,2,11,62,72,3,123,5,14,7,11,16,16,7
23,46,39,6,15,3,0,1,6,6,0,5,0,0,1,0,0,3,1,1993,1993-04-30,866,761,75,173,24,2,12,68,78,3,128,5,14,8,11,16,19,8
24,40,33,5,11,1,0,1,5,4,1,3,1,1,1,0,0,0,0,1993,1993-05-01,906,794,80,184,25,2,13,73,82,4,131,6,15,9,11,16,19,8
25,37,33,1,6,0,1,0,1,3,0,4,1,0,0,0,0,0,0,1993,1993-05-02,943,827,81,190,25,3,13,74,85,4,135,7,15,9,11,16,19,8
26,42,36,8,14,4,0,1,8,5,1,8,0,1,0,0,1,3,0,1993,1993-05-04,985,863,89,204,29,3,14,82,90,5,143,7,16,9,11,17,22,8
27,41,37,6,14,0,0,0,6,3,0,10,0,1,0,0,0,0,0,1993,1993-05-05,1026,900,95,218,29,3,14,88,93,5,153,7,17,9,11,17,22,8
28,41,35,5,10,1,0,0,4,4,0,8,0,1,1,1,0,0,0,1993,1993-05-07,1067,935,100,228,30,3,14,92,97,5,161,7,18,10,12,17,22,8
29,46,42,5,10,1,0,1,5,2,0,11,0,1,1,1,0,2,2,1993,1993-05-08,1113,977,105,238,31,3,15,97,99,5,172,7,19,11,13,17,24,10
30,37,34,6,8,2,1,3,6,2,0,5,0,1,0,0,0,1,1,1993,1993-05-09,1150,1011,111,246,33,4,18,103,101,5,177,7,20,11,13,17,25,11
31,33,29,2,3,2,0,0,2,3,0,2,0,0,1,0,0,1,0,1993,1993-05-10,1183,1040,113,249,35,4,18,105,104,5,179,7,20,12,13,17,26,11
32,37,35,1,8,1,1,0,1,2,1,8,0,0,0,0,1,1,2,1993,1993-05-11,1220,1075,114,257,36,5,18,106,106,6,187,7,20,12,13,18,27,13
33,44,39,9,16,4,1,0,8,3,1,3,0,2,0,0,1,0,0,1993,1993-05-12,1264,1114,123,273,40,6,18,114,109,7,190,7,22,12,13,19,27,13
34,33,31,1,5,1,0,0,0,2,0,7,0,0,0,0,0,0,1,1993,1993-05-14,1297,1145,124,278,41,6,18,114,111,7,197,7,22,12,13,19,27,14
35,35,32,1,6,0,0,1,1,3,0,8,0,0,0,0,1,2,0,1993,1993-05-15,1332,1177,125,284,41,6,19,115,114,7,205,7,22,12,13,20,29,14
36,37,35,2,8,2,0,0,2,2,0,9,0,0,0,0,0,2,0,1993,1993-05-16,1369,1212,127,292,43,6,19,117,116,7,214,7,22,12,13,20,31,14
37,43,37,5,10,1,0,0,4,5,1,6,0,0,1,0,1,1,0,1993,1993-05-17,1412,1249,132,302,44,6,19,121,121,8,220,7,22,13,13,21,32,14
38,39,31,9,8,2,0,2,9,7,0,6,0,1,0,0,0,1,0,1993,1993-05-18,1451,1280,141,310,46,6,21,130,128,8,226,7,23,13,13,21,33,14
39,37,31,5,11,2,0,0,5,2,0,2,2,1,1,0,1,0,1,1993,1993-05-19,1488,1311,146,321,48,6,21,135,130,8,228,9,24,14,13,22,33,15
40,37,31,8,12,2,0,1,8,4,1,1,0,1,1,0,2,0,0,1993,1993-05-21,1525,1342,154,333,50,6,22,143,134,9,229,9,25,15,13,24,33,15
41,33,30,4,8,1,0,0,4,2,0,5,0,0,1,1,0,1,1,1993,1993-05-22,1558,1372,158,341,51,6,22,147,136,9,234,9,25,16,14,24,34,16
42,34,30,4,8,2,0,1,4,2,0,5,0,1,1,0,0,2,0,1993,1993-05-23,1592,1402,162,349,53,6,23,151,138,9,239,9,26,17,14,24,36,16
43,32,31,5,9,2,0,2,5,1,0,6,0,0,0,0,0,2,1,1993,1993-05-24,1624,1433,167,358,55,6,25,156,139,9,245,9,26,17,14,24,38,17
44,51,44,10,17,1,0,1,9,6,2,7,0,1,0,3,2,4,1,1993,1993-05-25,1675,1477,177,375,56,6,26,165,145,11,252,9,27,17,17,26,42,18
45,41,32,8,11,1,0,1,8,5,0,6,1,0,3,0,0,0,0,1993,1993-05-26,1716,1509,185,386,57,6,27,173,150,11,258,10,27,20,17,26,42,18
46,38,37,7,12,2,0,1,7,1,0,6,0,0,0,0,1,3,0,1993,1993-05-28,1754,1546,192,398,59,6,28,180,151,11,264,10,27,20,17,27,45,18
47,44,37,6,12,3,2,1,6,5,0,10,0,2,0,0,0,2,0,1993,1993-05-29,1798,1583,198,410,62,8,29,186,156,11,274,10,29,20,17,27,47,18
48,38,35,3,9,1,0,2,3,2,0,5,0,1,0,1,0,3,0,1993,1993-05-30,1836,1618,201,419,63,8,31,189,158,11,279,10,30,20,18,27,50,18
49,40,39,5,13,0,2,1,5,0,0,7,0,1,0,0,0,1,0,1993,1993-05-31,1876,1657,206,432,63,10,32,194,158,11,286,10,31,20,18,27,51,18
50,46,38,11,14,1,1,1,10,4,0,7,0,2,2,2,0,2,1,1993,1993-06-01,1922,1695,217,446,64,11,33,204,162,11,293,10,33,22,20,27,53,19
51,34,33,4,9,3,2,1,4,0,0,3,0,0,1,0,0,0,1,1993,1993-06-02,1956,1728,221,455,67,13,34,208,162,11,296,10,33,23,20,27,53,20
52,36,28,5,9,1,0,1,5,7,2,7,0,1,0,0,2,0,2,1993,1993-06-04,1992,1756,226,464,68,13,35,213,169,13,303,10,34,23,20,29,53,22
53,37,34,5,12,4,0,1,5,1,0,8,1,0,1,0,0,0,0,1993,1993-06-05,2029,1790,231,476,72,13,36,218,170,13,311,11,34,24,20,29,53,22
54,34,29,0,5,0,0,0,0,4,0,12,0,1,0,0,1,0,1,1993,1993-06-06,2063,1819,231,481,72,13,36,218,174,13,323,11,35,24,20,30,53,23
55,36,28,3,5,1,0,0,3,7,0,4,0,0,1,0,3,0,0,1993,1993-06-07,2099,1847,234,486,73,13,36,221,181,13,327,11,35,25,20,33,53,23
56,29,28,2,4,1,0,1,2,1,0,4,0,0,0,1,0,1,0,1993,1993-06-08,2128,1875,236,490,74,13,37,223,182,13,331,11,35,25,21,33,54,23
57,38,35,2,8,3,0,1,2,3,0,6,0,0,0,1,0,0,0,1993,1993-06-10,2166,1910,238,498,77,13,38,225,185,13,337,11,35,25,22,33,54,23
58,37,36,4,8,1,0,2,4,1,0,11,0,0,0,1,0,1,0,1993,1993-06-11,2203,1946,242,506,78,13,40,229,186,13,348,11,35,25,23,33,55,23
59,40,37,6,10,0,0,0,5,3,0,12,0,0,0,1,0,0,1,1993,1993-06-12,2243,1983,248,516,78,13,40,234,189,13,360,11,35,25,24,33,55,24
60,36,34,2,9,1,0,0,2,1,0,8,0,1,0,0,0,1,1,1993,1993-06-13,2279,2017,250,525,79,13,40,236,190,13,368,11,36,25,24,33,56,25
61,41,37,9,12,3,0,1,8,2,0,6,0,1,1,1,1,0,1,1993,1993-06-14,2320,2054,259,537,82,13,41,244,192,13,374,11,37,26,25,34,56,26
62,46,42,12,16,2,0,2,11,2,1,2,1,1,0,2,2,0,0,1993,1993-06-15,2366,2096,271,553,84,13,43,255,194,14,376,12,38,26,27,36,56,26
63,35,33,6,9,1,1,2,6,2,0,6,0,0,0,0,2,0,0,1993,1993-06-16,2401,2129,277,562,85,14,45,261,196,14,382,12,38,26,27,38,56,26
64,38,34,3,6,0,0,0,1,4,0,6,0,0,0,0,1,2,1,1993,1993-06-18,2439,2163,280,568,85,14,45,262,200,14,388,12,38,26,27,39,58,27
65,37,35,4,10,2,0,1,4,2,0,4,0,0,0,0,1,0,0,1993,1993-06-19,2476,2198,284,578,87,14,46,266,202,14,392,12,38,26,27,40,58,27
66,38,36,6,10,1,0,4,6,2,0,4,0,0,0,0,1,1,0,1993,1993-06-20,2514,2234,290,588,88,14,50,272,204,14,396,12,38,26,27,41,59,27
67,43,35,7,13,0,0,1,7,6,1,7,0,2,0,0,0,2,0,1993,1993-06-21,2557,2269,297,601,88,14,51,279,210,15,403,12,40,26,27,41,61,27
68,37,35,1,9,1,0,1,1,1,0,4,1,0,0,0,0,0,1,1993,1993-06-22,2594,2304,298,610,89,14,52,280,211,15,407,13,40,26,27,41,61,28
69,35,31,3,6,2,0,1,3,2,0,3,1,0,1,2,1,1,1,1993,1993-06-23,2629,2335,301,616,91,14,53,283,213,15,410,14,40,27,29,42,62,29
70,36,35,0,8,1,0,0,0,1,0,6,0,0,0,1,1,0,0,1993,1993-06-24,2665,2370,301,624,92,14,53,283,214,15,416,14,40,27,30,43,62,29
71,41,38,5,9,1,0,2,5,3,1,13,0,0,0,0,0,2,1,1993,1993-06-25,2706,2408,306,633,93,14,55,288,217,16,429,14,40,27,30,43,64,30
72,36,33,5,11,1,0,1,5,2,1,5,0,1,0,0,1,0,0,1993,1993-06-26,2742,2441,311,644,94,14,56,293,219,17,434,14,41,27,30,44,64,30
73,34,31,3,12,2,0,0,3,1,0,5,0,1,1,0,0,0,2,1993,1993-06-27,2776,2472,314,656,96,14,56,296,220,17,439,14,42,28,30,44,64,32
74,35,27,4,5,0,0,1,4,5,1,3,0,3,0,1,1,0,1,1993,1993-06-28,2811,2499,318,661,96,14,57,300,225,18,442,14,45,28,31,45,64,33
75,34,31,1,4,2,0,0,1,2,0,7,1,0,0,0,0,0,0,1993,1993-06-29,2845,2530,319,665,98,14,57,301,227,18,449,15,45,28,31,45,64,33
76,36,32,5,10,2,0,0,4,3,0,5,0,1,0,0,1,0,0,1993,1993-06-30,2881,2562,324,675,100,14,57,305,230,18,454,15,46,28,31,46,64,33
77,39,36,4,9,6,0,0,4,3,0,6,0,0,0,1,1,0,0,1993,1993-07-02,2920,2598,328,684,106,14,57,309,233,18,460,15,46,28,32,47,64,33
78,36,34,4,8,2,0,1,4,1,0,6,0,0,1,1,0,2,1,1993,1993-07-03,2956,2632,332,692,108,14,58,313,234,18,466,15,46,29,33,47,66,34
79,43,41,1,7,1,0,0,0,2,0,9,0,0,0,3,0,1,1,1993,1993-07-04,2999,2673,333,699,109,14,58,313,236,18,475,15,46,29,36,47,67,35
80,39,37,5,9,1,0,1,5,2,0,4,0,0,0,1,0,0,0,1993,1993-07-05,3038,2710,338,708,110,14,59,318,238,18,479,15,46,29,37,47,67,35
81,45,38,7,13,2,0,1,7,5,0,7,0,2,0,0,0,1,0,1993,1993-07-06,3083,2748,345,721,112,14,60,325,243,18,486,15,48,29,37,47,68,35
82,86,78,6,17,4,0,0,5,8,1,13,0,0,0,4,1,1,1,1993,1993-07-07,3169,2826,351,738,116,14,60,330,251,19,499,15,48,29,41,48,69,36
83,47,43,11,17,3,0,2,10,4,0,3,0,0,0,1,2,1,0,1993,,3216,2869,362,755,119,14,62,340,255,19,502,15,48,29,42,50,70,36
84,41,37,3,8,1,1,0,2,2,1,9,0,2,0,1,0,1,0,1993,,3257,2906,365,763,120,15,62,342,257,20,511,15,50,29,43,50,71,36
85,40,34,6,11,2,0,2,6,3,1,6,0,3,0,0,0,2,0,1993,1993-07-09,3297,2940,371,774,122,15,64,348,260,21,517,15,53,29,43,50,73,36
86,37,36,6,11,2,0,1,6,1,0,2,0,0,0,0,1,1,0,1993,1993-07-10,3334,2976,377,785,124,15,65,354,261,21,519,15,53,29,43,51,74,36
87,39,36,2,10,0,0,1,2,2,0,7,0,1,0,1,1,2,0,1993,1993-07-11,3373,3012,379,795,124,15,66,356,263,21,526,15,54,29,44,52,76,36
88,33,28,3,4,0,0,0,2,4,0,4,0,1,0,2,1,3,0,1993,1993-07-15,3406,3040,382,799,124,15,66,358,267,21,530,15,55,29,46,53,79,36
89,36,34,2,10,2,0,0,2,1,0,2,0,1,0,1,0,0,1,1993,1993-07-16,3442,3074,384,809,126,15,66,360,268,21,532,15,56,29,47,53,79,37
90,41,36,6,8,2,0,0,6,4,0,9,1,0,0,0,0,0,0,1993,1993-07-17,3483,3110,390,817,128,15,66,366,272,21,541,16,56,29,47,53,79,37
91,32,30,2,8,3,0,2,2,2,0,7,0,0,0,0,1,0,1,1993,1993-07-18,3515,3140,392,825,131,15,68,368,274,21,548,16,56,29,47,54,79,38
92,38,32,5,8,0,1,1,4,5,0,3,0,1,0,0,0,0,3,1993,1993-07-19,3553,3172,397,833,131,16,69,372,279,21,551,16,57,29,47,54,79,41
93,37,32,2,6,1,0,0,2,4,1,6,0,0,1,0,0,0,0,1993,1993-07-20,3590,3204,399,839,132,16,69,374,283,22,557,16,57,30,47,54,79,41
94,34,31,0,6,0,0,0,0,2,0,6,0,1,0,0,0,1,0,1993,1993-07-21,3624,3235,399,845,132,16,69,374,285,22,563,16,58,30,47,54,80,41
95,39,38,5,12,1,1,1,5,1,0,7,0,0,0,0,1,1,0,1993,1993-07-22,3663,3273,404,857,133,17,70,379,286,22,570,16,58,30,47,55,81,41
96,35,33,5,8,0,0,2,4,2,1,4,0,0,0,1,0,1,0,1993,1993-07-23,3698,3306,409,865,133,17,72,383,288,23,574,16,58,30,48,55,82,41
97,40,34,5,8,2,1,0,5,5,1,4,0,1,0,0,2,1,0,1993,1993-07-24,3738,3340,414,873,135,18,72,388,293,24,578,16,59,30,48,57,83,41
98,31,31,0,5,2,0,0,0,0,0,5,0,0,0,0,1,0,0,1993,1993-07-25,3769,3371,414,878,137,18,72,388,293,24,583,16,59,30,48,58,83,41
99,49,38,15,17,6,0,3,15,5,1,2,0,3,3,2,1,2,0,1993,1993-07-26,3818,3409,429,895,143,18,75,403,298,25,585,16,62,33,50,59,85,41
100,31,31,2,3,1,0,1,2,0,0,6,0,0,0,2,1,0,0,1993,1993-07-27,3849,3440,431,898,144,18,76,405,298,25,591,16,62,33,52,60,85,41
101,35,33,2,8,1,0,0,2,1,1,4,0,1,0,0,1,1,0,1993,1993-07-28,3884,3473,433,906,145,18,76,407,299,26,595,16,63,33,52,61,86,41
102,33,30,1,6,3,0,0,1,1,0,6,1,1,0,1,1,0,1,1993,1993-07-30,3917,3503,434,912,148,18,76,408,300,26,601,17,64,33,53,62,86,42
103,53,48,7,14,3,3,1,7,3,2,5,1,0,1,0,2,0,0,1993,1993-07-31,3970,3551,441,926,151,21,77,415,303,28,606,18,64,34,53,64,86,42
104,40,34,4,7,1,0,1,4,5,0,8,0,0,1,2,1,0,0,1993,1993-08-01,4010,3585,445,933,152,21,78,419,308,28,614,18,64,35,55,65,86,42
105,36,29,1,5,1,0,0,1,5,0,4,0,1,1,0,2,0,0,1993,1993-08-03,4046,3614,446,938,153,21,78,420,313,28,618,18,65,36,55,67,86,42
106,35,32,4,7,2,0,1,4,2,0,4,1,0,0,0,0,0,1,1993,1993-08-04,4081,3646,450,945,155,21,79,424,315,28,622,19,65,36,55,67,86,43
107,41,37,5,11,3,1,1,5,3,1,10,0,0,1,1,0,2,0,1993,1993-08-05,4122,3683,455,956,158,22,80,429,318,29,632,19,65,37,56,67,88,43
108,40,36,3,11,1,0,2,3,2,1,5,1,1,0,2,0,1,0,1993,1993-08-06,4162,3719,458,967,159,22,82,432,320,30,637,20,66,37,58,67,89,43
109,40,38,6,12,2,0,2,6,2,0,7,0,0,0,0,0,1,1,1993,1993-08-07,4202,3757,464,979,161,22,84,438,322,30,644,20,66,37,58,67,90,44
110,40,32,5,6,1,0,1,5,8,0,9,0,0,0,0,1,0,0,1993,1993-08-08,4242,3789,469,985,162,22,85,443,330,30,653,20,66,37,58,68,90,44
111,45,41,2,9,0,1,1,2,4,1,7,0,0,0,2,2,3,0,1993,1993-08-09,4287,3830,471,994,162,23,86,445,334,31,660,20,66,37,60,70,93,44
112,33,30,2,7,0,0,1,2,2,0,2,0,1,0,0,0,1,1,1993,1993-08-10,4320,3860,473,1001,162,23,87,447,336,31,662,20,67,37,60,70,94,45
113,34,32,2,7,2,0,0,2,1,0,3,0,1,0,1,1,2,0,1993,1993-08-11,4354,3892,475,1008,164,23,87,449,337,31,665,20,68,37,61,71,96,45
114,35,34,1,7,3,0,0,1,1,0,4,0,0,0,0,0,0,0,1993,1993-08-12,4389,3926,476,1015,167,23,87,450,338,31,669,20,68,37,61,71,96,45
115,35,32,1,8,0,0,1,1,3,0,5,0,0,0,0,1,0,1,1993,1993-08-13,4424,3958,477,1023,167,23,88,451,341,31,674,20,68,37,61,72,96,46
116,35,27,4,8,1,0,2,4,5,1,2,0,3,0,0,1,1,1,1993,1993-08-14,4459,3985,481,1031,168,23,90,455,346,32,676,20,71,37,61,73,97,47
117,35,31,4,10,2,0,1,4,3,0,3,0,1,0,0,2,1,0,1993,1993-08-15,4494,4016,485,1041,170,23,91,459,349,32,679,20,72,37,61,75,98,47
118,36,35,2,8,3,0,1,2,1,0,4,0,0,0,1,1,0,0,1993,1993-08-17,4530,4051,487,1049,173,23,92,461,350,32,683,20,72,37,62,76,98,47
119,49,42,4,8,2,0,0,4,5,0,9,0,1,1,0,0,3,0,1993,1993-08-18,4579,4093,491,1057,175,23,92,465,355,32,692,20,73,38,62,76,101,47
120,44,38,7,11,3,0,1,7,4,0,6,1,1,0,1,0,0,0,1993,1993-08-19,4623,4131,498,1068,178,23,93,472,359,32,698,21,74,38,63,76,101,47
121,35,33,3,6,1,1,0,3,2,0,2,0,0,0,0,0,1,0,1993,1993-08-20,4658,4164,501,1074,179,24,93,475,361,32,700,21,74,38,63,76,102,47
122,41,37,8,11,3,1,0,8,3,1,5,1,0,0,1,1,0,1,1993,1993-08-21,4699,4201,509,1085,182,25,93,483,364,33,705,22,74,38,64,77,102,48
123,35,32,3,8,2,0,1,3,1,0,3,0,1,1,0,1,1,0,1993,1993-08-22,4734,4233,512,1093,184,25,94,486,365,33,708,22,75,39,64,78,103,48
124,40,36,6,14,3,0,0,6,3,2,4,0,1,0,0,1,0,0,1993,1993-08-23,4774,4269,518,1107,187,25,94,492,368,35,712,22,76,39,64,79,103,48
125,42,36,13,15,0,0,3,13,4,0,3,2,0,0,0,3,2,0,1993,1993-08-24,4816,4305,531,1122,187,25,97,505,372,35,715,24,76,39,64,82,105,48
126,54,43,1,10,0,0,0,1,9,0,8,0,1,1,0,1,3,0,1993,1993-08-25,4870,4348,532,1132,187,25,97,506,381,35,723,24,77,40,64,83,108,48
127,37,34,2,5,1,0,1,2,2,0,7,0,1,0,1,0,0,1,1993,1993-08-27,4907,4382,534,1137,188,25,98,508,383,35,730,24,78,40,65,83,108,49
128,37,33,3,11,0,0,1,3,1,0,3,0,3,0,0,0,0,0,1993,1993-08-28,4944,4415,537,1148,188,25,99,511,384,35,733,24,81,40,65,83,108,49
129,38,36,8,16,4,0,3,7,0,0,8,1,0,1,0,1,2,0,1993,1993-08-29,4982,4451,545,1164,192,25,102,518,384,35,741,25,81,41,65,84,110,49
130,31,31,2,4,1,0,1,1,0,0,6,0,0,0,0,0,0,0,1993,1993-08-31,5013,4482,547,1168,193,25,103,519,384,35,747,25,81,41,65,84,110,49
131,36,33,1,8,0,0,0,1,0,0,2,1,2,0,0,0,0,0,1993,1993-09-01,5049,4515,548,1176,193,25,103,520,384,35,749,26,83,41,65,84,110,49
132,38,36,4,11,2,1,0,3,1,0,1,0,1,0,1,1,0,0,1993,1993-09-02,5087,4551,552,1187,195,26,103,523,385,35,750,26,84,41,66,85,110,49
133,56,46,5,13,2,0,1,4,8,1,13,0,1,1,1,3,1,2,1993,1993-09-03,5143,4597,557,1200,197,26,104,527,393,36,763,26,85,42,67,88,111,51
134,45,40,9,13,0,1,3,9,5,0,4,0,0,0,1,1,3,0,1993,1993-09-04,5188,4637,566,1213,197,27,107,536,398,36,767,26,85,42,68,89,114,51
135,35,29,3,5,0,0,1,3,4,0,6,0,2,0,0,0,1,1,1993,1993-09-05,5223,4666,569,1218,197,27,108,539,402,36,773,26,87,42,68,89,115,52
136,37,30,2,6,2,0,0,2,6,0,5,0,1,0,0,1,0,0,1993,1993-09-06,5260,4696,571,1224,199,27,108,541,408,36,778,26,88,42,68,90,115,52
137,34,31,0,6,0,0,0,0,1,0,6,0,2,0,0,0,1,0,1993,1993-09-07,5294,4727,571,1230,199,27,108,541,409,36,784,26,90,42,68,90,116,52
138,36,36,2,10,1,0,1,2,0,0,4,0,0,0,0,1,0,0,1993,1993-09-08,5330,4763,573,1240,200,27,109,543,409,36,788,26,90,42,68,91,116,52
139,52,40,6,13,3,0,1,6,7,4,4,0,3,2,3,0,0,0,1993,1993-09-09,5382,4803,579,1253,203,27,110,549,416,40,792,26,93,44,71,91,116,52
140,32,31,1,6,2,0,0,1,1,0,4,0,0,0,0,1,0,1,1993,1993-09-10,5414,4834,580,1259,205,27,110,550,417,40,796,26,93,44,71,92,116,53
141,40,36,2,10,0,0,1,2,4,0,6,0,0,0,0,1,3,0,1993,1993-09-11,5454,4870,582,1269,205,27,111,552,421,40,802,26,93,44,71,93,119,53
142,32,27,1,6,1,0,0,1,4,0,3,0,1,0,0,1,0,0,1993,1993-09-12,5486,4897,583,1275,206,27,111,553,425,40,805,26,94,44,71,94,119,53
143,45,38,3,9,0,0,1,3,5,1,10,0,1,1,0,2,0,0,1993,1993-09-13,5531,4935,586,1284,206,27,112,556,430,41,815,26,95,45,71,96,119,53
144,34,30,5,6,2,0,2,4,1,0,7,0,2,1,0,0,1,1,1993,1993-09-14,5565,4965,591,1290,208,27,114,560,431,41,822,26,97,46,71,96,120,54
145,38,36,5,8,2,0,0,5,2,1,7,0,0,0,2,0,0,1,1993,1993-09-15,5603,5001,596,1298,210,27,114,565,433,42,829,26,97,46,73,96,120,55
146,38,37,3,10,2,0,2,2,1,1,5,0,0,0,1,0,0,0,1993,1993-09-17,5641,5038,599,1308,212,27,116,567,434,43,834,26,97,46,74,96,120,55
147,42,36,9,11,2,0,1,8,6,0,10,0,0,0,0,0,0,2,1993,1993-09-18,5683,5074,608,1319,214,27,117,575,440,43,844,26,97,46,74,96,120,57
148,37,34,5,7,2,0,1,5,3,1,7,0,0,0,1,1,0,0,1993,1993-09-19,5720,5108,613,1326,216,27,118,580,443,44,851,26,97,46,75,97,120,57
149,39,34,5,12,2,0,1,5,2,0,5,0,3,0,0,2,0,0,1993,1993-09-20,5759,5142,618,1338,218,27,119,585,445,44,856,26,100,46,75,99,120,57
150,47,41,5,9,2,0,0,5,5,1,7,0,0,1,1,0,2,0,1993,1993-09-21,5806,5183,623,1347,220,27,119,590,450,45,863,26,100,47,76,99,122,57
151,36,33,3,8,0,0,1,3,3,0,10,0,0,0,0,1,0,1,1993,1993-09-22,5842,5216,626,1355,220,27,120,593,453,45,873,26,100,47,76,100,122,58
152,36,33,2,7,2,0,0,2,3,0,6,0,0,0,0,1,0,0,1993,1993-09-23,5878,5249,628,1362,222,27,120,595,456,45,879,26,100,47,76,101,122,58
153,39,36,6,12,1,0,0,6,3,0,5,0,0,0,1,0,1,0,1993,1993-09-24,5917,5285,634,1374,223,27,120,601,459,45,884,26,100,47,77,101,123,58
154,36,35,4,9,3,0,3,4,1,1,8,0,0,0,0,1,1,0,1993,1993-09-25,5953,5320,638,1383,226,27,123,605,460,46,892,26,100,47,77,102,124,58
155,41,32,4,8,2,0,0,3,6,1,9,0,3,0,1,1,0,0,1993,1993-09-26,5994,5352,642,1391,228,27,123,608,466,47,901,26,103,47,78,103,124,58
156,36,34,3,8,0,0,1,2,2,0,5,0,0,0,0,0,0,0,1993,1993-09-27,6030,5386,645,1399,228,27,124,610,468,47,906,26,103,47,78,103,124,58
157,34,30,6,8,0,0,0,6,4,0,6,0,0,0,0,1,1,1,1993,1993-09-28,6064,5416,651,1407,228,27,124,616,472,47,912,26,103,47,78,104,125,59
158,38,36,1,10,2,0,0,1,2,0,2,0,0,0,0,0,0,0,1993,1993-09-29,6102,5452,652,1417,230,27,124,617,474,47,914,26,103,47,78,104,125,59
159,33,29,1,4,0,0,0,1,4,0,5,0,0,0,0,1,1,0,1993,1993-09-30,6135,5481,653,1421,230,27,124,618,478,47,919,26,103,47,78,105,126,59
160,43,41,7,13,1,0,2,7,2,0,8,0,0,0,1,0,0,0,1993,1993-10-01,6178,5522,660,1434,231,27,126,625,480,47,927,26,103,47,79,105,126,59
161,37,33,3,10,2,0,0,2,2,0,4,1,1,0,0,0,0,2,1993,1993-10-02,6215,5555,663,1444,233,27,126,627,482,47,931,27,104,47,79,105,126,61
162,46,33,12,14,1,1,4,12,10,1,6,0,3,0,0,0,0,0,1993,1993-10-03,6261,5588,675,1458,234,28,130,639,492,48,937,27,107,47,79,105,126,61
1,33,31,1,7,0,0,0,1,2,0,4,0,0,0,0,2,1,0,1992,1992-04-06,33,31,1,7,0,0,0,1,2,0,4,0,0,0,0,2,1,0
2,35,29,3,7,1,1,1,3,6,0,5,0,0,0,0,1,2,1,1992,1992-04-07,68,60,4,14,1,1,1,4,8,0,9,0,0,0,0,3,3,1
3,43,36,6,14,1,0,3,6,4,0,5,2,1,0,0,2,1,1,1992,1992-04-09,111,96,10,28,2,1,4,10,12,0,14,2,1,0,0,5,4,2
4,39,35,3,8,2,0,1,3,4,0,8,0,0,0,2,0,0,0,1992,1992-04-10,150,131,13,36,4,1,5,13,16,0,22,2,1,0,2,5,4,2
5,40,35,2,8,0,0,1,2,3,0,10,0,2,0,0,0,0,1,1992,1992-04-11,190,166,15,44,4,1,6,15,19,0,32,2,3,0,2,5,4,3
6,39,33,4,6,0,0,0,4,5,0,4,0,1,0,1,0,0,0,1992,1992-04-12,229,199,19,50,4,1,6,19,24,0,36,2,4,0,3,5,4,3
7,40,33,3,8,3,1,0,3,7,0,6,0,0,0,0,1,0,0,1992,1992-04-13,269,232,22,58,7,2,6,22,31,0,42,2,4,0,3,6,4,3
8,43,37,6,10,2,0,1,5,5,1,9,0,1,0,1,0,0,0,1992,1992-04-14,312,269,28,68,9,2,7,27,36,1,51,2,5,0,4,6,4,3
9,35,33,4,7,1,1,0,4,2,1,9,0,0,0,0,0,0,0,1992,1992-04-15,347,302,32,75,10,3,7,31,38,2,60,2,5,0,4,6,4,3
10,30,29,0,2,1,0,0,0,1,0,9,0,0,0,0,0,0,0,1992,1992-04-16,377,331,32,77,11,3,7,31,39,2,69,2,5,0,4,6,4,3
11,40,37,7,12,4,0,2,6,3,2,8,0,0,0,1,0,1,1,1992,1992-04-17,417,368,39,89,15,3,9,37,42,4,77,2,5,0,5,6,5,4
12,37,31,7,10,1,1,0,7,4,2,4,1,0,1,0,0,0,1,1992,1992-04-18,454,399,46,99,16,4,9,44,46,6,81,3,5,1,5,6,5,5
13,33,31,4,8,1,1,0,4,1,0,1,0,0,1,1,1,2,0,1992,1992-04-19,487,430,50,107,17,5,9,48,47,6,82,3,5,2,6,7,7,5
14,35,29,6,9,1,1,0,5,4,1,5,0,0,2,1,0,0,1,1992,1992-04-20,522,459,56,116,18,6,9,53,51,7,87,3,5,4,7,7,7,6
15,39,33,3,8,0,0,0,3,4,0,6,1,0,1,1,2,1,0,1992,1992-04-21,561,492,59,124,18,6,9,56,55,7,93,4,5,5,8,9,8,6
16,41,35,3,12,2,0,0,3,5,0,5,0,1,0,0,2,1,0,1992,1992-04-22,602,527,62,136,20,6,9,59,60,7,98,4,6,5,8,11,9,6
17,39,33,5,9,1,0,2,5,5,0,2,0,0,1,1,1,0,2,1992,1992-04-24,641,560,67,145,21,6,11,64,65,7,100,4,6,6,9,12,9,8
18,46,39,7,10,1,0,1,7,5,0,14,0,1,1,1,0,1,0,1992,1992-04-25,687,599,74,155,22,6,12,71,70,7,114,4,7,7,10,12,10,8
19,47,42,4,9,0,0,1,4,5,0,4,0,0,0,0,1,0,0,1992,1992-04-26,734,641,78,164,22,6,13,75,75,7,118,4,7,7,10,13,10,8
20,41,35,4,8,1,0,0,4,4,1,7,0,2,0,2,0,0,0,1992,1992-04-27,775,676,82,172,23,6,13,79,79,8,125,4,9,7,12,13,10,8
21,41,38,1,9,1,0,0,1,2,0,4,0,1,0,1,0,2,0,1992,1992-04-28,816,714,83,181,24,6,13,80,81,8,129,4,10,7,13,13,12,8
22,40,35,3,9,2,0,0,3,4,0,8,0,0,1,0,0,0,0,1992,1992-04-29,856,749,86,190,26,6,13,83,85,8,137,4,10,8,13,13,12,8
23,36,33,2,8,1,0,1,2,3,0,3,0,0,0,1,1,1,0,1992,1992-05-05,892,782,88,198,27,6,14,85,88,8,140,4,10,8,14,14,13,8
24,41,35,3,11,1,0,0,3,5,1,8,0,1,0,1,1,1,1,1992,1992-05-06,933,817,91,209,28,6,14,88,93,9,148,4,11,8,15,15,14,9
25,37,33,3,7,0,1,0,3,3,0,11,1,0,0,0,0,1,1,1992,1992-05-08,970,850,94,216,28,7,14,91,96,9,159,5,11,8,15,15,15,10
26,34,30,2,5,0,0,1,2,3,1,6,0,0,1,2,1,0,2,1992,1992-05-09,1004,880,96,221,28,7,15,93,99,10,165,5,11,9,17,16,15,12
27,34,31,0,5,1,0,0,0,2,0,9,0,1,0,0,0,0,0,1992,1992-05-10,1038,911,96,226,29,7,15,93,101,10,174,5,12,9,17,16,15,12
28,43,36,5,9,2,2,0,3,5,2,6,1,1,0,2,1,1,1,1992,1992-05-11,1081,947,101,235,31,9,15,96,106,12,180,6,13,9,19,17,16,13
29,36,33,2,8,1,0,1,2,2,0,6,1,0,0,0,2,0,0,1992,1992-05-12,1117,980,103,243,32,9,16,98,108,12,186,7,13,9,19,19,16,13
30,31,30,1,3,0,0,1,1,1,0,14,0,0,0,0,0,0,0,1992,1992-05-13,1148,1010,104,246,32,9,17,99,109,12,200,7,13,9,19,19,16,13
31,33,31,1,4,1,1,0,1,2,0,12,0,0,0,1,0,0,0,1992,1992-05-15,1181,1041,105,250,33,10,17,100,111,12,212,7,13,9,20,19,16,13
32,31,27,2,6,1,0,0,2,3,0,3,0,1,0,0,0,0,1,1992,1992-05-16,1212,1068,107,256,34,10,17,102,114,12,215,7,14,9,20,19,16,14
33,36,30,6,9,3,1,1,6,3,0,11,0,2,0,1,0,0,2,1992,1992-05-17,1248,1098,113,265,37,11,18,108,117,12,226,7,16,9,21,19,16,16
34,37,31,0,5,0,0,0,0,6,0,7,0,0,0,1,1,1,1,1992,1992-05-18,1285,1129,113,270,37,11,18,108,123,12,233,7,16,9,22,20,17,17
35,36,29,5,9,3,0,0,4,5,0,2,0,1,1,0,1,0,1,1992,1992-05-19,1321,1158,118,279,40,11,18,112,128,12,235,7,17,10,22,21,17,18
36,34,30,5,9,1,0,0,5,3,0,5,0,1,0,1,2,1,0,1992,1992-05-20,1355,1188,123,288,41,11,18,117,131,12,240,7,18,10,23,23,18,18
37,38,33,4,9,4,0,1,4,5,0,1,0,0,0,0,2,1,0,1992,1992-05-22,1393,1221,127,297,45,11,19,121,136,12,241,7,18,10,23,25,19,18
38,36,33,5,10,0,0,1,5,2,0,4,0,1,0,0,1,1,0,1992,1992-05-23,1429,1254,132,307,45,11,20,126,138,12,245,7,19,10,23,26,20,18
39,29,27,4,5,0,0,1,3,1,0,3,0,0,1,0,0,0,1,1992,1992-05-24,1458,1281,136,312,45,11,21,129,139,12,248,7,19,11,23,26,20,19
40,40,36,5,9,0,1,0,5,3,1,3,0,1,0,0,0,0,0,1992,1992-05-25,1498,1317,141,321,45,12,21,134,142,13,251,7,20,11,23,26,20,19
41,37,33,5,9,2,0,3,5,1,0,4,2,0,1,0,1,0,1,1992,1992-05-26,1535,1350,146,330,47,12,24,139,143,13,255,9,20,12,23,27,20,20
42,42,39,9,12,2,0,2,9,2,0,5,0,1,0,1,0,1,1,1992,1992-05-27,1577,1389,155,342,49,12,26,148,145,13,260,9,21,12,24,27,21,21
43,36,30,1,5,1,0,0,1,5,0,7,0,0,1,0,0,0,1,1992,1992-05-29,1613,1419,156,347,50,12,26,149,150,13,267,9,21,13,24,27,21,22
44,38,36,3,12,3,0,2,3,0,0,4,0,2,0,0,0,0,0,1992,1992-05-30,1651,1455,159,359,53,12,28,152,150,13,271,9,23,13,24,27,21,22
45,42,32,6,9,1,0,1,5,6,0,3,0,2,2,3,2,1,2,1992,1992-05-31,1693,1487,165,368,54,12,29,157,156,13,274,9,25,15,27,29,22,24
46,41,36,8,13,3,0,1,7,5,0,12,0,0,0,0,0,1,3,1992,1992-06-01,1734,1523,173,381,57,12,30,164,161,13,286,9,25,15,27,29,23,27
47,32,30,0,6,1,0,0,0,1,1,4,0,1,0,1,3,0,0,1992,1992-06-02,1766,1553,173,387,58,12,30,164,162,14,290,9,26,15,28,32,23,27
48,39,34,5,9,1,0,1,4,5,0,3,0,0,0,0,1,0,1,1992,1992-06-03,1805,1587,178,396,59,12,31,168,167,14,293,9,26,15,28,33,23,28
49,39,34,7,11,3,2,0,7,4,1,1,0,0,1,0,0,1,0,1992,1992-06-04,1844,1621,185,407,62,14,31,175,171,15,294,9,26,16,28,33,24,28
50,40,36,2,9,2,0,0,2,4,0,11,0,0,0,1,0,1,0,1992,1992-06-05,1884,1657,187,416,64,14,31,177,175,15,305,9,26,16,29,33,25,28
51,39,36,4,10,0,0,1,4,2,0,7,0,1,0,0,0,0,0,1992,1992-06-06,1923,1693,191,426,64,14,32,181,177,15,312,9,27,16,29,33,25,28
52,30,27,1,3,0,0,0,1,2,0,5,0,1,0,1,0,1,0,1992,1992-06-07,1953,1720,192,429,64,14,32,182,179,15,317,9,28,16,30,33,26,28
53,36,34,2,8,1,0,1,1,2,0,5,0,0,0,1,1,0,1,1992,1992-06-08,1989,1754,194,437,65,14,33,183,181,15,322,9,28,16,31,34,26,29
54,31,28,3,6,0,0,1,2,2,0,4,0,1,0,1,1,1,0,1992,1992-06-09,2020,1782,197,443,65,14,34,185,183,15,326,9,29,16,32,35,27,29
55,37,33,1,6,0,0,1,1,4,0,8,0,0,0,2,0,2,2,1992,1992-06-10,2057,1815,198,449,65,14,35,186,187,15,334,9,29,16,34,35,29,31
56,39,35,3,9,0,0,0,2,4,1,3,0,0,0,0,0,4,0,1992,1992-06-12,2096,1850,201,458,65,14,35,188,191,16,337,9,29,16,34,35,33,31
57,33,29,1,4,0,0,1,1,4,0,6,0,0,0,0,1,0,0,1992,1992-06-13,2129,1879,202,462,65,14,36,189,195,16,343,9,29,16,34,36,33,31
58,36,35,1,10,2,0,0,1,0,0,9,0,1,0,0,0,0,1,1992,1992-06-14,2165,1914,203,472,67,14,36,190,195,16,352,9,30,16,34,36,33,32
59,33,31,0,5,1,0,0,0,1,0,3,0,1,0,0,0,0,0,1992,1992-06-15,2198,1945,203,477,68,14,36,190,196,16,355,9,31,16,34,36,33,32
60,42,34,8,10,3,1,1,8,6,0,8,0,0,2,0,1,0,0,1992,1992-06-16,2240,1979,211,487,71,15,37,198,202,16,363,9,31,18,34,37,33,32
61,33,28,3,5,1,0,0,3,3,0,2,0,1,1,0,0,0,2,1992,1992-06-17,2273,2007,214,492,72,15,37,201,205,16,365,9,32,19,34,37,33,34
62,46,41,1,8,2,1,0,1,4,0,5,0,1,0,0,2,1,0,1992,1992-06-19,2319,2048,215,500,74,16,37,202,209,16,370,9,33,19,34,39,34,34
63,31,31,0,7,0,0,0,0,0,0,5,0,0,0,0,0,0,0,1992,1992-06-20,2350,2079,215,507,74,16,37,202,209,16,375,9,33,19,34,39,34,34
64,35,32,0,7,1,0,0,0,2,0,7,0,1,0,0,0,1,1,1992,1992-06-21,2385,2111,215,514,75,16,37,202,211,16,382,9,34,19,34,39,35,35
65,42,35,4,11,3,0,0,4,4,2,8,0,3,0,0,1,2,0,1992,1992-06-22,2427,2146,219,525,78,16,37,206,215,18,390,9,37,19,34,40,37,35
66,39,35,4,10,2,0,0,3,4,0,4,0,0,0,0,1,1,1,1992,1992-06-23,2466,2181,223,535,80,16,37,209,219,18,394,9,37,19,34,41,38,36
67,41,38,8,14,4,1,0,7,0,0,6,3,0,0,0,0,2,0,1992,1992-06-25,2507,2219,231,549,84,17,37,216,219,18,400,12,37,19,34,41,40,36
68,41,33,6,9,3,0,0,3,7,1,4,0,1,0,0,0,1,0,1992,1992-06-26,2548,2252,237,558,87,17,37,219,226,19,404,12,38,19,34,41,41,36
69,31,29,1,3,2,0,0,1,2,0,2,0,0,0,0,1,0,0,1992,1992-06-27,2579,2281,238,561,89,17,37,220,228,19,406,12,38,19,34,42,41,36
70,39,32,8,10,2,1,0,8,4,0,6,0,1,2,0,0,2,0,1992,1992-06-28,2618,2313,246,571,91,18,37,228,232,19,412,12,39,21,34,42,43,36
71,47,37,6,9,1,0,0,6,7,2,4,0,2,1,0,1,2,0,1992,1992-06-29,2665,2350,252,580,92,18,37,234,239,21,416,12,41,22,34,43,45,36
72,42,37,1,10,2,0,0,1,5,1,6,0,0,0,1,0,6,0,1992,1992-06-30,2707,2387,253,590,94,18,37,235,244,22,422,12,41,22,35,43,51,36
73,36,34,2,7,0,0,1,2,2,0,10,0,0,0,1,1,0,0,1992,1992-07-01,2743,2421,255,597,94,18,38,237,246,22,432,12,41,22,36,44,51,36
74,39,35,9,11,2,2,0,9,3,0,7,0,1,0,0,0,1,0,1992,1992-07-02,2782,2456,264,608,96,20,38,246,249,22,439,12,42,22,36,44,52,36
75,33,31,5,7,0,0,0,3,1,0,5,0,0,1,1,0,0,0,1992,,2815,2487,269,615,96,20,38,249,250,22,444,12,42,23,37,44,52,36
76,29,25,2,5,1,0,0,2,1,0,2,0,2,1,0,2,1,0,1992,,2844,2512,271,620,97,20,38,251,251,22,446,12,44,24,37,46,53,36
77,33,31,2,7,0,0,1,2,1,0,3,0,1,0,0,2,0,0,1992,1992-07-04,2877,2543,273,627,97,20,39,253,252,22,449,12,45,24,37,48,53,36
78,33,32,3,3,1,0,1,3,1,0,1,0,0,0,2,0,0,0,1992,1992-07-05,2910,2575,276,630,98,20,40,256,253,22,450,12,45,24,39,48,53,36
79,41,36,8,14,3,0,0,4,3,0,4,1,1,0,2,1,1,0,1992,,2951,2611,284,644,101,20,40,260,256,22,454,13,46,24,41,49,54,36
80,39,31,4,6,1,0,0,4,7,0,4,0,1,0,1,0,5,0,1992,,2990,2642,288,650,102,20,40,264,263,22,458,13,47,24,42,49,59,36
81,38,34,1,8,1,0,0,1,3,0,5,0,1,0,0,0,3,0,1992,,3028,2676,289,658,103,20,40,265,266,22,463,13,48,24,42,49,62,36
82,34,33,0,6,0,0,0,0,1,0,4,0,0,0,1,0,2,1,1992,,3062,2709,289,664,103,20,40,265,267,22,467,13,48,24,43,49,64,37
83,45,39,1,12,2,0,0,1,6,1,1,0,0,0,1,2,2,3,1992,,3107,2748,290,676,105,20,40,266,273,23,468,13,48,24,44,51,66,40
84,34,32,1,8,2,0,0,1,1,0,5,0,1,0,0,1,2,0,1992,,3141,2780,291,684,107,20,40,267,274,23,473,13,49,24,44,52,68,40
85,32,32,2,11,1,0,0,1,0,0,2,0,0,0,0,2,0,1,1992,1992-07-09,3173,2812,293,695,108,20,40,268,274,23,475,13,49,24,44,54,68,41
86,36,34,1,7,1,0,0,0,1,0,12,1,0,0,1,0,0,0,1992,1992-07-10,3209,2846,294,702,109,20,40,268,275,23,487,14,49,24,45,54,68,41
87,36,33,1,7,0,0,0,1,3,0,4,0,0,0,2,2,2,1,1992,1992-07-11,3245,2879,295,709,109,20,40,269,278,23,491,14,49,24,47,56,70,42
88,41,34,9,13,3,1,0,9,5,0,7,0,0,2,0,0,1,0,1992,1992-07-12,3286,2913,304,722,112,21,40,278,283,23,498,14,49,26,47,56,71,42
89,41,39,7,13,4,0,1,7,2,0,7,0,0,0,0,0,0,0,1992,1992-07-16,3327,2952,311,735,116,21,41,285,285,23,505,14,49,26,47,56,71,42
90,37,31,3,6,0,0,0,3,4,0,4,0,2,0,1,1,0,0,1992,1992-07-17,3364,2983,314,741,116,21,41,288,289,23,509,14,51,26,48,57,71,42
91,39,34,3,10,1,0,2,3,5,0,6,0,0,0,0,2,0,1,1992,1992-07-18,3403,3017,317,751,117,21,43,291,294,23,515,14,51,26,48,59,71,43
92,40,33,5,9,2,1,0,3,6,0,2,0,0,1,2,2,2,0,1992,1992-07-19,3443,3050,322,760,119,22,43,294,300,23,517,14,51,27,50,61,73,43
93,41,37,9,11,1,2,0,8,2,1,8,0,2,0,1,0,3,0,1992,1992-07-20,3484,3087,331,771,120,24,43,302,302,24,525,14,53,27,51,61,76,43
94,39,34,2,11,3,0,0,2,3,1,4,1,1,0,0,1,1,0,1992,1992-07-21,3523,3121,333,782,123,24,43,304,305,25,529,15,54,27,51,62,77,43
95,40,34,5,10,2,1,1,5,6,2,10,0,0,0,0,2,0,1,1992,1992-07-22,3563,3155,338,792,125,25,44,309,311,27,539,15,54,27,51,64,77,44
96,33,33,3,6,0,0,1,3,0,0,5,0,0,0,0,0,3,0,1992,1992-07-24,3596,3188,341,798,125,25,45,312,311,27,544,15,54,27,51,64,80,44
97,34,30,1,4,0,0,1,1,3,0,8,0,1,0,1,0,5,1,1992,1992-07-25,3630,3218,342,802,125,25,46,313,314,27,552,15,55,27,52,64,85,45
98,35,32,3,8,1,0,1,3,1,0,4,0,1,1,0,0,3,0,1992,1992-07-26,3665,3250,345,810,126,25,47,316,315,27,556,15,56,28,52,64,88,45
99,32,29,1,3,1,1,0,0,3,0,3,0,0,0,0,1,0,0,1992,1992-07-27,3697,3279,346,813,127,26,47,316,318,27,559,15,56,28,52,65,88,45
100,36,35,3,11,0,0,1,3,0,0,7,0,1,0,0,0,0,1,1992,1992-07-28,3733,3314,349,824,127,26,48,319,318,27,566,15,57,28,52,65,88,46
101,39,34,6,9,0,0,2,6,4,1,7,0,0,1,0,0,0,0,1992,1992-07-29,3772,3348,355,833,127,26,50,325,322,28,573,15,57,29,52,65,88,46
102,42,35,6,8,1,0,0,5,6,1,5,0,0,1,0,0,3,1,1992,1992-07-30,3814,3383,361,841,128,26,50,330,328,29,578,15,57,30,52,65,91,47
103,37,35,3,10,0,0,0,3,2,0,5,0,0,0,0,0,1,1,1992,1992-07-31,3851,3418,364,851,128,26,50,333,330,29,583,15,57,30,52,65,92,48
104,41,34,7,13,1,0,0,6,3,0,5,1,2,1,1,1,0,0,1992,1992-08-01,3892,3452,371,864,129,26,50,339,333,29,588,16,59,31,53,66,92,48
105,33,30,4,8,3,0,0,4,3,0,6,0,0,0,0,1,0,1,1992,1992-08-02,3925,3482,375,872,132,26,50,343,336,29,594,16,59,31,53,67,92,49
106,35,30,7,7,2,0,1,4,4,0,4,0,1,0,1,1,2,0,1992,1992-08-04,3960,3512,382,879,134,26,51,347,340,29,598,16,60,31,54,68,94,49
107,37,33,6,7,0,1,1,6,4,0,1,0,0,0,2,0,1,2,1992,1992-08-05,3997,3545,388,886,134,27,52,353,344,29,599,16,60,31,56,68,95,51
108,33,32,2,6,2,0,0,2,1,0,6,0,0,0,0,1,1,0,1992,1992-08-07,4030,3577,390,892,136,27,52,355,345,29,605,16,60,31,56,69,96,51
109,37,35,2,9,3,0,0,2,2,0,3,0,0,0,0,0,1,0,1992,1992-08-08,4067,3612,392,901,139,27,52,357,347,29,608,16,60,31,56,69,97,51
110,35,33,3,7,1,0,0,3,2,0,4,0,0,0,0,0,0,1,1992,1992-08-09,4102,3645,395,908,140,27,52,360,349,29,612,16,60,31,56,69,97,52
111,42,38,5,15,3,0,0,5,2,0,5,0,1,1,1,1,0,2,1992,1992-08-10,4144,3683,400,923,143,27,52,365,351,29,617,16,61,32,57,70,97,54
112,46,39,8,15,4,1,1,8,5,0,6,1,1,0,0,0,2,0,1992,1992-08-11,4190,3722,408,938,147,28,53,373,356,29,623,17,62,32,57,70,99,54
113,32,28,2,6,0,0,0,1,2,0,4,0,2,0,0,1,0,1,1992,1992-08-12,4222,3750,410,944,147,28,53,374,358,29,627,17,64,32,57,71,99,55
114,33,27,4,4,2,0,1,3,4,0,7,0,2,0,1,1,1,0,1992,1992-08-13,4255,3777,414,948,149,28,54,377,362,29,634,17,66,32,58,72,100,55
115,39,35,2,10,2,1,0,2,4,0,6,0,0,0,0,1,0,1,1992,1992-08-14,4294,3812,416,958,151,29,54,379,366,29,640,17,66,32,58,73,100,56
116,37,31,1,7,0,0,0,1,4,1,5,0,1,1,0,1,1,0,1992,1992-08-15,4331,3843,417,965,151,29,54,380,370,30,645,17,67,33,58,74,101,56
117,35,29,1,5,0,0,0,1,4,0,6,0,1,1,0,1,2,0,1992,1992-08-16,4366,3872,418,970,151,29,54,381,374,30,651,17,68,34,58,75,103,56
118,32,28,2,8,1,0,1,2,3,0,4,1,0,0,0,2,0,1,1992,1992-08-17,4398,3900,420,978,152,29,55,383,377,30,655,18,68,34,58,77,103,57
119,34,32,4,9,1,1,0,4,1,0,5,1,0,0,0,0,6,1,1992,1992-08-18,4432,3932,424,987,153,30,55,387,378,30,660,19,68,34,58,77,109,58
120,30,27,2,7,0,0,1,2,2,0,4,0,1,0,0,0,2,3,1992,1992-08-19,4462,3959,426,994,153,30,56,389,380,30,664,19,69,34,58,77,111,61
121,39,33,4,8,1,0,1,4,5,0,3,0,1,0,0,0,1,1,1992,1992-08-20,4501,3992,430,1002,154,30,57,393,385,30,667,19,70,34,58,77,112,62
122,52,47,2,12,2,0,0,2,4,0,8,0,1,0,0,0,2,0,1992,1992-08-21,4553,4039,432,1014,156,30,57,395,389,30,675,19,71,34,58,77,114,62
123,33,32,4,7,0,0,2,4,1,0,2,0,0,0,0,0,0,1,1992,1992-08-22,4586,4071,436,1021,156,30,59,399,390,30,677,19,71,34,58,77,114,63
124,35,32,2,8,1,0,0,2,2,0,8,0,1,0,0,0,0,0,1992,1992-08-23,4621,4103,438,1029,157,30,59,401,392,30,685,19,72,34,58,77,114,63
125,34,31,5,9,3,0,0,5,2,1,3,0,1,0,1,1,4,1,1992,1992-08-24,4655,4134,443,1038,160,30,59,406,394,31,688,19,73,34,59,78,118,64
126,40,35,3,9,0,0,0,3,5,0,4,0,0,0,1,1,0,0,1992,1992-08-25,4695,4169,446,1047,160,30,59,409,399,31,692,19,73,34,60,79,118,64
127,32,30,0,6,0,0,0,0,2,0,3,0,0,0,0,0,1,1,1992,1992-08-26,4727,4199,446,1053,160,30,59,409,401,31,695,19,73,34,60,79,119,65
128,31,30,0,3,0,0,0,0,1,0,9,0,0,0,0,0,1,0,1992,1992-08-28,4758,4229,446,1056,160,30,59,409,402,31,704,19,73,34,60,79,120,65
129,37,31,2,8,0,0,1,2,6,0,10,0,0,0,0,2,0,1,1992,1992-08-29,4795,4260,448,1064,160,30,60,411,408,31,714,19,73,34,60,81,120,66
130,33,30,0,6,1,0,0,0,1,0,2,0,2,0,0,1,0,0,1992,1992-08-30,4828,4290,448,1070,161,30,60,411,409,31,716,19,75,34,60,82,120,66
131,34,32,0,5,0,0,0,0,1,0,6,0,1,0,1,0,0,0,1992,1992-08-31,4862,4322,448,1075,161,30,60,411,410,31,722,19,76,34,61,82,120,66
132,63,51,5,16,1,0,1,5,9,0,8,1,1,1,0,1,3,0,1992,1992-09-01,4925,4373,453,1091,162,30,61,416,419,31,730,20,77,35,61,83,123,66
133,30,27,1,3,0,0,1,1,3,0,2,0,0,0,0,3,0,0,1992,1992-09-02,4955,4400,454,1094,162,30,62,417,422,31,732,20,77,35,61,86,123,66
134,36,33,5,7,0,0,1,5,3,0,7,0,0,0,0,1,1,0,1992,1992-09-04,4991,4433,459,1101,162,30,63,422,425,31,739,20,77,35,61,87,124,66
135,31,30,1,6,3,0,0,1,1,0,3,0,0,0,0,3,0,0,1992,1992-09-05,5022,4463,460,1107,165,30,63,423,426,31,742,20,77,35,61,90,124,66
136,44,37,7,13,4,0,0,7,5,2,2,0,2,0,0,2,1,0,1992,1992-09-06,5066,4500,467,1120,169,30,63,430,431,33,744,20,79,35,61,92,125,66
137,37,31,1,5,1,0,0,1,6,0,9,0,0,0,0,0,2,0,1992,1992-09-07,5103,4531,468,1125,170,30,63,431,437,33,753,20,79,35,61,92,127,66
138,42,38,5,13,0,0,0,4,2,0,6,0,2,0,0,0,2,0,1992,1992-09-08,5145,4569,473,1138,170,30,63,435,439,33,759,20,81,35,61,92,129,66
139,33,28,4,8,2,0,0,4,3,0,4,0,2,0,0,0,1,1,1992,1992-09-09,5178,4597,477,1146,172,30,63,439,442,33,763,20,83,35,61,92,130,67
140,31,31,1,6,1,0,1,1,0,0,3,0,0,0,0,1,0,1,1992,1992-09-10,5209,4628,478,1152,173,30,64,440,442,33,766,20,83,35,61,93,130,68
141,36,33,3,8,1,1,1,2,2,0,3,0,0,1,0,1,0,0,1992,1992-09-11,5245,4661,481,1160,174,31,65,442,444,33,769,20,83,36,61,94,130,68
142,40,34,7,13,1,1,1,5,3,0,3,0,2,1,1,0,1,1,1992,1992-09-12,5285,4695,488,1173,175,32,66,447,447,33,772,20,85,37,62,94,131,69
143,37,33,3,8,0,0,1,3,2,0,10,0,2,0,1,1,1,0,1992,1992-09-13,5322,4728,491,1181,175,32,67,450,449,33,782,20,87,37,63,95,132,69
144,45,39,5,12,1,0,1,5,2,0,5,0,4,0,0,0,1,1,1992,1992-09-14,5367,4767,496,1193,176,32,68,455,451,33,787,20,91,37,63,95,133,70
145,42,39,6,14,2,0,0,5,2,0,4,0,0,1,0,1,1,1,1992,1992-09-15,5409,4806,502,1207,178,32,68,460,453,33,791,20,91,38,63,96,134,71
146,33,31,1,5,1,0,0,1,2,0,5,0,0,0,0,0,2,0,1992,1992-09-16,5442,4837,503,1212,179,32,68,461,455,33,796,20,91,38,63,96,136,71
147,47,38,11,11,2,0,1,10,7,0,7,1,0,1,1,0,0,0,1992,1992-09-18,5489,4875,514,1223,181,32,69,471,462,33,803,21,91,39,64,96,136,71
148,33,32,0,5,2,0,0,0,1,0,5,0,0,0,0,0,0,0,1992,1992-09-19,5522,4907,514,1228,183,32,69,471,463,33,808,21,91,39,64,96,136,71
149,32,31,2,6,1,0,1,2,1,0,4,0,0,0,0,0,0,0,1992,1992-09-20,5554,4938,516,1234,184,32,70,473,464,33,812,21,91,39,64,96,136,71
150,37,33,2,6,0,1,0,2,4,0,3,0,0,0,0,0,1,0,1992,1992-09-21,5591,4971,518,1240,184,33,70,475,468,33,815,21,91,39,64,96,137,71
151,34,30,4,7,1,0,1,4,3,0,3,0,1,0,1,1,1,0,1992,1992-09-22,5625,5001,522,1247,185,33,71,479,471,33,818,21,92,39,65,97,138,71
152,31,29,0,5,1,0,0,0,2,0,4,0,0,0,0,2,0,1,1992,1992-09-23,5656,5030,522,1252,186,33,71,479,473,33,822,21,92,39,65,99,138,72
153,39,32,4,9,2,0,0,3,5,1,6,1,1,0,0,2,0,1,1992,1992-09-24,5695,5062,526,1261,188,33,71,482,478,34,828,22,93,39,65,101,138,73
154,40,31,3,7,0,0,0,2,8,1,7,0,1,0,1,2,0,2,1992,1992-09-25,5735,5093,529,1268,188,33,71,484,486,35,835,22,94,39,66,103,138,75
155,39,31,4,8,1,0,0,2,4,0,5,0,4,0,1,0,0,0,1992,1992-09-26,5774,5124,533,1276,189,33,71,486,490,35,840,22,98,39,67,103,138,75
156,42,39,2,14,2,0,0,2,0,0,7,1,2,0,1,1,0,0,1992,1992-09-27,5816,5163,535,1290,191,33,71,488,490,35,847,23,100,39,68,104,138,75
157,37,32,5,10,2,0,0,3,3,0,3,0,1,1,0,3,1,0,1992,1992-09-29,5853,5195,540,1300,193,33,71,491,493,35,850,23,101,40,68,107,139,75
158,35,30,1,5,0,0,0,1,5,0,9,0,0,0,0,1,0,1,1992,1992-09-30,5888,5225,541,1305,193,33,71,492,498,35,859,23,101,40,68,108,139,76
159,36,34,4,8,4,0,0,4,2,1,7,0,0,0,0,1,0,0,1992,1992-10-01,5924,5259,545,1313,197,33,71,496,500,36,866,23,101,40,68,109,139,76
160,34,31,1,5,1,0,0,1,3,0,11,0,0,0,0,1,0,0,1992,1992-10-02,5958,5290,546,1318,198,33,71,497,503,36,877,23,101,40,68,110,139,76
161,48,47,2,10,2,0,1,2,0,0,8,0,1,0,1,1,3,1,1992,1992-10-03,6006,5337,548,1328,200,33,72,499,503,36,885,23,102,40,69,111,142,77
162,32,31,0,5,1,1,0,0,0,0,14,1,0,0,0,0,0,1,1992,1992-10-04,6038,5368,548,1333,201,34,72,499,503,36,899,24,102,40,69,111,142,78
1,38,34,6,10,3,0,0,6,3,0,3,0,1,0,0,1,0,0,1991,1991-04-10,38,34,6,10,3,0,0,6,3,0,3,0,1,0,0,1,0,0
2,37,33,4,9,2,0,0,4,0,0,8,1,2,1,0,0,0,1,1991,1991-04-11,75,67,10,19,5,0,0,10,3,0,11,1,3,1,0,1,0,1
3,36,35,2,8,1,0,0,2,1,0,4,0,0,0,0,0,1,0,1991,1991-04-12,111,102,12,27,6,0,0,12,4,0,15,1,3,1,0,1,1,1
4,39,35,3,9,0,0,0,3,3,0,3,0,0,1,0,0,2,0,1991,1991-04-13,150,137,15,36,6,0,0,15,7,0,18,1,3,2,0,1,3,1
5,32,32,3,5,0,0,1,3,0,0,6,0,0,0,1,1,1,0,1991,1991-04-14,182,169,18,41,6,0,1,18,7,0,24,1,3,2,1,2,4,1
6,33,29,2,5,0,0,0,2,4,0,3,0,0,0,0,1,0,2,1991,1991-04-15,215,198,20,46,6,0,1,20,11,0,27,1,3,2,1,3,4,3
7,37,34,6,8,1,0,0,5,1,0,4,1,1,0,1,1,0,0,1991,1991-04-16,252,232,26,54,7,0,1,25,12,0,31,2,4,2,2,4,4,3
8,41,34,6,11,4,0,0,6,5,1,2,1,0,1,0,2,0,0,1991,1991-04-17,293,266,32,65,11,0,1,31,17,1,33,3,4,3,2,6,4,3
9,42,39,5,13,2,1,1,4,2,0,6,0,0,1,1,1,1,0,1991,1991-04-18,335,305,37,78,13,1,2,35,19,1,39,3,4,4,3,7,5,3
10,34,33,4,8,0,1,2,4,0,0,2,0,0,1,1,2,0,0,1991,1991-04-19,369,338,41,86,13,2,4,39,19,1,41,3,4,5,4,9,5,3
11,36,32,3,8,1,0,1,3,3,0,10,0,1,0,0,1,0,0,1991,1991-04-20,405,370,44,94,14,2,5,42,22,1,51,3,5,5,4,10,5,3
12,45,40,6,15,2,1,1,5,5,0,11,0,0,0,0,1,1,0,1991,1991-04-21,450,410,50,109,16,3,6,47,27,1,62,3,5,5,4,11,6,3
13,31,29,1,4,0,0,1,1,2,0,6,0,0,0,0,2,0,0,1991,1991-04-22,481,439,51,113,16,3,7,48,29,1,68,3,5,5,4,13,6,3
14,29,29,0,4,0,0,0,0,0,0,10,0,0,0,0,1,0,1,1991,1991-04-23,510,468,51,117,16,3,7,48,29,1,78,3,5,5,4,14,6,4
15,35,31,8,8,0,0,1,8,4,1,3,0,0,0,1,1,1,0,1991,1991-04-24,545,499,59,125,16,3,8,56,33,2,81,3,5,5,5,15,7,4
16,36,29,7,8,1,0,2,7,5,2,2,0,2,0,0,0,1,1,1991,1991-04-25,581,528,66,133,17,3,10,63,38,4,83,3,7,5,5,15,8,5
17,40,34,9,11,3,0,0,8,5,0,8,0,0,1,1,1,0,0,1991,1991-04-26,621,562,75,144,20,3,10,71,43,4,91,3,7,6,6,16,8,5
18,38,34,3,8,2,0,0,2,4,0,2,0,0,0,1,0,0,0,1991,1991-04-27,659,596,78,152,22,3,10,73,47,4,93,3,7,6,7,16,8,5
19,41,33,7,9,2,0,1,5,6,0,8,0,1,1,3,0,1,1,1991,1991-04-28,700,629,85,161,24,3,11,78,53,4,101,3,8,7,10,16,9,6
20,33,32,0,4,0,0,0,0,1,0,7,0,0,0,1,0,2,0,1991,1991-04-30,733,661,85,165,24,3,11,78,54,4,108,3,8,7,11,16,11,6
21,39,35,3,9,2,1,1,3,4,0,10,0,0,0,0,0,0,0,1991,1991-05-01,772,696,88,174,26,4,12,81,58,4,118,3,8,7,11,16,11,6
22,44,40,7,13,1,0,1,6,3,0,6,0,0,1,1,0,0,0,1991,1991-05-03,816,736,95,187,27,4,13,87,61,4,124,3,8,8,12,16,11,6
23,36,34,3,7,0,0,1,2,0,0,5,1,1,0,1,0,0,0,1991,1991-05-04,852,770,98,194,27,4,14,89,61,4,129,4,9,8,13,16,11,6
24,40,39,3,12,0,0,0,3,1,0,9,0,0,0,1,0,4,0,1991,1991-05-05,892,809,101,206,27,4,14,92,62,4,138,4,9,8,14,16,15,6
25,39,38,5,11,1,1,2,5,1,0,7,0,0,0,1,0,0,1,1991,1991-05-07,931,847,106,217,28,5,16,97,63,4,145,4,9,8,15,16,15,7
26,33,31,3,9,1,0,0,3,1,0,7,0,1,0,0,2,3,2,1991,1991-05-08,964,878,109,226,29,5,16,100,64,4,152,4,10,8,15,18,18,9
27,39,31,3,9,1,0,1,2,8,1,4,0,0,0,0,1,0,0,1991,1991-05-10,1003,909,112,235,30,5,17,102,72,5,156,4,10,8,15,19,18,9
28,37,33,3,9,2,0,0,2,3,1,8,0,1,0,1,0,4,0,1991,1991-05-11,1040,942,115,244,32,5,17,104,75,6,164,4,11,8,16,19,22,9
29,39,30,3,4,1,0,0,3,9,0,9,0,0,0,0,1,1,0,1991,1991-05-12,1079,972,118,248,33,5,17,107,84,6,173,4,11,8,16,20,23,9
30,34,30,8,8,2,0,2,7,4,1,4,0,0,0,0,1,1,0,1991,1991-05-13,1113,1002,126,256,35,5,19,114,88,7,177,4,11,8,16,21,24,9
31,37,30,6,11,0,0,0,4,6,0,6,0,1,0,0,2,1,1,1991,1991-05-14,1150,1032,132,267,35,5,19,118,94,7,183,4,12,8,16,23,25,10
32,33,27,4,7,0,0,0,3,4,0,3,0,2,0,0,1,2,0,1991,1991-05-15,1183,1059,136,274,35,5,19,121,98,7,186,4,14,8,16,24,27,10
33,34,32,2,6,1,0,1,2,1,0,6,0,1,0,1,0,0,1,1991,1991-05-17,1217,1091,138,280,36,5,20,123,99,7,192,4,15,8,17,24,27,11
34,37,32,4,5,1,0,0,2,5,0,9,0,0,0,4,0,2,0,1991,1991-05-18,1254,1123,142,285,37,5,20,125,104,7,201,4,15,8,21,24,29,11
35,38,28,7,5,0,0,1,6,7,1,6,0,0,3,2,0,1,0,1991,1991-05-19,1292,1151,149,290,37,5,21,131,111,8,207,4,15,11,23,24,30,11
36,35,30,1,4,0,0,0,1,4,0,6,1,0,0,0,0,1,1,1991,1991-05-20,1327,1181,150,294,37,5,21,132,115,8,213,5,15,11,23,24,31,12
37,40,36,7,11,1,0,4,7,4,0,8,0,0,0,0,0,2,2,1991,1991-05-21,1367,1217,157,305,38,5,25,139,119,8,221,5,15,11,23,24,33,14
38,34,30,2,3,1,0,1,2,4,0,6,0,0,0,0,0,1,0,1991,1991-05-22,1401,1247,159,308,39,5,26,141,123,8,227,5,15,11,23,24,34,14
39,40,34,2,7,2,0,0,2,6,2,10,0,0,0,0,0,0,0,1991,1991-05-23,1441,1281,161,315,41,5,26,143,129,10,237,5,15,11,23,24,34,14
40,47,39,11,13,3,0,0,10,6,0,10,1,0,1,0,0,1,0,1991,1991-05-24,1488,1320,172,328,44,5,26,153,135,10,247,6,15,12,23,24,35,14
41,41,35,8,11,0,1,0,8,6,0,3,0,0,0,0,3,0,0,1991,1991-05-25,1529,1355,180,339,44,6,26,161,141,10,250,6,15,12,23,27,35,14
42,31,30,0,4,1,0,0,0,1,0,4,0,0,0,0,1,0,0,1991,1991-05-26,1560,1385,180,343,45,6,26,161,142,10,254,6,15,12,23,28,35,14
43,37,30,4,9,3,0,0,4,5,1,8,0,1,1,0,1,1,0,1991,1991-05-27,1597,1415,184,352,48,6,26,165,147,11,262,6,16,13,23,29,36,14
44,40,32,8,9,3,0,2,8,8,3,3,0,0,0,0,1,1,0,1991,1991-05-28,1637,1447,192,361,51,6,28,173,155,14,265,6,16,13,23,30,37,14
45,39,32,2,5,0,0,0,2,6,0,9,0,0,1,1,0,2,0,1991,1991-05-29,1676,1479,194,366,51,6,28,175,161,14,274,6,16,14,24,30,39,14
46,38,30,2,4,0,0,1,1,7,0,4,1,0,0,0,1,2,0,1991,1991-05-30,1714,1509,196,370,51,6,29,176,168,14,278,7,16,14,24,31,41,14
47,37,33,7,8,2,0,1,7,4,0,6,0,0,0,1,0,0,0,1991,1991-05-31,1751,1542,203,378,53,6,30,183,172,14,284,7,16,14,25,31,41,14
48,39,32,5,5,3,0,0,5,4,0,12,0,1,2,0,0,0,0,1991,1991-06-01,1790,1574,208,383,56,6,30,188,176,14,296,7,17,16,25,31,41,14
49,35,31,4,11,2,0,0,3,2,0,2,0,1,1,2,1,0,3,1991,1991-06-02,1825,1605,212,394,58,6,30,191,178,14,298,7,18,17,27,32,41,17
50,44,42,2,10,2,1,0,2,2,2,8,0,0,0,0,1,1,0,1991,1991-06-04,1869,1647,214,404,60,7,30,193,180,16,306,7,18,17,27,33,42,17
51,32,29,2,6,1,1,1,1,2,1,1,0,1,0,0,3,0,0,1991,1991-06-05,1901,1676,216,410,61,8,31,194,182,17,307,7,19,17,27,36,42,17
52,35,29,1,6,0,0,0,1,4,0,7,0,1,1,0,1,2,1,1991,1991-06-06,1936,1705,217,416,61,8,31,195,186,17,314,7,20,18,27,37,44,18
53,41,35,3,9,4,1,0,2,6,1,3,0,0,0,0,1,1,0,1991,1991-06-07,1977,1740,220,425,65,9,31,197,192,18,317,7,20,18,27,38,45,18
54,34,33,3,6,1,0,1,3,1,0,6,0,0,0,0,0,1,0,1991,1991-06-08,2011,1773,223,431,66,9,32,200,193,18,323,7,20,18,27,38,46,18
55,40,38,6,13,1,0,0,5,1,0,4,0,1,0,1,0,0,2,1991,1991-06-09,2051,1811,229,444,67,9,32,205,194,18,327,7,21,18,28,38,46,20
56,45,40,13,16,2,0,3,13,4,0,3,0,1,0,0,2,0,1,1991,1991-06-10,2096,1851,242,460,69,9,35,218,198,18,330,7,22,18,28,40,46,21
57,35,33,1,9,1,0,1,1,1,0,5,0,1,0,0,1,0,0,1991,1991-06-12,2131,1884,243,469,70,9,36,219,199,18,335,7,23,18,28,41,46,21
58,37,33,3,7,0,1,0,3,1,0,7,2,1,0,0,0,1,0,1991,1991-06-13,2168,1917,246,476,70,10,36,222,200,18,342,9,24,18,28,41,47,21
59,33,28,2,5,1,0,0,2,4,1,6,0,0,1,0,0,0,1,1991,1991-06-14,2201,1945,248,481,71,10,36,224,204,19,348,9,24,19,28,41,47,22
60,40,34,4,10,0,0,0,4,4,1,5,0,2,0,0,0,2,0,1991,1991-06-15,2241,1979,252,491,71,10,36,228,208,20,353,9,26,19,28,41,49,22
61,41,38,7,16,0,0,1,7,3,1,6,0,0,0,1,0,1,3,1991,1991-06-16,2282,2017,259,507,71,10,37,235,211,21,359,9,26,19,29,41,50,25
62,32,30,6,7,2,0,2,6,2,0,2,0,0,0,0,0,0,0,1991,1991-06-17,2314,2047,265,514,73,10,39,241,213,21,361,9,26,19,29,41,50,25
63,58,49,6,13,1,1,0,5,8,1,10,0,1,0,2,1,3,1,1991,1991-06-18,2372,2096,271,527,74,11,39,246,221,22,371,9,27,19,31,42,53,26
64,45,33,9,13,1,0,0,9,7,0,4,1,3,1,0,2,2,0,1991,1991-06-19,2417,2129,280,540,75,11,39,255,228,22,375,10,30,20,31,44,55,26
65,32,30,3,9,1,0,1,3,0,0,5,0,2,0,0,0,0,0,1991,1991-06-20,2449,2159,283,549,76,11,40,258,228,22,380,10,32,20,31,44,55,26
66,41,36,1,9,2,0,0,0,5,0,6,0,0,0,0,0,0,0,1991,1991-06-21,2490,2195,284,558,78,11,40,258,233,22,386,10,32,20,31,44,55,26
67,34,31,4,8,1,0,1,4,3,0,2,0,0,0,1,0,0,0,1991,1991-06-22,2524,2226,288,566,79,11,41,262,236,22,388,10,32,20,32,44,55,26
68,33,32,2,8,0,0,0,2,1,0,5,0,0,0,1,0,0,1,1991,1991-06-23,2557,2258,290,574,79,11,41,264,237,22,393,10,32,20,33,44,55,27
69,37,31,4,7,0,0,1,4,5,0,9,0,0,1,0,2,1,0,1991,1991-06-25,2594,2289,294,581,79,11,42,268,242,22,402,10,32,21,33,46,56,27
70,48,39,2,11,0,0,0,2,6,2,3,0,2,1,0,1,0,1,1991,1991-06-26,2642,2328,296,592,79,11,42,270,248,24,405,10,34,22,33,47,56,28
71,37,34,2,7,0,0,1,2,2,0,9,0,1,0,0,0,0,2,1991,,2679,2362,298,599,79,11,43,272,250,24,414,10,35,22,33,47,56,30
72,47,38,8,14,3,0,2,7,7,2,1,0,1,1,1,0,2,1,1991,,2726,2400,306,613,82,11,45,279,257,26,415,10,36,23,34,47,58,31
73,39,36,2,5,1,0,0,1,2,0,8,0,1,0,1,2,0,0,1991,1991-06-29,2765,2436,308,618,83,11,45,280,259,26,423,10,37,23,35,49,58,31
74,41,38,11,13,3,0,1,7,2,0,5,0,0,1,1,1,0,0,1991,1991-06-30,2806,2474,319,631,86,11,46,287,261,26,428,10,37,24,36,50,58,31
75,36,28,4,4,1,0,0,4,6,0,5,0,1,1,0,1,4,0,1991,1991-07-02,2842,2502,323,635,87,11,46,291,267,26,433,10,38,25,36,51,62,31
76,41,35,6,10,0,0,2,6,5,1,6,0,0,1,0,0,0,0,1991,1991-07-03,2883,2537,329,645,87,11,48,297,272,27,439,10,38,26,36,51,62,31
77,54,42,4,12,4,0,1,4,7,0,7,1,3,1,0,1,1,0,1991,1991-07-04,2937,2579,333,657,91,11,49,301,279,27,446,11,41,27,36,52,63,31
78,36,34,1,8,2,0,0,1,1,0,10,0,0,1,1,1,1,0,1991,1991-07-05,2973,2613,334,665,93,11,49,302,280,27,456,11,41,28,37,53,64,31
79,39,32,7,9,1,1,0,7,6,0,8,0,1,0,1,0,2,0,1991,1991-07-06,3012,2645,341,674,94,12,49,309,286,27,464,11,42,28,38,53,66,31
80,36,32,5,10,1,0,0,3,1,0,7,1,2,0,1,0,0,1,1991,1991-07-07,3048,2677,346,684,95,12,49,312,287,27,471,12,44,28,39,53,66,32
81,38,33,2,7,0,0,1,2,4,0,7,0,1,0,1,0,1,0,1991,1991-07-11,3086,2710,348,691,95,12,50,314,291,27,478,12,45,28,40,53,67,32
82,37,33,5,7,2,0,0,3,3,0,6,0,1,0,3,2,2,1,1991,1991-07-12,3123,2743,353,698,97,12,50,317,294,27,484,12,46,28,43,55,69,33
83,35,31,2,7,3,0,0,2,3,0,9,0,1,0,0,0,0,2,1991,,3158,2774,355,705,100,12,50,319,297,27,493,12,47,28,43,55,69,35
84,38,32,4,10,3,0,0,4,3,1,7,0,2,1,0,2,0,0,1991,,3196,2806,359,715,103,12,50,323,300,28,500,12,49,29,43,57,69,35
85,49,39,8,13,2,2,1,8,8,0,3,0,1,1,1,0,1,0,1991,1991-07-15,3245,2845,367,728,105,14,51,331,308,28,503,12,50,30,44,57,70,35
86,34,32,1,7,2,0,0,1,2,0,3,0,0,0,1,1,1,0,1991,1991-07-16,3279,2877,368,735,107,14,51,332,310,28,506,12,50,30,45,58,71,35
87,38,31,2,6,1,0,0,2,7,1,6,0,0,0,0,1,1,0,1991,1991-07-17,3317,2908,370,741,108,14,51,334,317,29,512,12,50,30,45,59,72,35
88,43,37,10,11,1,1,3,10,3,0,5,2,1,0,0,0,0,0,1991,1991-07-18,3360,2945,380,752,109,15,54,344,320,29,517,14,51,30,45,59,72,35
89,34,32,2,5,1,0,1,1,2,0,7,0,0,0,1,0,1,1,1991,1991-07-19,3394,2977,382,757,110,15,55,345,322,29,524,14,51,30,46,59,73,36
90,45,41,11,16,2,0,2,10,1,0,6,1,2,0,1,0,0,1,1991,1991-07-20,3439,3018,393,773,112,15,57,355,323,29,530,15,53,30,47,59,73,37
91,37,33,4,8,1,1,0,4,3,0,7,0,0,1,0,1,1,0,1991,1991-07-21,3476,3051,397,781,113,16,57,359,326,29,537,15,53,31,47,60,74,37
92,41,34,6,9,1,0,2,6,5,1,6,1,1,0,1,1,1,1,1991,1991-07-23,3517,3085,403,790,114,16,59,365,331,30,543,16,54,31,48,61,75,38
93,34,24,2,4,1,1,0,2,6,0,6,0,2,2,0,0,1,2,1991,1991-07-24,3551,3109,405,794,115,17,59,367,337,30,549,16,56,33,48,61,76,40
94,39,38,5,14,1,0,0,4,1,0,4,0,0,0,1,1,0,0,1991,1991-07-25,3590,3147,410,808,116,17,59,371,338,30,553,16,56,33,49,62,76,40
95,31,28,1,3,0,0,0,1,2,0,4,0,1,0,0,0,0,0,1991,1991-07-26,3621,3175,411,811,116,17,59,372,340,30,557,16,57,33,49,62,76,40
96,39,37,7,14,2,0,2,6,2,1,5,0,0,0,1,0,0,1,1991,1991-07-27,3660,3212,418,825,118,17,61,378,342,31,562,16,57,33,50,62,76,41
97,27,27,0,0,0,0,0,0,0,0,5,0,0,0,0,0,0,0,1991,1991-07-28,3687,3239,418,825,118,17,61,378,342,31,567,16,57,33,50,62,76,41
98,30,29,1,3,0,0,1,1,1,0,7,0,0,0,0,1,1,0,1991,1991-07-29,3717,3268,419,828,118,17,62,379,343,31,574,16,57,33,50,63,77,41
99,33,29,3,6,0,0,1,3,4,1,9,0,0,0,1,0,3,2,1991,1991-07-30,3750,3297,422,834,118,17,63,382,347,32,583,16,57,33,51,63,80,43
100,38,34,6,12,0,0,1,5,3,1,3,0,1,0,0,1,2,0,1991,1991-07-31,3788,3331,428,846,118,17,64,387,350,33,586,16,58,33,51,64,82,43
101,46,38,8,12,1,1,1,8,7,1,8,0,1,0,1,1,2,0,1991,1991-08-02,3834,3369,436,858,119,18,65,395,357,34,594,16,59,33,52,65,84,43
102,39,34,1,7,2,0,0,1,5,0,8,0,0,0,0,0,2,1,1991,1991-08-03,3873,3403,437,865,121,18,65,396,362,34,602,16,59,33,52,65,86,44
103,32,31,1,5,0,0,1,1,1,0,9,0,0,0,0,1,1,0,1991,1991-08-04,3905,3434,438,870,121,18,66,397,363,34,611,16,59,33,52,66,87,44
104,42,33,6,9,1,0,0,6,7,1,6,1,0,1,1,2,1,0,1991,1991-08-05,3947,3467,444,879,122,18,66,403,370,35,617,17,59,34,53,68,88,44
105,36,33,5,8,1,0,2,5,2,0,7,0,1,0,0,1,1,0,1991,1991-08-06,3983,3500,449,887,123,18,68,408,372,35,624,17,60,34,53,69,89,44
106,38,31,2,7,0,2,0,2,6,0,7,0,0,1,0,2,0,0,1991,1991-08-07,4021,3531,451,894,123,20,68,410,378,35,631,17,60,35,53,71,89,44
107,38,34,6,11,2,0,0,3,2,0,4,0,1,1,1,2,0,1,1991,1991-08-08,4059,3565,457,905,125,20,68,413,380,35,635,17,61,36,54,73,89,45
108,51,45,0,9,0,0,0,0,4,1,9,0,2,0,0,1,2,0,1991,1991-08-09,4110,3610,457,914,125,20,68,413,384,36,644,17,63,36,54,74,91,45
109,39,32,3,8,0,1,1,3,7,1,5,0,0,0,0,1,2,0,1991,1991-08-10,4149,3642,460,922,125,21,69,416,391,37,649,17,63,36,54,75,93,45
110,36,35,3,11,2,0,1,3,1,0,7,0,0,0,0,0,1,2,1991,1991-08-11,4185,3677,463,933,127,21,70,419,392,37,656,17,63,36,54,75,94,47
111,38,30,3,6,0,0,1,3,7,1,7,0,1,0,1,0,2,1,1991,1991-08-12,4223,3707,466,939,127,21,71,422,399,38,663,17,64,36,55,75,96,48
112,43,38,3,10,1,0,0,3,3,0,8,1,1,0,1,1,0,1,1991,1991-08-13,4266,3745,469,949,128,21,71,425,402,38,671,18,65,36,56,76,96,49
113,35,30,4,8,1,0,0,3,5,0,7,0,0,0,1,1,2,1,1991,1991-08-14,4301,3775,473,957,129,21,71,428,407,38,678,18,65,36,57,77,98,50
114,34,29,1,5,0,0,0,1,2,0,6,3,0,0,0,2,1,1,1991,1991-08-15,4335,3804,474,962,129,21,71,429,409,38,684,21,65,36,57,79,99,51
115,49,38,4,7,1,0,1,4,8,1,7,0,2,1,0,1,0,0,1991,1991-08-16,4384,3842,478,969,130,21,72,433,417,39,691,21,67,37,57,80,99,51
116,50,41,8,15,2,0,2,8,8,0,10,0,0,1,0,0,1,0,1991,1991-08-17,4434,3883,486,984,132,21,74,441,425,39,701,21,67,38,57,80,100,51
117,40,33,4,9,1,0,0,3,7,0,8,0,0,0,1,1,1,0,1991,1991-08-18,4474,3916,490,993,133,21,74,444,432,39,709,21,67,38,58,81,101,51
118,39,33,3,7,2,0,0,3,3,1,3,0,2,1,0,0,1,0,1991,1991-08-19,4513,3949,493,1000,135,21,74,447,435,40,712,21,69,39,58,81,102,51
119,36,32,6,11,0,0,3,6,3,0,5,0,1,0,0,1,0,1,1991,1991-08-20,4549,3981,499,1011,135,21,77,453,438,40,717,21,70,39,58,82,102,52
120,38,32,9,9,1,0,2,9,5,0,6,0,1,0,0,1,2,0,1991,1991-08-21,4587,4013,508,1020,136,21,79,462,443,40,723,21,71,39,58,83,104,52
121,36,31,1,9,2,0,0,1,2,0,3,0,2,1,1,1,0,1,1991,1991-08-23,4623,4044,509,1029,138,21,79,463,445,40,726,21,73,40,59,84,104,53
122,37,33,3,7,1,0,1,3,4,0,5,0,0,0,0,0,0,0,1991,1991-08-24,4660,4077,512,1036,139,21,80,466,449,40,731,21,73,40,59,84,104,53
123,39,37,2,12,2,0,0,2,2,0,5,0,0,0,0,2,0,0,1991,1991-08-25,4699,4114,514,1048,141,21,80,468,451,40,736,21,73,40,59,86,104,53
124,40,34,4,7,2,0,0,4,5,0,6,0,1,0,2,1,0,0,1991,1991-08-26,4739,4148,518,1055,143,21,80,472,456,40,742,21,74,40,61,87,104,53
125,31,28,1,3,0,0,0,1,2,0,7,0,0,1,0,0,2,0,1991,1991-08-27,4770,4176,519,1058,143,21,80,473,458,40,749,21,74,41,61,87,106,53
126,35,33,4,8,1,0,1,3,1,0,4,1,0,0,1,2,0,1,1991,1991-08-28,4805,4209,523,1066,144,21,81,476,459,40,753,22,74,41,62,89,106,54
127,36,30,1,7,0,0,0,1,5,0,8,0,1,0,0,1,0,2,1991,1991-08-29,4841,4239,524,1073,144,21,81,477,464,40,761,22,75,41,62,90,106,56
128,33,27,2,6,1,1,0,2,4,0,3,0,2,0,1,1,1,0,1991,1991-08-30,4874,4266,526,1079,145,22,81,479,468,40,764,22,77,41,63,91,107,56
129,36,28,3,9,2,0,1,3,6,0,6,0,2,0,0,1,0,2,1991,1991-08-31,4910,4294,529,1088,147,22,82,482,474,40,770,22,79,41,63,92,107,58
130,42,38,12,15,4,0,3,12,4,1,6,0,0,0,0,0,0,0,1991,1991-09-01,4952,4332,541,1103,151,22,85,494,478,41,776,22,79,41,63,92,107,58
131,45,39,4,8,2,0,0,3,5,1,7,0,1,0,1,2,1,0,1991,1991-09-02,4997,4371,545,1111,153,22,85,497,483,42,783,22,80,41,64,94,108,58
132,36,31,5,7,0,0,1,3,3,0,4,1,1,0,1,0,0,1,1991,1991-09-03,5033,4402,550,1118,153,22,86,500,486,42,787,23,81,41,65,94,108,59
133,38,37,8,12,1,1,1,7,1,1,9,0,0,0,1,0,1,0,1991,1991-09-04,5071,4439,558,1130,154,23,87,507,487,43,796,23,81,41,66,94,109,59
134,37,33,4,8,0,0,1,4,4,0,8,0,0,0,0,0,2,2,1991,,5108,4472,562,1138,154,23,88,511,491,43,804,23,81,41,66,94,111,61
135,31,30,1,3,1,0,0,1,1,0,8,0,0,0,1,0,1,0,1991,,5139,4502,563,1141,155,23,88,512,492,43,812,23,81,41,67,94,112,61
136,41,34,5,9,1,1,0,5,6,1,4,0,1,0,0,0,2,1,1991,1991-09-07,5180,4536,568,1150,156,24,88,517,498,44,816,23,82,41,67,94,114,62
137,40,37,5,10,2,0,0,5,2,0,5,1,0,0,0,0,1,0,1991,1991-09-08,5220,4573,573,1160,158,24,88,522,500,44,821,24,82,41,67,94,115,62
138,49,37,10,12,2,0,0,8,10,1,6,1,1,0,1,0,2,1,1991,1991-09-09,5269,4610,583,1172,160,24,88,530,510,45,827,25,83,41,68,94,117,63
139,34,31,0,5,3,0,0,0,3,0,6,0,0,0,0,1,0,0,1991,1991-09-10,5303,4641,583,1177,163,24,88,530,513,45,833,25,83,41,68,95,117,63
140,42,39,9,14,3,0,2,9,2,0,6,0,0,1,1,0,1,0,1991,1991-09-11,5345,4680,592,1191,166,24,90,539,515,45,839,25,83,42,69,95,118,63
141,42,36,6,7,1,0,2,6,5,0,8,1,0,0,0,0,1,0,1991,1991-09-12,5387,4716,598,1198,167,24,92,545,520,45,847,26,83,42,69,95,119,63
142,40,34,5,11,3,0,2,5,3,1,1,0,2,1,0,0,1,0,1991,1991-09-13,5427,4750,603,1209,170,24,94,550,523,46,848,26,85,43,69,95,120,63
143,44,39,2,9,0,1,0,2,4,1,3,0,1,0,0,1,0,1,1991,1991-09-14,5471,4789,605,1218,170,25,94,552,527,47,851,26,86,43,69,96,120,64
144,30,30,1,4,1,0,0,1,0,0,6,0,0,0,1,2,0,0,1991,1991-09-15,5501,4819,606,1222,171,25,94,553,527,47,857,26,86,43,70,98,120,64
145,54,40,6,11,3,1,0,6,9,2,5,0,3,2,0,0,1,0,1991,1991-09-16,5555,4859,612,1233,174,26,94,559,536,49,862,26,89,45,70,98,121,64
146,38,32,5,10,2,0,2,5,4,0,2,1,1,0,0,0,1,0,1991,1991-09-17,5593,4891,617,1243,176,26,96,564,540,49,864,27,90,45,70,98,122,64
147,35,32,5,8,2,0,1,4,3,0,5,0,0,0,1,0,1,1,1991,1991-09-18,5628,4923,622,1251,178,26,97,568,543,49,869,27,90,45,71,98,123,65
148,30,27,4,6,1,0,2,4,3,0,4,0,0,0,2,3,0,1,1991,1991-09-19,5658,4950,626,1257,179,26,99,572,546,49,873,27,90,45,73,101,123,66
149,34,32,0,6,0,0,0,0,1,0,5,0,1,0,0,0,0,0,1991,1991-09-20,5692,4982,626,1263,179,26,99,572,547,49,878,27,91,45,73,101,123,66
150,33,31,2,6,0,1,0,2,1,0,5,0,1,0,2,0,0,1,1991,1991-09-21,5725,5013,628,1269,179,27,99,574,548,49,883,27,92,45,75,101,123,67
151,33,31,3,9,1,1,1,3,2,1,5,0,0,0,1,2,0,0,1991,1991-09-22,5758,5044,631,1278,180,28,100,577,550,50,888,27,92,45,76,103,123,67
152,41,34,5,7,3,0,0,4,7,0,4,0,0,0,0,0,0,0,1991,1991-09-24,5799,5078,636,1285,183,28,100,581,557,50,892,27,92,45,76,103,123,67
153,36,34,2,8,0,1,1,2,2,0,11,0,0,0,0,0,0,0,1991,1991-09-25,5835,5112,638,1293,183,29,101,583,559,50,903,27,92,45,76,103,123,67
154,34,31,6,8,1,0,3,5,3,0,4,0,0,0,1,2,0,0,1991,1991-09-27,5869,5143,644,1301,184,29,104,588,562,50,907,27,92,45,77,105,123,67
155,38,30,1,4,0,0,0,1,7,0,9,0,1,0,1,1,0,0,1991,1991-09-28,5907,5173,645,1305,184,29,104,589,569,50,916,27,93,45,78,106,123,67
156,39,36,3,13,1,0,0,3,3,0,3,0,0,0,0,2,0,1,1991,1991-09-29,5946,5209,648,1318,185,29,104,592,572,50,919,27,93,45,78,108,123,68
157,35,32,7,10,2,0,1,5,3,0,4,0,0,0,1,1,1,0,1991,1991-09-30,5981,5241,655,1328,187,29,105,597,575,50,923,27,93,45,79,109,124,68
158,32,31,3,8,1,0,2,3,1,0,3,0,0,0,0,0,0,0,1991,1991-10-01,6013,5272,658,1336,188,29,107,600,576,50,926,27,93,45,79,109,124,68
159,41,38,4,12,0,0,1,4,2,0,8,1,0,0,0,0,0,0,1991,1991-10-02,6054,5310,662,1348,188,29,108,604,578,50,934,28,93,45,79,109,124,68
160,37,34,1,8,0,0,0,1,2,0,9,0,0,1,0,0,0,0,1991,1991-10-04,6091,5344,663,1356,188,29,108,605,580,50,943,28,93,46,79,109,124,68
161,31,29,0,2,1,0,0,0,2,0,6,0,0,0,0,0,0,0,1991,1991-10-05,6122,5373,663,1358,189,29,108,605,582,50,949,28,93,46,79,109,124,68
162,37,35,2,8,2,0,0,0,1,0,8,0,1,0,1,0,2,0,1991,1991-10-06,6159,5408,665,1366,191,29,108,605,583,50,957,28,94,46,80,109,126,68
1,31,27,4,4,0,0,1,4,2,0,1,0,2,0,1,0,0,0,1990,1990-04-09,31,27,4,4,0,0,1,4,2,0,1,0,2,0,1,0,0,0
2,35,33,1,9,0,0,1,1,1,0,8,0,1,0,0,0,0,2,1990,1990-04-10,66,60,5,13,0,0,2,5,3,0,9,0,3,0,1,0,0,2
3,32,29,1,4,1,0,0,1,3,0,9,0,0,0,0,1,0,1,1990,1990-04-11,98,89,6,17,1,0,2,6,6,0,18,0,3,0,1,1,0,3
4,42,38,6,12,1,0,1,6,3,0,7,0,1,0,0,0,2,0,1990,1990-04-12,140,127,12,29,2,0,3,12,9,0,25,0,4,0,1,1,2,3
5,40,35,6,10,0,1,1,6,3,0,5,0,0,2,1,2,1,0,1990,1990-04-13,180,162,18,39,2,1,4,18,12,0,30,0,4,2,2,3,3,3
6,39,34,3,7,1,0,1,3,5,0,7,0,0,0,1,0,3,1,1990,1990-04-14,219,196,21,46,3,1,5,21,17,0,37,0,4,2,3,3,6,4
7,41,32,5,9,4,0,1,4,5,0,4,1,3,0,0,3,0,0,1990,1990-04-15,260,228,26,55,7,1,6,25,22,0,41,1,7,2,3,6,6,4
8,34,30,1,5,0,0,0,1,3,0,4,0,0,1,0,1,1,0,1990,1990-04-16,294,258,27,60,7,1,6,26,25,0,45,1,7,3,3,7,7,4
9,46,37,10,14,3,0,1,10,6,1,6,0,2,1,0,1,1,0,1990,1990-04-17,340,295,37,74,10,1,7,36,31,1,51,1,9,4,3,8,8,4
10,42,35,6,10,3,0,3,6,7,1,5,0,0,0,0,1,0,1,1990,1990-04-18,382,330,43,84,13,1,10,42,38,2,56,1,9,4,3,9,8,5
11,37,30,7,7,2,0,2,7,7,2,4,0,0,0,0,0,2,0,1990,1990-04-19,419,360,50,91,15,1,12,49,45,4,60,1,9,4,3,9,10,5
12,34,33,2,7,2,0,1,1,0,0,7,0,1,0,0,0,0,0,1990,1990-04-20,453,393,52,98,17,1,13,50,45,4,67,1,10,4,3,9,10,5
13,40,37,5,10,2,2,0,4,3,0,6,0,0,0,1,0,0,1,1990,1990-04-21,493,430,57,108,19,3,13,54,48,4,73,1,10,4,4,9,10,6
14,33,31,2,9,0,0,0,2,2,0,9,0,0,0,0,0,2,2,1990,1990-04-22,526,461,59,117,19,3,13,56,50,4,82,1,10,4,4,9,12,8
15,35,29,3,7,2,0,0,3,5,1,3,0,0,1,0,0,3,1,1990,1990-04-24,561,490,62,124,21,3,13,59,55,5,85,1,10,5,4,9,15,9
16,35,33,1,7,0,0,0,1,1,0,2,0,1,0,1,1,0,0,1990,1990-04-25,596,523,63,131,21,3,13,60,56,5,87,1,11,5,5,10,15,9
17,36,35,1,9,1,0,0,1,1,0,7,0,0,0,0,1,0,0,1990,1990-04-26,632,558,64,140,22,3,13,61,57,5,94,1,11,5,5,11,15,9
18,37,28,5,6,3,0,0,4,6,0,3,0,3,0,3,1,0,1,1990,1990-04-27,669,586,69,146,25,3,13,65,63,5,97,1,14,5,8,12,15,10
19,38,35,5,10,1,0,0,3,2,2,2,0,1,0,2,0,0,2,1990,1990-04-28,707,621,74,156,26,3,13,68,65,7,99,1,15,5,10,12,15,12
20,30,30,0,6,0,0,0,0,0,0,3,0,0,0,0,3,0,0,1990,1990-04-29,737,651,74,162,26,3,13,68,65,7,102,1,15,5,10,15,15,12
21,40,36,4,11,0,0,0,4,2,0,4,0,1,1,0,0,1,0,1990,1990-04-30,777,687,78,173,26,3,13,72,67,7,106,1,16,6,10,15,16,12
22,39,32,4,10,1,0,2,4,4,1,7,1,2,0,1,2,1,0,1990,1990-05-01,816,719,82,183,27,3,15,76,71,8,113,2,18,6,11,17,17,12
23,34,33,6,11,3,0,0,6,1,0,3,0,0,0,1,2,1,1,1990,1990-05-02,850,752,88,194,30,3,15,82,72,8,116,2,18,6,12,19,18,13
24,41,36,3,11,1,0,1,3,4,0,5,0,1,0,0,1,1,0,1990,1990-05-04,891,788,91,205,31,3,16,85,76,8,121,2,19,6,12,20,19,13
25,36,35,3,8,2,0,2,3,1,0,4,0,0,0,0,0,0,0,1990,1990-05-05,927,823,94,213,33,3,18,88,77,8,125,2,19,6,12,20,19,13
26,38,32,5,8,2,1,1,5,5,0,1,1,0,0,0,2,2,1,1990,1990-05-06,965,855,99,221,35,4,19,93,82,8,126,3,19,6,12,22,21,14
27,32,30,1,5,0,0,0,0,1,0,6,0,1,0,1,1,1,1,1990,1990-05-08,997,885,100,226,35,4,19,93,83,8,132,3,20,6,13,23,22,15
28,32,31,3,6,0,1,2,2,0,0,4,0,1,0,1,2,0,0,1990,1990-05-09,1029,916,103,232,35,5,21,95,83,8,136,3,21,6,14,25,22,15
29,35,35,2,8,2,0,1,2,0,0,5,0,0,0,0,0,0,0,1990,1990-05-10,1064,951,105,240,37,5,22,97,83,8,141,3,21,6,14,25,22,15
30,41,39,4,13,2,0,0,4,1,0,16,1,0,0,0,0,5,0,1990,1990-05-11,1105,990,109,253,39,5,22,101,84,8,157,4,21,6,14,25,27,15
31,31,30,0,4,0,0,0,0,1,0,7,0,0,0,0,1,1,0,1990,1990-05-12,1136,1020,109,257,39,5,22,101,85,8,164,4,21,6,14,26,28,15
32,35,29,3,8,1,0,1,3,4,1,5,0,1,1,0,0,3,0,1990,1990-05-14,1171,1049,112,265,40,5,23,104,89,9,169,4,22,7,14,26,31,15
33,37,30,3,8,1,1,1,3,5,3,6,0,1,1,1,0,1,0,1990,1990-05-15,1208,1079,115,273,41,6,24,107,94,12,175,4,23,8,15,26,32,15
34,32,28,3,5,1,0,2,3,4,1,7,0,0,0,1,1,0,2,1990,1990-05-16,1240,1107,118,278,42,6,26,110,98,13,182,4,23,8,16,27,32,17
35,33,30,4,7,0,0,2,3,2,2,2,0,1,0,0,0,1,1,1990,1990-05-18,1273,1137,122,285,42,6,28,113,100,15,184,4,24,8,16,27,33,18
36,56,46,12,15,1,0,1,10,8,2,6,1,1,0,2,2,1,1,1990,1990-05-19,1329,1183,134,300,43,6,29,123,108,17,190,5,25,8,18,29,34,19
37,38,32,6,11,4,0,0,6,5,2,5,0,1,0,1,0,1,1,1990,1990-05-20,1367,1215,140,311,47,6,29,129,113,19,195,5,26,8,19,29,35,20
38,38,33,3,7,0,1,1,3,4,0,8,0,0,1,1,0,0,0,1990,1990-05-21,1405,1248,143,318,47,7,30,132,117,19,203,5,26,9,20,29,35,20
39,34,32,3,7,1,1,0,3,0,0,7,0,1,1,0,0,1,0,1990,1990-05-22,1439,1280,146,325,48,8,30,135,117,19,210,5,27,10,20,29,36,20
40,37,36,4,11,1,0,1,4,1,0,4,0,0,0,0,0,2,1,1990,1990-05-23,1476,1316,150,336,49,8,31,139,118,19,214,5,27,10,20,29,38,21
41,51,45,15,20,1,1,2,14,5,2,5,0,1,0,0,1,1,0,1990,1990-05-24,1527,1361,165,356,50,9,33,153,123,21,219,5,28,10,20,30,39,21
42,36,34,4,6,1,1,1,2,1,0,7,1,0,0,1,0,0,0,1990,1990-05-25,1563,1395,169,362,51,10,34,155,124,21,226,6,28,10,21,30,39,21
43,40,36,8,8,3,2,0,8,3,1,7,0,1,0,1,0,2,0,1990,1990-05-26,1603,1431,177,370,54,12,34,163,127,22,233,6,29,10,22,30,41,21
44,48,45,14,19,2,0,1,14,1,0,13,1,0,1,0,0,0,0,1990,1990-05-27,1651,1476,191,389,56,12,35,177,128,22,246,7,29,11,22,30,41,21
45,41,38,5,12,1,0,0,5,2,0,9,1,0,0,0,0,0,1,1990,1990-05-28,1692,1514,196,401,57,12,35,182,130,22,255,8,29,11,22,30,41,22
46,37,35,5,10,2,0,0,4,2,0,9,0,0,0,0,2,0,0,1990,1990-05-29,1729,1549,201,411,59,12,35,186,132,22,264,8,29,11,22,32,41,22
47,37,32,3,8,2,0,0,2,4,0,6,0,0,1,0,2,2,0,1990,1990-05-30,1766,1581,204,419,61,12,35,188,136,22,270,8,29,12,22,34,43,22
48,39,29,2,6,2,0,1,2,5,2,6,2,2,1,1,1,0,1,1990,1990-05-31,1805,1610,206,425,63,12,36,190,141,24,276,10,31,13,23,35,43,23
49,34,34,2,8,2,0,1,2,0,0,10,0,0,0,0,0,1,1,1990,1990-06-01,1839,1644,208,433,65,12,37,192,141,24,286,10,31,13,23,35,44,24
50,36,31,3,5,1,1,0,3,4,0,10,0,1,0,0,0,0,0,1990,1990-06-02,1875,1675,211,438,66,13,37,195,145,24,296,10,32,13,23,35,44,24
51,34,30,0,4,2,0,0,0,2,0,5,1,1,0,0,0,1,0,1990,1990-06-03,1909,1705,211,442,68,13,37,195,147,24,301,11,33,13,23,35,45,24
52,35,32,6,12,2,0,1,6,2,0,6,0,1,0,0,0,0,1,1990,1990-06-04,1944,1737,217,454,70,13,38,201,149,24,307,11,34,13,23,35,45,25
53,38,32,4,4,1,0,0,4,5,0,6,0,1,0,2,0,1,0,1990,1990-06-05,1982,1769,221,458,71,13,38,205,154,24,313,11,35,13,25,35,46,25
54,43,35,7,14,4,0,0,5,5,1,6,0,1,2,1,0,2,0,1990,1990-06-06,2025,1804,228,472,75,13,38,210,159,25,319,11,36,15,26,35,48,25
55,35,33,6,8,0,0,4,6,2,0,9,0,0,0,0,2,0,0,1990,1990-06-08,2060,1837,234,480,75,13,42,216,161,25,328,11,36,15,26,37,48,25
56,43,39,5,8,0,0,3,5,3,0,10,0,0,1,0,0,0,0,1990,1990-06-09,2103,1876,239,488,75,13,45,221,164,25,338,11,36,16,26,37,48,25
57,36,33,1,3,0,0,1,1,3,1,8,0,0,0,0,0,2,0,1990,1990-06-10,2139,1909,240,491,75,13,46,222,167,26,346,11,36,16,26,37,50,25
58,34,32,3,8,2,0,1,3,2,0,7,0,0,0,0,1,0,0,1990,1990-06-11,2173,1941,243,499,77,13,47,225,169,26,353,11,36,16,26,38,50,25
59,34,32,4,6,2,0,1,3,2,0,4,0,0,0,1,0,1,1,1990,1990-06-12,2207,1973,247,505,79,13,48,228,171,26,357,11,36,16,27,38,51,26
60,33,30,1,5,2,0,1,1,2,0,10,0,1,0,0,1,1,0,1990,1990-06-13,2240,2003,248,510,81,13,49,229,173,26,367,11,37,16,27,39,52,26
61,51,46,1,8,1,0,0,1,4,0,13,1,0,0,2,1,0,0,1990,1990-06-15,2291,2049,249,518,82,13,49,230,177,26,380,12,37,16,29,40,52,26
62,40,32,5,7,1,0,1,4,7,1,6,0,1,0,2,0,1,0,1990,1990-06-16,2331,2081,254,525,83,13,50,234,184,27,386,12,38,16,31,40,53,26
63,36,30,6,7,0,0,1,6,5,0,5,0,1,0,1,0,2,1,1990,1990-06-17,2367,2111,260,532,83,13,51,240,189,27,391,12,39,16,32,40,55,27
64,39,37,5,14,1,1,0,5,1,0,2,0,0,1,2,2,2,0,1990,1990-06-18,2406,2148,265,546,84,14,51,245,190,27,393,12,39,17,34,42,57,27
65,37,32,5,8,1,0,1,3,4,0,2,0,0,1,2,0,0,1,1990,1990-06-19,2443,2180,270,554,85,14,52,248,194,27,395,12,39,18,36,42,57,28
66,36,31,3,7,0,0,1,3,4,0,7,1,0,0,1,0,0,1,1990,1990-06-20,2479,2211,273,561,85,14,53,251,198,27,402,13,39,18,37,42,57,29
67,46,40,7,10,1,1,0,7,6,1,5,0,0,0,0,1,0,0,1990,1990-06-22,2525,2251,280,571,86,15,53,258,204,28,407,13,39,18,37,43,57,29
68,39,37,6,14,2,1,1,6,0,0,4,0,1,1,0,0,2,1,1990,1990-06-23,2564,2288,286,585,88,16,54,264,204,28,411,13,40,19,37,43,59,30
69,37,33,6,9,2,0,1,6,2,0,6,0,0,2,0,1,2,0,1990,1990-06-24,2601,2321,292,594,90,16,55,270,206,28,417,13,40,21,37,44,61,30
70,39,36,5,11,3,0,0,5,3,1,1,0,0,0,0,0,1,0,1990,1990-06-25,2640,2357,297,605,93,16,55,275,209,29,418,13,40,21,37,44,62,30
71,39,31,2,6,0,0,0,2,7,0,4,0,0,1,0,1,2,0,1990,1990-06-26,2679,2388,299,611,93,16,55,277,216,29,422,13,40,22,37,45,64,30
72,29,29,0,3,0,0,0,0,0,0,6,0,0,0,0,0,0,0,1990,1990-06-27,2708,2417,299,614,93,16,55,277,216,29,428,13,40,22,37,45,64,30
73,39,32,6,12,0,0,2,6,4,2,7,0,2,1,1,1,0,1,1990,1990-06-29,2747,2449,305,626,93,16,57,283,220,31,435,13,42,23,38,46,64,31
74,39,38,5,13,1,0,0,5,0,0,8,0,0,1,0,1,2,0,1990,1990-06-30,2786,2487,310,639,94,16,57,288,220,31,443,13,42,24,38,47,66,31
75,39,36,5,11,3,0,0,5,3,0,4,0,0,0,1,1,0,2,1990,1990-07-01,2825,2523,315,650,97,16,57,293,223,31,447,13,42,24,39,48,66,33
76,33,31,3,10,1,0,0,3,1,1,5,0,1,0,0,1,0,1,1990,1990-07-02,2858,2554,318,660,98,16,57,296,224,32,452,13,43,24,39,49,66,34
77,38,35,7,11,0,0,1,7,2,0,7,0,1,0,0,0,0,0,1990,1990-07-03,2896,2589,325,671,98,16,58,303,226,32,459,13,44,24,39,49,66,34
78,41,36,3,9,4,0,1,2,5,0,3,0,0,0,0,0,1,0,1990,1990-07-04,2937,2625,328,680,102,16,59,305,231,32,462,13,44,24,39,49,67,34
79,38,32,6,6,1,0,0,6,4,1,6,1,0,1,0,0,0,0,1990,1990-07-05,2975,2657,334,686,103,16,59,311,235,33,468,14,44,25,39,49,67,34
80,39,35,3,8,0,0,0,3,4,0,4,0,0,0,0,0,1,0,1990,1990-07-06,3014,2692,337,694,103,16,59,314,239,33,472,14,44,25,39,49,68,34
81,32,28,4,7,1,0,1,4,3,0,4,0,0,1,0,1,1,1,1990,1990-07-07,3046,2720,341,701,104,16,60,318,242,33,476,14,44,26,39,50,69,35
82,35,32,2,6,2,0,0,2,2,0,3,1,0,0,0,0,0,0,1990,1990-07-08,3081,2752,343,707,106,16,60,320,244,33,479,15,44,26,39,50,69,35
83,43,40,6,11,1,0,0,6,2,1,6,0,1,0,3,0,1,0,1990,1990-07-12,3124,2792,349,718,107,16,60,326,246,34,485,15,45,26,42,50,70,35
84,39,36,5,14,5,0,0,4,1,0,4,0,2,0,0,2,0,1,1990,1990-07-13,3163,2828,354,732,112,16,60,330,247,34,489,15,47,26,42,52,70,36
85,37,31,7,7,1,0,2,6,5,0,5,0,1,0,2,2,1,1,1990,1990-07-14,3200,2859,361,739,113,16,62,336,252,34,494,15,48,26,44,54,71,37
86,32,32,1,6,2,0,0,1,0,0,10,0,0,0,0,1,0,0,1990,1990-07-15,3232,2891,362,745,115,16,62,337,252,34,504,15,48,26,44,55,71,37
87,38,35,5,7,4,0,0,4,3,1,2,0,0,0,2,1,2,0,1990,1990-07-16,3270,2926,367,752,119,16,62,341,255,35,506,15,48,26,46,56,73,37
88,36,34,0,10,1,0,0,0,2,0,6,0,0,0,0,1,1,0,1990,1990-07-17,3306,2960,367,762,120,16,62,341,257,35,512,15,48,26,46,57,74,37
89,43,34,6,6,1,0,1,5,7,3,6,1,1,0,3,1,2,1,1990,1990-07-18,3349,2994,373,768,121,16,63,346,264,38,518,16,49,26,49,58,76,38
90,35,30,2,6,1,0,1,2,5,0,4,0,0,0,0,2,0,0,1990,1990-07-20,3384,3024,375,774,122,16,64,348,269,38,522,16,49,26,49,60,76,38
91,36,33,6,10,0,0,1,5,1,0,4,0,1,1,0,2,0,0,1990,1990-07-21,3420,3057,381,784,122,16,65,353,270,38,526,16,50,27,49,62,76,38
92,40,34,6,9,3,0,1,4,4,0,5,1,0,1,0,1,2,0,1990,1990-07-22,3460,3091,387,793,125,16,66,357,274,38,531,17,50,28,49,63,78,38
93,40,35,11,14,2,1,2,10,4,1,3,0,1,0,0,2,0,0,1990,1990-07-23,3500,3126,398,807,127,17,68,367,278,39,534,17,51,28,49,65,78,38
94,39,32,9,10,1,1,1,8,6,2,4,0,0,1,1,1,3,1,1990,1990-07-24,3539,3158,407,817,128,18,69,375,284,41,538,17,51,29,50,66,81,39
95,35,33,2,9,2,1,0,1,2,0,2,0,0,0,1,2,1,1,1990,1990-07-25,3574,3191,409,826,130,19,69,376,286,41,540,17,51,29,51,68,82,40
96,41,38,8,13,4,0,2,6,3,1,5,0,0,0,1,0,1,0,1990,1990-07-26,3615,3229,417,839,134,19,71,382,289,42,545,17,51,29,52,68,83,40
97,64,47,5,14,3,0,0,5,15,3,14,0,1,1,2,0,1,1,1990,1990-07-27,3679,3276,422,853,137,19,71,387,304,45,559,17,52,30,54,68,84,41
98,43,37,8,13,0,0,2,8,5,1,5,0,0,1,0,0,1,1,1990,1990-07-28,3722,3313,430,866,137,19,73,395,309,46,564,17,52,31,54,68,85,42
99,35,31,4,9,1,0,0,4,3,0,11,0,1,0,0,0,3,1,1990,1990-07-29,3757,3344,434,875,138,19,73,399,312,46,575,17,53,31,54,68,88,43
100,33,29,4,11,2,0,1,4,3,0,4,0,0,1,1,3,0,2,1990,1990-07-30,3790,3373,438,886,140,19,74,403,315,46,579,17,53,32,55,71,88,45
101,36,35,2,6,1,0,1,2,1,0,7,0,0,0,2,0,0,0,1990,1990-07-31,3826,3408,440,892,141,19,75,405,316,46,586,17,53,32,57,71,88,45
102,31,30,1,4,0,0,1,1,1,0,7,0,0,0,0,1,1,0,1990,1990-08-01,3857,3438,441,896,141,19,76,406,317,46,593,17,53,32,57,72,89,45
103,36,33,1,6,0,0,0,1,3,0,5,0,0,0,0,0,2,0,1990,1990-08-02,3893,3471,442,902,141,19,76,407,320,46,598,17,53,32,57,72,91,45
104,48,42,11,17,3,0,0,9,5,2,4,0,0,1,1,2,0,0,1990,1990-08-03,3941,3513,453,919,144,19,76,416,325,48,602,17,53,33,58,74,91,45
105,31,28,1,2,0,0,1,1,3,0,7,0,0,0,0,1,0,0,1990,1990-08-04,3972,3541,454,921,144,19,77,417,328,48,609,17,53,33,58,75,91,45
106,49,43,12,16,1,0,4,12,6,1,5,0,0,0,0,0,0,0,1990,1990-08-05,4021,3584,466,937,145,19,81,429,334,49,614,17,53,33,58,75,91,45
107,37,35,0,8,1,0,0,0,2,0,5,0,0,0,0,0,0,0,1990,1990-08-07,4058,3619,466,945,146,19,81,429,336,49,619,17,53,33,58,75,91,45
108,35,32,4,9,3,1,0,3,2,1,4,0,0,1,0,3,0,0,1990,1990-08-08,4093,3651,470,954,149,20,81,432,338,50,623,17,53,34,58,78,91,45
109,43,40,10,16,1,0,2,9,3,0,9,0,0,0,0,2,0,0,1990,1990-08-09,4136,3691,480,970,150,20,83,441,341,50,632,17,53,34,58,80,91,45
110,39,34,2,10,1,0,0,2,3,0,8,1,1,0,0,1,1,0,1990,1990-08-10,4175,3725,482,980,151,20,83,443,344,50,640,18,54,34,58,81,92,45
111,40,34,6,7,0,0,2,5,5,0,5,1,0,0,0,1,5,2,1990,1990-08-11,4215,3759,488,987,151,20,85,448,349,50,645,19,54,34,58,82,97,47
112,41,34,7,10,2,0,1,7,7,0,7,0,0,0,0,2,3,0,1990,1990-08-12,4256,3793,495,997,153,20,86,455,356,50,652,19,54,34,58,84,100,47
113,42,37,5,10,1,0,2,4,5,0,5,0,0,0,1,1,0,0,1990,1990-08-13,4298,3830,500,1007,154,20,88,459,361,50,657,19,54,34,59,85,100,47
114,38,34,8,9,2,0,1,8,3,0,7,0,1,0,0,0,2,1,1990,,4336,3864,508,1016,156,20,89,467,364,50,664,19,55,34,59,85,102,48
115,31,28,2,4,2,0,0,2,2,0,8,0,1,0,1,0,1,0,1990,,4367,3892,510,1020,158,20,89,469,366,50,672,19,56,34,60,85,103,48
116,31,29,3,3,1,0,1,3,1,0,9,0,1,0,0,0,0,0,1990,1990-08-15,4398,3921,513,1023,159,20,90,472,367,50,681,19,57,34,60,85,103,48
117,37,33,1,10,1,0,1,1,4,0,5,0,0,0,0,1,1,1,1990,1990-08-16,4435,3954,514,1033,160,20,91,473,371,50,686,19,57,34,60,86,104,49
118,41,34,7,10,1,1,1,5,6,1,8,0,1,0,2,1,1,0,1990,1990-08-17,4476,3988,521,1043,161,21,92,478,377,51,694,19,58,34,62,87,105,49
119,34,27,3,4,0,0,1,3,5,1,9,1,1,0,1,0,4,1,1990,1990-08-18,4510,4015,524,1047,161,21,93,481,382,52,703,20,59,34,63,87,109,50
120,39,34,1,7,0,0,1,1,5,2,7,0,0,0,1,0,1,1,1990,1990-08-19,4549,4049,525,1054,161,21,94,482,387,54,710,20,59,34,64,87,110,51
121,34,33,2,8,0,1,1,2,1,1,4,0,0,0,0,0,0,0,1990,1990-08-20,4583,4082,527,1062,161,22,95,484,388,55,714,20,59,34,64,87,110,51
122,50,44,11,15,2,0,0,10,5,1,7,0,1,0,3,1,0,0,1990,1990-08-21,4633,4126,538,1077,163,22,95,494,393,56,721,20,60,34,67,88,110,51
123,35,27,3,5,0,0,0,2,5,0,3,0,2,1,1,2,0,0,1990,1990-08-22,4668,4153,541,1082,163,22,95,496,398,56,724,20,62,35,68,90,110,51
124,34,31,4,8,0,0,1,4,3,0,9,0,0,0,0,0,2,1,1990,1990-08-23,4702,4184,545,1090,163,22,96,500,401,56,733,20,62,35,68,90,112,52
125,36,34,2,7,0,0,0,1,2,0,11,0,0,0,0,0,4,0,1990,1990-08-24,4738,4218,547,1097,163,22,96,501,403,56,744,20,62,35,68,90,116,52
126,50,45,3,9,0,0,1,3,3,1,13,1,0,1,0,1,1,0,1990,1990-08-25,4788,4263,550,1106,163,22,97,504,406,57,757,21,62,36,68,91,117,52
127,32,30,2,8,0,0,0,1,2,0,5,0,0,0,0,0,3,2,1990,1990-08-26,4820,4293,552,1114,163,22,97,505,408,57,762,21,62,36,68,91,120,54
128,37,33,5,8,1,0,1,5,3,1,7,0,1,0,0,0,0,0,1990,1990-08-28,4857,4326,557,1122,164,22,98,510,411,58,769,21,63,36,68,91,120,54
129,46,40,12,15,6,0,3,10,4,2,2,1,1,0,1,1,0,0,1990,1990-08-29,4903,4366,569,1137,170,22,101,520,415,60,771,22,64,36,69,92,120,54
130,41,32,3,8,2,1,0,3,6,1,7,1,1,1,0,1,0,0,1990,1990-08-30,4944,4398,572,1145,172,23,101,523,421,61,778,23,65,37,69,93,120,54
131,36,27,2,3,1,0,0,2,8,1,6,0,0,1,0,0,1,1,1990,1990-08-31,4980,4425,574,1148,173,23,101,525,429,62,784,23,65,38,69,93,121,55
132,32,30,0,3,2,0,0,0,2,0,8,0,0,0,0,0,0,0,1990,1990-09-01,5012,4455,574,1151,175,23,101,525,431,62,792,23,65,38,69,93,121,55
133,51,44,12,18,2,0,4,12,4,1,4,2,0,1,0,0,1,0,1990,1990-09-02,5063,4499,586,1169,177,23,105,537,435,63,796,25,65,39,69,93,122,55
134,40,37,3,8,0,0,1,3,3,0,4,0,0,0,2,0,1,0,1990,1990-09-03,5103,4536,589,1177,177,23,106,540,438,63,800,25,65,39,71,93,123,55
135,41,37,8,11,0,0,3,8,4,0,3,0,0,0,0,1,0,0,1990,1990-09-04,5144,4573,597,1188,177,23,109,548,442,63,803,25,65,39,71,94,123,55
136,36,33,2,7,2,0,1,2,3,0,5,0,0,0,0,1,2,0,1990,1990-09-05,5180,4606,599,1195,179,23,110,550,445,63,808,25,65,39,71,95,125,55
137,36,31,5,8,3,0,2,5,4,0,5,0,0,1,1,0,1,0,1990,1990-09-06,5216,4637,604,1203,182,23,112,555,449,63,813,25,65,40,72,95,126,55
138,33,25,3,3,0,0,0,2,7,0,3,0,0,1,1,0,3,2,1990,1990-09-07,5249,4662,607,1206,182,23,112,557,456,63,816,25,65,41,73,95,129,57
139,36,30,4,5,0,1,0,3,5,0,8,0,1,0,0,0,0,0,1990,1990-09-08,5285,4692,611,1211,182,24,112,560,461,63,824,25,66,41,73,95,129,57
140,37,32,6,9,2,0,1,5,2,0,7,1,1,1,2,0,0,0,1990,1990-09-09,5322,4724,617,1220,184,24,113,565,463,63,831,26,67,42,75,95,129,57
141,35,31,2,6,0,0,2,2,3,0,6,1,0,0,0,1,0,1,1990,1990-09-10,5357,4755,619,1226,184,24,115,567,466,63,837,27,67,42,75,96,129,58
142,31,30,0,5,1,0,0,0,1,0,7,0,0,0,0,2,0,0,1990,1990-09-11,5388,4785,619,1231,185,24,115,567,467,63,844,27,67,42,75,98,129,58
143,45,40,10,16,3,0,1,10,5,2,9,0,0,0,0,0,0,0,1990,1990-09-12,5433,4825,629,1247,188,24,116,577,472,65,853,27,67,42,75,98,129,58
144,44,40,10,14,4,0,2,9,3,0,5,0,0,1,0,0,0,0,1990,1990-09-14,5477,4865,639,1261,192,24,118,586,475,65,858,27,67,43,75,98,129,58
145,35,34,3,9,0,0,1,3,1,0,8,0,0,0,0,0,1,1,1990,1990-09-15,5512,4899,642,1270,192,24,119,589,476,65,866,27,67,43,75,98,130,59
146,43,31,5,8,2,0,2,5,8,0,8,2,2,0,0,1,0,0,1990,1990-09-16,5555,4930,647,1278,194,24,121,594,484,65,874,29,69,43,75,99,130,59
147,42,33,5,10,2,0,0,5,7,2,2,0,1,1,0,0,0,0,1990,1990-09-17,5597,4963,652,1288,196,24,121,599,491,67,876,29,70,44,75,99,130,59
148,42,35,6,9,1,0,0,4,6,2,7,0,0,1,1,1,0,0,1990,1990-09-18,5639,4998,658,1297,197,24,121,603,497,69,883,29,70,45,76,100,130,59
149,40,38,4,12,2,0,1,4,2,0,2,0,0,0,0,1,1,0,1990,1990-09-19,5679,5036,662,1309,199,24,122,607,499,69,885,29,70,45,76,101,131,59
150,34,31,7,11,2,1,0,7,2,1,2,0,0,1,0,1,0,1,1990,1990-09-20,5713,5067,669,1320,201,25,122,614,501,70,887,29,70,46,76,102,131,60
151,50,43,16,20,4,0,0,15,6,2,4,0,0,1,0,0,0,0,1990,1990-09-21,5763,5110,685,1340,205,25,122,629,507,72,891,29,70,47,76,102,131,60
152,35,28,6,8,1,0,1,6,6,1,3,0,1,0,0,2,2,1,1990,1990-09-22,5798,5138,691,1348,206,25,123,635,513,73,894,29,71,47,76,104,133,61
153,36,34,2,8,1,0,0,2,2,0,9,0,0,0,0,1,0,0,1990,1990-09-23,5834,5172,693,1356,207,25,123,637,515,73,903,29,71,47,76,105,133,61
154,48,43,7,13,0,1,0,6,5,1,7,0,0,0,0,0,3,1,1990,1990-09-24,5882,5215,700,1369,207,26,123,643,520,74,910,29,71,47,76,105,136,62
155,43,36,3,8,2,0,1,3,5,1,3,1,0,1,0,0,1,0,1990,1990-09-25,5925,5251,703,1377,209,26,124,646,525,75,913,30,71,48,76,105,137,62
156,33,31,1,4,2,0,0,1,2,0,9,0,0,0,0,0,0,0,1990,1990-09-26,5958,5282,704,1381,211,26,124,647,527,75,922,30,71,48,76,105,137,62
157,40,36,6,9,4,0,2,5,4,2,9,0,0,0,1,0,0,1,1990,1990-09-28,5998,5318,710,1390,215,26,126,652,531,77,931,30,71,48,77,105,137,63
158,36,33,3,7,3,1,0,3,3,0,3,0,0,0,0,1,0,0,1990,1990-09-29,6034,5351,713,1397,218,27,126,655,534,77,934,30,71,48,77,106,137,63
159,36,35,2,10,1,0,1,2,1,0,5,0,0,0,0,1,1,1,1990,1990-09-30,6070,5386,715,1407,219,27,127,657,535,77,939,30,71,48,77,107,138,64
160,31,31,2,7,0,0,1,2,0,0,3,0,0,0,0,0,0,0,1990,1990-10-01,6101,5417,717,1414,219,27,128,659,535,77,942,30,71,48,77,107,138,64
161,42,40,8,14,1,0,1,7,2,1,6,0,0,0,1,1,2,1,1990,1990-10-02,6143,5457,725,1428,220,27,129,666,537,78,948,30,71,48,78,108,140,65
162,36,34,3,8,2,0,0,3,1,0,4,1,0,0,1,2,1,0,1990,1990-10-03,6179,5491,728,1436,222,27,129,669,538,78,952,31,71,48,79,110,141,65
1,35,33,4,5,0,0,1,3,2,0,7,0,0,0,1,0,2,0,1989,1989-04-03,35,33,4,5,0,0,1,3,2,0,7,0,0,0,1,0,2,0
2,39,29,3,5,0,0,0,3,7,0,3,0,1,2,1,1,0,0,1989,1989-04-05,74,62,7,10,0,0,1,6,9,0,10,0,1,2,2,1,2,0
3,37,32,4,8,3,0,0,2,3,1,3,1,1,0,0,0,0,3,1989,1989-04-06,111,94,11,18,3,0,1,8,12,1,13,1,2,2,2,1,2,3
4,34,31,1,4,0,0,0,0,2,0,1,1,0,0,1,1,0,0,1989,1989-04-07,145,125,12,22,3,0,1,8,14,1,14,2,2,2,3,2,2,3
5,47,41,4,9,2,0,0,4,2,0,3,1,1,2,2,1,1,1,1989,1989-04-09,192,166,16,31,5,0,1,12,16,1,17,3,3,4,5,3,3,4
6,44,39,7,12,2,0,3,7,5,2,5,0,0,0,2,1,1,1,1989,1989-04-10,236,205,23,43,7,0,4,19,21,3,22,3,3,4,7,4,4,5
7,37,32,3,8,3,0,0,3,3,2,7,0,1,1,1,1,0,1,1989,1989-04-11,273,237,26,51,10,0,4,22,24,5,29,3,4,5,8,5,4,6
8,35,30,1,5,0,0,0,1,4,0,4,0,1,0,0,1,0,0,1989,1989-04-12,308,267,27,56,10,0,4,23,28,5,33,3,5,5,8,6,4,6
9,57,52,2,9,1,0,1,2,3,1,8,0,1,1,1,0,1,0,1989,1989-04-13,365,319,29,65,11,0,5,25,31,6,41,3,6,6,9,6,5,6
10,35,33,2,6,0,0,1,2,2,0,9,0,0,0,0,0,2,0,1989,1989-04-14,400,352,31,71,11,0,6,27,33,6,50,3,6,6,9,6,7,6
11,34,30,3,9,0,1,1,3,3,1,5,0,0,1,0,2,0,0,1989,1989-04-15,434,382,34,80,11,1,7,30,36,7,55,3,6,7,9,8,7,6
12,33,30,2,8,2,1,1,2,2,0,2,0,1,0,0,0,0,1,1989,1989-04-16,467,412,36,88,13,2,8,32,38,7,57,3,7,7,9,8,7,7
13,43,38,2,8,0,0,0,1,4,0,7,0,1,0,2,1,1,0,1989,1989-04-17,510,450,38,96,13,2,8,33,42,7,64,3,8,7,11,9,8,7
14,38,32,6,8,4,0,0,5,4,2,5,1,1,0,3,1,0,1,1989,1989-04-18,548,482,44,104,17,2,8,38,46,9,69,4,9,7,14,10,8,8
15,32,27,3,6,2,0,0,3,2,0,1,0,2,1,1,0,0,0,1989,1989-04-19,580,509,47,110,19,2,8,41,48,9,70,4,11,8,15,10,8,8
16,36,31,8,10,3,0,0,8,4,1,3,0,0,1,0,1,1,0,1989,1989-04-21,616,540,55,120,22,2,8,49,52,10,73,4,11,9,15,11,9,8
17,38,34,4,9,4,0,0,3,3,0,8,0,0,1,0,1,0,0,1989,1989-04-22,654,574,59,129,26,2,8,52,55,10,81,4,11,10,15,12,9,8
18,50,40,7,14,3,0,1,7,8,1,4,1,0,1,1,2,1,0,1989,1989-04-23,704,614,66,143,29,2,9,59,63,11,85,5,11,11,16,14,10,8
19,41,38,4,11,4,0,0,4,2,1,7,0,0,1,1,0,0,0,1989,1989-04-25,745,652,70,154,33,2,9,63,65,12,92,5,11,12,17,14,10,8
20,34,31,3,5,3,0,0,3,3,0,11,0,0,0,0,0,0,0,1989,1989-04-26,779,683,73,159,36,2,9,66,68,12,103,5,11,12,17,14,10,8
21,33,31,0,5,0,0,0,0,2,2,6,0,0,0,0,1,0,0,1989,1989-04-27,812,714,73,164,36,2,9,66,70,14,109,5,11,12,17,15,10,8
22,34,32,3,7,2,0,0,2,1,0,5,0,0,1,0,1,1,0,1989,1989-04-28,846,746,76,171,38,2,9,68,71,14,114,5,11,13,17,16,11,8
23,40,38,0,6,2,0,0,0,2,1,8,0,0,0,0,0,1,0,1989,1989-04-29,886,784,76,177,40,2,9,68,73,15,122,5,11,13,17,16,12,8
24,34,33,3,9,0,0,1,2,0,0,8,1,0,0,0,0,0,2,1989,1989-04-30,920,817,79,186,40,2,10,70,73,15,130,6,11,13,17,16,12,10
25,34,29,1,4,0,0,0,1,4,1,5,0,0,1,0,0,0,0,1989,1989-05-01,954,846,80,190,40,2,10,71,77,16,135,6,11,14,17,16,12,10
26,40,34,7,12,5,0,1,7,3,1,5,2,1,0,1,1,0,0,1989,1989-05-02,994,880,87,202,45,2,11,78,80,17,140,8,12,14,18,17,12,10
27,36,33,4,10,2,0,0,4,3,3,6,0,0,0,1,1,1,1,1989,1989-05-03,1030,913,91,212,47,2,11,82,83,20,146,8,12,14,19,18,13,11
28,31,30,0,3,0,0,0,0,1,0,9,0,0,0,0,0,0,0,1989,1989-05-04,1061,943,91,215,47,2,11,82,84,20,155,8,12,14,19,18,13,11
29,37,35,2,10,2,0,0,2,2,0,9,0,0,0,0,0,1,2,1989,1989-05-05,1098,978,93,225,49,2,11,84,86,20,164,8,12,14,19,18,14,13
30,32,27,3,5,1,0,0,3,4,1,3,0,1,0,0,0,1,0,1989,1989-05-06,1130,1005,96,230,50,2,11,87,90,21,167,8,13,14,19,18,15,13
31,42,33,2,6,2,0,0,1,8,1,2,1,0,0,0,0,0,0,1989,1989-05-07,1172,1038,98,236,52,2,11,88,98,22,169,9,13,14,19,18,15,13
32,32,24,0,4,0,0,0,0,7,0,9,0,1,0,0,2,1,3,1989,1989-05-12,1204,1062,98,240,52,2,11,88,105,22,178,9,14,14,19,20,16,16
33,35,30,0,5,0,0,0,0,4,0,6,0,1,0,0,0,0,0,1989,1989-05-13,1239,1092,98,245,52,2,11,88,109,22,184,9,15,14,19,20,16,16
34,40,36,9,9,2,0,4,9,4,0,5,0,0,0,0,0,0,0,1989,1989-05-14,1279,1128,107,254,54,2,15,97,113,22,189,9,15,14,19,20,16,16
35,39,31,3,4,1,0,0,3,8,0,6,0,0,0,0,0,0,0,1989,1989-05-15,1318,1159,110,258,55,2,15,100,121,22,195,9,15,14,19,20,16,16
36,42,38,4,7,2,0,1,4,3,1,9,1,0,0,1,0,0,0,1989,1989-05-17,1360,1197,114,265,57,2,16,104,124,23,204,10,15,14,20,20,16,16
37,41,36,3,10,2,0,0,2,4,1,4,0,0,1,1,1,1,1,1989,1989-05-18,1401,1233,117,275,59,2,16,106,128,24,208,10,15,15,21,21,17,17
38,42,37,8,11,5,0,1,8,5,2,5,0,0,0,0,0,2,1,1989,1989-05-19,1443,1270,125,286,64,2,17,114,133,26,213,10,15,15,21,21,19,18
39,43,39,3,11,4,0,0,2,4,3,4,0,0,0,0,2,0,0,1989,1989-05-20,1486,1309,128,297,68,2,17,116,137,29,217,10,15,15,21,23,19,18
40,31,30,1,4,1,0,0,1,1,0,9,0,0,0,0,1,1,0,1989,1989-05-21,1517,1339,129,301,69,2,17,117,138,29,226,10,15,15,21,24,20,18
41,34,30,1,3,1,0,0,1,3,0,6,1,0,0,0,0,0,0,1989,1989-05-23,1551,1369,130,304,70,2,17,118,141,29,232,11,15,15,21,24,20,18
42,32,25,4,7,2,0,2,4,3,1,3,1,3,0,0,0,0,2,1989,1989-05-24,1583,1394,134,311,72,2,19,122,144,30,235,12,18,15,21,24,20,20
43,35,29,7,8,2,0,0,6,5,0,5,0,1,0,0,1,0,0,1989,1989-05-25,1618,1423,141,319,74,2,19,128,149,30,240,12,19,15,21,25,20,20
44,35,33,2,7,2,0,1,2,1,0,3,1,0,0,0,0,0,0,1989,1989-05-26,1653,1456,143,326,76,2,20,130,150,30,243,13,19,15,21,25,20,20
45,40,35,2,11,1,0,0,2,5,0,4,0,0,0,2,1,0,1,1989,1989-05-27,1693,1491,145,337,77,2,20,132,155,30,247,13,19,15,23,26,20,21
46,47,44,4,13,2,0,0,3,2,0,9,0,1,0,0,0,0,0,1989,1989-05-28,1740,1535,149,350,79,2,20,135,157,30,256,13,20,15,23,26,20,21
47,35,32,2,8,0,0,1,2,2,0,2,0,1,0,1,1,1,1,1989,1989-05-29,1775,1567,151,358,79,2,21,137,159,30,258,13,21,15,24,27,21,22
48,41,37,4,13,3,1,0,3,3,1,5,0,0,1,0,0,1,1,1989,1989-05-30,1816,1604,155,371,82,3,21,140,162,31,263,13,21,16,24,27,22,23
49,41,36,9,13,3,1,1,9,2,0,4,1,1,1,0,0,1,0,1989,1989-05-31,1857,1640,164,384,85,4,22,149,164,31,267,14,22,17,24,27,23,23
50,36,30,2,2,0,0,0,1,5,0,7,0,0,1,2,0,0,0,1989,1989-06-01,1893,1670,166,386,85,4,22,150,169,31,274,14,22,18,26,27,23,23
51,33,30,0,4,0,0,0,0,2,0,3,0,1,0,0,0,0,0,1989,1989-06-02,1926,1700,166,390,85,4,22,150,171,31,277,14,23,18,26,27,23,23
52,88,78,4,14,1,0,1,3,8,2,14,2,0,0,1,1,2,0,1989,1989-06-03,2014,1778,170,404,86,4,23,153,179,33,291,16,23,18,27,28,25,23
53,52,46,6,11,1,2,1,6,4,2,10,0,1,1,0,0,1,1,1989,1989-06-04,2066,1824,176,415,87,6,24,159,183,35,301,16,24,19,27,28,26,24
54,45,37,7,13,2,0,0,7,7,0,7,0,1,0,0,0,1,0,1989,,2111,1861,183,428,89,6,24,166,190,35,308,16,25,19,27,28,27,24
55,36,31,5,6,0,0,3,5,4,0,11,0,1,0,0,0,0,0,1989,,2147,1892,188,434,89,6,27,171,194,35,319,16,26,19,27,28,27,24
56,33,31,0,6,0,0,0,0,2,0,0,0,0,0,0,1,0,1,1989,1989-06-06,2180,1923,188,440,89,6,27,171,196,35,319,16,26,19,27,29,27,25
57,39,35,5,8,1,0,0,5,4,1,7,0,0,0,0,0,0,0,1989,1989-06-07,2219,1958,193,448,90,6,27,176,200,36,326,16,26,19,27,29,27,25
58,30,29,0,5,0,0,0,0,1,0,5,0,0,0,0,2,0,1,1989,1989-06-09,2249,1987,193,453,90,6,27,176,201,36,331,16,26,19,27,31,27,26
59,33,32,0,5,0,0,0,0,1,0,6,0,0,0,0,0,0,0,1989,1989-06-10,2282,2019,193,458,90,6,27,176,202,36,337,16,26,19,27,31,27,26
60,36,27,3,4,0,0,0,3,8,1,5,0,1,0,0,0,4,0,1989,1989-06-11,2318,2046,196,462,90,6,27,179,210,37,342,16,27,19,27,31,31,26
61,39,34,9,12,3,1,1,9,4,1,3,0,0,1,1,1,0,1,1989,1989-06-12,2357,2080,205,474,93,7,28,188,214,38,345,16,27,20,28,32,31,27
62,33,26,3,5,0,0,2,3,6,1,3,0,1,0,0,2,3,0,1989,1989-06-13,2390,2106,208,479,93,7,30,191,220,39,348,16,28,20,28,34,34,27
63,35,31,3,7,1,0,1,3,4,1,4,0,0,0,0,0,1,0,1989,1989-06-14,2425,2137,211,486,94,7,31,194,224,40,352,16,28,20,28,34,35,27
64,43,35,2,7,0,0,0,1,7,1,6,0,1,0,0,2,2,1,1989,1989-06-15,2468,2172,213,493,94,7,31,195,231,41,358,16,29,20,28,36,37,28
65,35,35,1,8,0,0,0,0,0,0,9,0,0,0,1,1,0,0,1989,1989-06-16,2503,2207,214,501,94,7,31,195,231,41,367,16,29,20,29,37,37,28
66,36,33,1,7,2,0,0,1,3,0,8,0,0,0,0,0,0,1,1989,1989-06-17,2539,2240,215,508,96,7,31,196,234,41,375,16,29,20,29,37,37,29
67,35,29,5,9,2,2,0,3,4,0,4,0,0,2,0,2,1,1,1989,1989-06-18,2574,2269,220,517,98,9,31,199,238,41,379,16,29,22,29,39,38,30
68,35,30,1,6,2,0,1,1,4,1,8,0,1,0,0,1,1,0,1989,1989-06-19,2609,2299,221,523,100,9,32,200,242,42,387,16,30,22,29,40,39,30
69,35,35,0,6,1,0,0,0,0,0,6,0,0,0,2,0,0,0,1989,1989-06-20,2644,2334,221,529,101,9,32,200,242,42,393,16,30,22,31,40,39,30
70,38,32,6,6,2,0,3,6,5,2,6,0,1,0,1,0,0,0,1989,1989-06-21,2682,2366,227,535,103,9,35,206,247,44,399,16,31,22,32,40,39,30
71,36,35,1,10,2,0,0,1,1,0,6,0,0,0,0,1,1,0,1989,1989-06-23,2718,2401,228,545,105,9,35,207,248,44,405,16,31,22,32,41,40,30
72,47,41,10,17,3,0,1,9,4,1,7,0,1,1,0,1,1,0,1989,1989-06-24,2765,2442,238,562,108,9,36,216,252,45,412,16,32,23,32,42,41,30
73,42,37,7,13,3,0,0,7,3,1,5,0,1,1,1,2,2,0,1989,1989-06-25,2807,2479,245,575,111,9,36,223,255,46,417,16,33,24,33,44,43,30
74,36,33,3,12,3,0,1,3,2,1,5,0,1,0,0,2,1,1,1989,1989-06-26,2843,2512,248,587,114,9,37,226,257,47,422,16,34,24,33,46,44,31
75,69,63,3,15,1,0,0,3,4,0,14,0,2,0,0,1,2,0,1989,1989-06-27,2912,2575,251,602,115,9,37,229,261,47,436,16,36,24,33,47,46,31
76,40,38,1,11,2,0,0,1,1,1,8,0,1,0,1,0,0,0,1989,1989-06-28,2952,2613,252,613,117,9,37,230,262,48,444,16,37,24,34,47,46,31
77,37,35,3,8,2,0,0,3,2,0,5,0,0,0,1,0,0,0,1989,1989-06-29,2989,2648,255,621,119,9,37,233,264,48,449,16,37,24,35,47,46,31
78,41,39,3,10,1,0,1,3,1,0,5,1,0,0,2,0,0,0,1989,1989-06-30,3030,2687,258,631,120,9,38,236,265,48,454,17,37,24,37,47,46,31
79,34,30,1,5,0,0,0,1,3,0,3,0,1,0,1,1,0,0,1989,1989-07-01,3064,2717,259,636,120,9,38,237,268,48,457,17,38,24,38,48,46,31
80,36,33,3,10,1,0,1,3,2,1,3,0,1,0,0,0,1,0,1989,1989-07-02,3100,2750,262,646,121,9,39,240,270,49,460,17,39,24,38,48,47,31
81,35,29,2,5,1,0,1,2,4,0,8,0,1,1,0,0,0,0,1989,1989-07-03,3135,2779,264,651,122,9,40,242,274,49,468,17,40,25,38,48,47,31
82,33,31,1,5,1,1,0,0,2,0,1,0,0,0,0,0,0,0,1989,1989-07-04,3168,2810,265,656,123,10,40,242,276,49,469,17,40,25,38,48,47,31
83,34,31,2,6,1,0,0,2,2,0,6,1,0,0,0,0,0,1,1989,1989-07-05,3202,2841,267,662,124,10,40,244,278,49,475,18,40,25,38,48,47,32
84,35,32,2,6,0,0,0,1,3,0,5,0,0,0,0,1,0,0,1989,1989-07-06,3237,2873,269,668,124,10,40,245,281,49,480,18,40,25,38,49,47,32
85,39,34,4,9,1,0,1,4,5,0,5,0,0,0,0,1,0,0,1989,1989-07-07,3276,2907,273,677,125,10,41,249,286,49,485,18,40,25,38,50,47,32
86,45,39,8,11,3,0,1,7,6,1,4,0,0,0,1,0,0,0,1989,1989-07-08,3321,2946,281,688,128,10,42,256,292,50,489,18,40,25,39,50,47,32
87,39,37,4,11,2,0,0,4,2,0,4,0,0,0,1,2,0,0,1989,1989-07-09,3360,2983,285,699,130,10,42,260,294,50,493,18,40,25,40,52,47,32
88,38,32,3,10,1,0,0,3,3,0,2,1,1,1,1,0,0,1,1989,1989-07-13,3398,3015,288,709,131,10,42,263,297,50,495,19,41,26,41,52,47,33
89,34,30,2,5,1,0,1,1,4,0,6,0,0,0,1,1,1,0,1989,1989-07-14,3432,3045,290,714,132,10,43,264,301,50,501,19,41,26,42,53,48,33
90,35,34,0,8,1,0,0,0,1,0,6,0,0,0,1,2,1,0,1989,1989-07-15,3467,3079,290,722,133,10,43,264,302,50,507,19,41,26,43,55,49,33
91,31,29,3,5,1,1,0,2,2,0,7,0,0,0,0,0,0,0,1989,1989-07-16,3498,3108,293,727,134,11,43,266,304,50,514,19,41,26,43,55,49,33
92,38,36,3,11,3,0,0,3,1,0,2,0,1,0,0,1,0,0,1989,1989-07-17,3536,3144,296,738,137,11,43,269,305,50,516,19,42,26,43,56,49,33
93,39,30,4,9,5,0,0,4,6,2,4,1,2,0,0,0,1,0,1989,1989-07-18,3575,3174,300,747,142,11,43,273,311,52,520,20,44,26,43,56,50,33
94,31,30,0,3,1,0,0,0,1,0,6,0,0,0,0,0,0,0,1989,1989-07-19,3606,3204,300,750,143,11,43,273,312,52,526,20,44,26,43,56,50,33
95,33,31,1,5,0,0,0,0,2,0,4,0,0,0,1,2,0,0,1989,,3639,3235,301,755,143,11,43,273,314,52,530,20,44,26,44,58,50,33
96,45,37,7,11,3,0,1,6,5,2,5,1,1,1,3,1,2,1,1989,,3684,3272,308,766,146,11,44,279,319,54,535,21,45,27,47,59,52,34
97,41,38,8,9,2,0,1,8,3,1,2,0,0,0,2,0,0,0,1989,1989-07-22,3725,3310,316,775,148,11,45,287,322,55,537,21,45,27,49,59,52,34
98,36,32,4,6,2,0,2,4,4,0,5,0,0,0,0,0,0,1,1989,,3761,3342,320,781,150,11,47,291,326,55,542,21,45,27,49,59,52,35
99,34,31,1,3,1,0,0,1,2,1,8,0,1,0,0,1,1,0,1989,,3795,3373,321,784,151,11,47,292,328,56,550,21,46,27,49,60,53,35
100,39,35,4,10,5,0,0,4,4,0,4,0,0,0,0,2,1,0,1989,1989-07-24,3834,3408,325,794,156,11,47,296,332,56,554,21,46,27,49,62,54,35
101,43,37,6,13,2,0,0,6,3,2,3,0,3,0,0,0,2,0,1989,1989-07-25,3877,3445,331,807,158,11,47,302,335,58,557,21,49,27,49,62,56,35
102,34,33,2,6,1,0,0,2,1,0,11,0,0,0,0,0,0,0,1989,1989-07-26,3911,3478,333,813,159,11,47,304,336,58,568,21,49,27,49,62,56,35
103,37,34,7,10,1,0,1,7,2,0,5,0,0,1,0,2,0,0,1989,1989-07-27,3948,3512,340,823,160,11,48,311,338,58,573,21,49,28,49,64,56,35
104,35,31,1,8,1,0,1,1,2,0,7,0,2,0,0,0,0,1,1989,1989-07-28,3983,3543,341,831,161,11,49,312,340,58,580,21,51,28,49,64,56,36
105,41,36,4,9,1,0,1,4,4,0,3,0,1,0,0,0,0,0,1989,1989-07-29,4024,3579,345,840,162,11,50,316,344,58,583,21,52,28,49,64,56,36
106,45,39,10,15,3,0,3,10,4,0,5,1,0,1,0,0,0,1,1989,1989-07-30,4069,3618,355,855,165,11,53,326,348,58,588,22,52,29,49,64,56,37
107,38,34,2,7,1,1,1,2,4,0,4,0,0,0,0,0,1,0,1989,1989-08-01,4107,3652,357,862,166,12,54,328,352,58,592,22,52,29,49,64,57,37
108,38,29,7,6,0,0,0,6,8,0,2,1,0,0,1,2,0,0,1989,1989-08-02,4145,3681,364,868,166,12,54,334,360,58,594,23,52,29,50,66,57,37
109,35,31,6,9,0,1,1,5,3,0,5,0,1,0,1,1,2,1,1989,1989-08-03,4180,3712,370,877,166,13,55,339,363,58,599,23,53,29,51,67,59,38
110,36,34,6,9,2,0,1,6,1,1,5,0,1,0,3,1,0,0,1989,1989-08-04,4216,3746,376,886,168,13,56,345,364,59,604,23,54,29,54,68,59,38
111,37,34,2,7,2,0,0,2,2,0,5,0,0,1,1,0,0,0,1989,1989-08-05,4253,3780,378,893,170,13,56,347,366,59,609,23,54,30,55,68,59,38
112,36,29,4,7,1,0,0,3,5,2,4,0,2,0,2,1,0,1,1989,1989-08-06,4289,3809,382,900,171,13,56,350,371,61,613,23,56,30,57,69,59,39
113,32,31,0,4,1,0,0,0,0,0,3,0,1,0,1,0,1,0,1989,1989-08-07,4321,3840,382,904,172,13,56,350,371,61,616,23,57,30,58,69,60,39
114,41,35,10,12,1,0,2,10,6,0,6,0,0,0,0,1,2,0,1989,1989-08-08,4362,3875,392,916,173,13,58,360,377,61,622,23,57,30,58,70,62,39
115,36,33,3,8,1,0,2,3,2,0,3,0,1,0,0,0,0,1,1989,1989-08-09,4398,3908,395,924,174,13,60,363,379,61,625,23,58,30,58,70,62,40
116,35,32,2,7,1,0,0,2,3,0,5,0,0,0,1,2,0,1,1989,1989-08-11,4433,3940,397,931,175,13,60,365,382,61,630,23,58,30,59,72,62,41
117,42,37,5,14,4,0,2,5,4,0,2,0,1,0,0,2,1,0,1989,1989-08-12,4475,3977,402,945,179,13,62,370,386,61,632,23,59,30,59,74,63,41
118,50,43,3,9,3,0,0,3,6,2,7,0,0,1,1,0,0,2,1989,1989-08-13,4525,4020,405,954,182,13,62,373,392,63,639,23,59,31,60,74,63,43
119,37,35,6,8,1,0,2,6,2,1,5,0,0,0,0,0,0,0,1989,1989-08-15,4562,4055,411,962,183,13,64,379,394,64,644,23,59,31,60,74,63,43
120,41,33,2,9,4,0,0,1,7,0,4,0,1,0,0,2,1,0,1989,1989-08-16,4603,4088,413,971,187,13,64,380,401,64,648,23,60,31,60,76,64,43
121,44,37,10,13,2,0,1,10,3,0,6,1,1,1,2,2,0,0,1989,1989-08-17,4647,4125,423,984,189,13,65,390,404,64,654,24,61,32,62,78,64,43
122,38,34,2,8,3,0,1,2,3,0,10,0,1,0,0,0,0,0,1989,1989-08-18,4685,4159,425,992,192,13,66,392,407,64,664,24,62,32,62,78,64,43
123,38,33,1,5,1,1,0,1,5,0,4,0,0,0,1,0,0,0,1989,1989-08-19,4723,4192,426,997,193,14,66,393,412,64,668,24,62,32,63,78,64,43
124,42,38,5,12,2,0,2,5,4,0,8,0,0,0,0,0,2,0,1989,1989-08-20,4765,4230,431,1009,195,14,68,398,416,64,676,24,62,32,63,78,66,43
125,38,32,6,7,1,0,0,5,5,0,3,0,1,0,1,2,0,1,1989,1989-08-21,4803,4262,437,1016,196,14,68,403,421,64,679,24,63,32,64,80,66,44
126,38,29,2,4,0,0,0,2,6,0,3,0,2,1,1,1,1,0,1989,1989-08-22,4841,4291,439,1020,196,14,68,405,427,64,682,24,65,33,65,81,67,44
127,81,80,1,20,1,0,1,1,0,0,17,0,1,0,0,2,1,2,1989,1989-08-23,4922,4371,440,1040,197,14,69,406,427,64,699,24,66,33,65,83,68,46
128,38,36,2,10,2,0,0,1,1,0,5,0,1,0,0,0,0,0,1989,1989-08-25,4960,4407,442,1050,199,14,69,407,428,64,704,24,67,33,65,83,68,46
129,33,31,4,8,3,0,1,4,2,0,6,0,0,0,0,1,0,0,1989,1989-08-26,4993,4438,446,1058,202,14,70,411,430,64,710,24,67,33,65,84,68,46
130,40,35,8,12,1,0,1,8,4,0,6,0,0,1,0,0,1,0,1989,1989-08-27,5033,4473,454,1070,203,14,71,419,434,64,716,24,67,34,65,84,69,46
131,30,29,0,3,0,0,0,0,0,0,5,0,1,0,0,0,0,0,1989,1989-08-28,5063,4502,454,1073,203,14,71,419,434,64,721,24,68,34,65,84,69,46
132,33,31,1,4,0,0,0,1,2,1,5,0,0,0,0,0,0,0,1989,1989-08-29,5096,4533,455,1077,203,14,71,420,436,65,726,24,68,34,65,84,69,46
133,38,34,3,8,2,0,2,3,4,0,7,0,0,0,0,0,0,0,1989,1989-08-30,5134,4567,458,1085,205,14,73,423,440,65,733,24,68,34,65,84,69,46
134,33,28,2,6,1,0,0,2,5,1,9,0,0,0,0,0,2,1,1989,1989-09-01,5167,4595,460,1091,206,14,73,425,445,66,742,24,68,34,65,84,71,47
135,37,33,4,11,1,1,0,4,2,2,6,0,1,1,0,1,0,0,1989,1989-09-02,5204,4628,464,1102,207,15,73,429,447,68,748,24,69,35,65,85,71,47
136,34,31,0,6,0,0,0,0,3,0,2,0,0,0,0,0,0,0,1989,1989-09-03,5238,4659,464,1108,207,15,73,429,450,68,750,24,69,35,65,85,71,47
137,40,33,7,7,1,1,1,6,6,1,1,0,0,1,1,1,2,0,1989,1989-09-04,5278,4692,471,1115,208,16,74,435,456,69,751,24,69,36,66,86,73,47
138,32,31,2,6,3,0,0,2,1,0,6,0,0,0,0,1,0,0,1989,1989-09-05,5310,4723,473,1121,211,16,74,437,457,69,757,24,69,36,66,87,73,47
139,40,35,5,9,0,0,1,4,2,0,6,1,2,0,1,0,0,0,1989,1989-09-06,5350,4758,478,1130,211,16,75,441,459,69,763,25,71,36,67,87,73,47
140,48,41,8,17,2,0,2,8,3,1,3,2,1,1,0,0,2,0,1989,1989-09-07,5398,4799,486,1147,213,16,77,449,462,70,766,27,72,37,67,87,75,47
141,33,27,0,2,1,0,0,0,4,0,8,0,2,0,1,0,0,0,1989,1989-09-08,5431,4826,486,1149,214,16,77,449,466,70,774,27,74,37,68,87,75,47
142,35,32,1,5,1,0,0,1,1,0,3,0,1,1,1,0,0,0,1989,1989-09-09,5466,4858,487,1154,215,16,77,450,467,70,777,27,75,38,69,87,75,47
143,48,45,14,19,3,0,3,14,3,1,7,0,0,0,1,1,0,0,1989,1989-09-10,5514,4903,501,1173,218,16,80,464,470,71,784,27,75,38,70,88,75,47
144,41,39,8,16,2,0,1,7,1,0,4,0,1,0,0,0,1,0,1989,1989-09-11,5555,4942,509,1189,220,16,81,471,471,71,788,27,76,38,70,88,76,47
145,36,33,5,11,1,0,0,4,3,3,4,0,0,0,0,2,1,0,1989,1989-09-12,5591,4975,514,1200,221,16,81,475,474,74,792,27,76,38,70,90,77,47
146,34,29,1,4,1,0,0,1,4,0,6,0,1,0,0,1,0,0,1989,1989-09-13,5625,5004,515,1204,222,16,81,476,478,74,798,27,77,38,70,91,77,47
147,34,32,3,8,3,0,0,3,2,0,4,0,0,0,0,1,0,1,1989,1989-09-14,5659,5036,518,1212,225,16,81,479,480,74,802,27,77,38,70,92,77,48
148,35,34,5,9,0,0,2,5,1,0,5,0,0,0,1,0,1,0,1989,1989-09-15,5694,5070,523,1221,225,16,83,484,481,74,807,27,77,38,71,92,78,48
149,32,29,1,6,1,0,0,1,3,2,6,0,0,0,0,1,0,1,1989,1989-09-16,5726,5099,524,1227,226,16,83,485,484,76,813,27,77,38,71,93,78,49
150,44,38,4,11,3,0,1,4,5,0,8,0,1,0,0,1,0,1,1989,1989-09-17,5770,5137,528,1238,229,16,84,489,489,76,821,27,78,38,71,94,78,50
151,39,38,2,15,2,0,0,2,0,0,3,0,1,0,0,0,0,1,1989,1989-09-19,5809,5175,530,1253,231,16,84,491,489,76,824,27,79,38,71,94,78,51
152,39,34,7,9,2,0,0,7,2,0,7,0,1,2,1,0,1,0,1989,1989-09-20,5848,5209,537,1262,233,16,84,498,491,76,831,27,80,40,72,94,79,51
153,35,34,3,7,0,0,2,3,1,0,8,0,0,0,0,0,0,0,1989,1989-09-21,5883,5243,540,1269,233,16,86,501,492,76,839,27,80,40,72,94,79,51
154,32,29,2,7,1,0,1,2,3,0,6,0,0,0,0,0,1,2,1989,1989-09-22,5915,5272,542,1276,234,16,87,503,495,76,845,27,80,40,72,94,80,53
155,34,30,1,3,0,0,1,1,4,0,8,0,0,0,1,0,0,1,1989,1989-09-23,5949,5302,543,1279,234,16,88,504,499,76,853,27,80,40,73,94,80,54
156,35,32,0,6,0,0,0,0,3,0,9,0,0,0,1,2,0,0,1989,1989-09-24,5984,5334,543,1285,234,16,88,504,502,76,862,27,80,40,74,96,80,54
157,34,32,5,9,2,0,1,5,1,1,3,0,1,0,0,0,0,0,1989,1989-09-25,6018,5366,548,1294,236,16,89,509,503,77,865,27,81,40,74,96,80,54
158,29,28,2,6,1,1,0,1,1,0,4,0,0,0,0,2,0,0,1989,1989-09-26,6047,5394,550,1300,237,17,89,510,504,77,869,27,81,40,74,98,80,54
159,28,28,1,4,1,0,0,1,0,0,9,0,0,0,0,0,1,0,1989,1989-09-27,6075,5422,551,1304,238,17,89,511,504,77,878,27,81,40,74,98,81,54
160,49,43,3,9,3,0,0,2,3,0,7,0,2,1,2,0,0,0,1989,1989-10-01,6124,5465,554,1313,241,17,89,513,507,77,885,27,83,41,76,98,81,54
1,30,29,1,3,0,0,1,1,1,0,3,0,0,0,0,1,0,0,1988,1988-04-04,30,29,1,3,0,0,1,1,1,0,3,0,0,0,0,1,0,0
2,32,26,5,4,1,0,0,4,4,1,6,0,2,0,0,0,0,0,1988,1988-04-05,62,55,6,7,1,0,1,5,5,1,9,0,2,0,0,1,0,0
3,42,33,5,8,1,0,0,5,7,2,7,1,1,0,0,1,2,0,1988,1988-04-07,104,88,11,15,2,0,1,10,12,3,16,1,3,0,0,2,2,0
4,40,32,6,7,2,1,0,6,7,0,5,0,0,1,0,1,1,0,1988,1988-04-08,144,120,17,22,4,1,1,16,19,3,21,1,3,1,0,3,3,0
5,45,38,11,15,1,0,3,11,4,0,6,0,3,0,0,0,1,0,1988,1988-04-09,189,158,28,37,5,1,4,27,23,3,27,1,6,1,0,3,4,0
6,37,34,3,10,0,0,0,3,0,0,2,0,2,1,0,0,1,0,1988,1988-04-10,226,192,31,47,5,1,4,30,23,3,29,1,8,2,0,3,5,0
7,39,37,3,12,3,0,0,3,1,0,8,0,1,0,1,1,0,1,1988,1988-04-12,265,229,34,59,8,1,4,33,24,3,37,1,9,2,1,4,5,1
8,37,32,4,7,0,0,2,4,3,1,5,2,0,0,1,2,0,0,1988,1988-04-13,302,261,38,66,8,1,6,37,27,4,42,3,9,2,2,6,5,1
9,37,32,0,6,1,0,0,0,4,0,7,0,1,0,0,0,1,0,1988,1988-04-14,339,293,38,72,9,1,6,37,31,4,49,3,10,2,2,6,6,1
10,32,28,3,5,1,0,0,3,2,0,4,0,2,0,0,0,0,0,1988,1988-04-15,371,321,41,77,10,1,6,40,33,4,53,3,12,2,2,6,6,1
11,41,38,7,13,7,0,0,7,3,0,4,0,0,0,1,0,0,0,1988,1988-04-16,412,359,48,90,17,1,6,47,36,4,57,3,12,2,3,6,6,1
12,32,29,1,4,0,0,0,1,1,0,5,0,2,0,0,0,0,0,1988,1988-04-17,444,388,49,94,17,1,6,48,37,4,62,3,14,2,3,6,6,1
13,38,30,6,11,3,0,0,6,6,0,5,0,2,0,0,1,1,1,1988,1988-04-18,482,418,55,105,20,1,6,54,43,4,67,3,16,2,3,7,7,2
14,42,35,10,12,0,1,1,10,4,2,9,0,2,1,0,0,0,1,1988,1988-04-23,524,453,65,117,20,2,7,64,47,6,76,3,18,3,3,7,7,3
15,36,33,4,8,2,0,0,4,2,1,6,0,1,0,0,0,0,1,1988,1988-04-24,560,486,69,125,22,2,7,68,49,7,82,3,19,3,3,7,7,4
16,37,32,3,9,1,0,0,3,4,0,4,0,1,0,1,3,0,0,1988,1988-04-26,597,518,72,134,23,2,7,71,53,7,86,3,20,3,4,10,7,4
17,35,32,4,9,0,0,0,4,2,0,4,0,1,0,1,0,2,1,1988,1988-04-27,632,550,76,143,23,2,7,75,55,7,90,3,21,3,5,10,9,5
18,37,33,1,5,0,0,0,1,2,1,10,0,1,1,3,0,1,0,1988,1988-04-28,669,583,77,148,23,2,7,76,57,8,100,3,22,4,8,10,10,5
19,37,33,6,10,2,0,1,6,4,0,2,0,0,0,0,0,0,0,1988,1988-04-29,706,616,83,158,25,2,8,82,61,8,102,3,22,4,8,10,10,5
20,35,33,2,6,0,0,0,2,2,0,4,0,0,0,0,0,0,0,1988,1988-04-30,741,649,85,164,25,2,8,84,63,8,106,3,22,4,8,10,10,5
21,31,28,0,1,0,0,0,0,3,0,5,0,0,0,1,1,0,0,1988,1988-05-01,772,677,85,165,25,2,8,84,66,8,111,3,22,4,9,11,10,5
22,35,28,6,7,0,0,2,6,5,0,3,1,1,0,0,0,2,1,1988,1988-05-02,807,705,91,172,25,2,10,90,71,8,114,4,23,4,9,11,12,6
23,45,41,14,16,3,0,2,13,3,1,3,0,1,0,3,0,2,1,1988,1988-05-03,852,746,105,188,28,2,12,103,74,9,117,4,24,4,12,11,14,7
24,42,39,8,16,1,1,1,8,3,0,8,0,0,0,0,0,3,0,1988,1988-05-04,894,785,113,204,29,3,13,111,77,9,125,4,24,4,12,11,17,7
25,45,40,10,14,5,1,1,9,3,0,6,0,1,1,1,0,0,0,1988,1988-05-06,939,825,123,218,34,4,14,120,80,9,131,4,25,5,13,11,17,7
26,32,30,1,4,0,0,0,1,1,0,5,0,1,0,0,0,1,0,1988,1988-05-07,971,855,124,222,34,4,14,121,81,9,136,4,26,5,13,11,18,7
27,49,40,12,16,5,2,1,11,7,4,9,0,1,1,0,1,1,0,1988,1988-05-08,1020,895,136,238,39,6,15,132,88,13,145,4,27,6,13,12,19,7
28,58,53,6,12,0,0,2,5,5,0,11,0,0,0,1,1,2,1,1988,1988-05-10,1078,948,142,250,39,6,17,137,93,13,156,4,27,6,14,13,21,8
29,44,40,1,10,1,0,0,1,2,0,2,1,1,0,0,2,0,0,1988,1988-05-11,1122,988,143,260,40,6,17,138,95,13,158,5,28,6,14,15,21,8
30,38,34,4,7,1,0,0,4,4,0,5,0,0,0,0,0,0,0,1988,1988-05-12,1160,1022,147,267,41,6,17,142,99,13,163,5,28,6,14,15,21,8
31,34,32,1,6,1,0,1,1,2,0,5,0,0,0,0,0,1,1,1988,1988-05-13,1194,1054,148,273,42,6,18,143,101,13,168,5,28,6,14,15,22,9
32,32,28,3,6,1,0,0,3,2,1,2,0,1,1,1,0,0,1,1988,1988-05-14,1226,1082,151,279,43,6,18,146,103,14,170,5,29,7,15,15,22,10
33,42,36,9,13,3,0,1,9,5,0,3,0,1,0,2,2,0,0,1988,1988-05-15,1268,1118,160,292,46,6,19,155,108,14,173,5,30,7,17,17,22,10
34,37,35,5,9,1,1,1,5,2,0,1,0,0,0,1,2,0,0,1988,1988-05-17,1305,1153,165,301,47,7,20,160,110,14,174,5,30,7,18,19,22,10
35,34,31,0,6,0,0,0,0,3,0,5,0,0,0,0,2,3,0,1988,1988-05-18,1339,1184,165,307,47,7,20,160,113,14,179,5,30,7,18,21,25,10
36,32,30,2,10,1,0,1,2,0,0,6,0,1,1,0,1,1,0,1988,1988-05-19,1371,1214,167,317,48,7,21,162,113,14,185,5,31,8,18,22,26,10
37,38,35,2,10,0,0,0,2,2,0,11,1,0,0,0,1,2,1,1988,1988-05-20,1409,1249,169,327,48,7,21,164,115,14,196,6,31,8,18,23,28,11
38,31,29,0,4,1,0,0,0,1,0,6,1,0,0,0,2,2,0,1988,1988-05-21,1440,1278,169,331,49,7,21,164,116,14,202,7,31,8,18,25,30,11
39,36,30,2,6,1,0,0,1,3,0,8,1,1,1,0,0,0,1,1988,1988-05-22,1476,1308,171,337,50,7,21,165,119,14,210,8,32,9,18,25,30,12
40,49,41,2,9,1,0,1,2,6,4,5,0,2,0,1,3,1,0,1988,1988-05-24,1525,1349,173,346,51,7,22,167,125,18,215,8,34,9,19,28,31,12
41,36,33,4,5,1,0,2,4,3,0,9,0,0,0,1,0,1,0,1988,1988-05-25,1561,1382,177,351,52,7,24,171,128,18,224,8,34,9,20,28,32,12
42,44,38,10,14,4,1,2,10,4,2,5,0,0,2,0,0,0,0,1988,1988-05-26,1605,1420,187,365,56,8,26,181,132,20,229,8,34,11,20,28,32,12
43,41,34,5,11,2,1,0,5,4,1,9,0,1,2,0,0,2,1,1988,1988-05-27,1646,1454,192,376,58,9,26,186,136,21,238,8,35,13,20,28,34,13
44,42,37,2,10,4,0,0,1,3,1,4,0,1,1,1,2,1,0,1988,1988-05-28,1688,1491,194,386,62,9,26,187,139,22,242,8,36,14,21,30,35,13
45,34,30,2,4,0,0,2,2,4,1,5,0,0,0,1,0,1,0,1988,1988-05-29,1722,1521,196,390,62,9,28,189,143,23,247,8,36,14,22,30,36,13
46,34,32,2,6,2,0,1,2,2,0,9,0,0,0,0,1,0,0,1988,1988-05-30,1756,1553,198,396,64,9,29,191,145,23,256,8,36,14,22,31,36,13
47,43,40,4,7,0,0,1,4,3,0,4,0,0,0,1,0,2,0,1988,1988-05-31,1799,1593,202,403,64,9,30,195,148,23,260,8,36,14,23,31,38,13
48,40,36,4,9,1,0,0,3,2,0,8,1,0,1,1,0,1,0,1988,1988-06-01,1839,1629,206,412,65,9,30,198,150,23,268,9,36,15,24,31,39,13
49,50,45,13,22,0,0,0,11,3,1,8,1,0,1,1,1,2,0,1988,1988-06-03,1889,1674,219,434,65,9,30,209,153,24,276,10,36,16,25,32,41,13
50,36,33,2,8,0,0,0,2,2,0,5,0,1,0,0,0,0,1,1988,1988-06-04,1925,1707,221,442,65,9,30,211,155,24,281,10,37,16,25,32,41,14
51,37,36,5,12,1,1,0,2,1,1,2,0,0,0,3,0,1,1,1988,1988-06-05,1962,1743,226,454,66,10,30,213,156,25,283,10,37,16,28,32,42,15
52,38,35,4,8,2,1,1,4,3,0,9,0,0,0,1,1,0,0,1988,1988-06-06,2000,1778,230,462,68,11,31,217,159,25,292,10,37,16,29,33,42,15
53,35,34,2,7,1,0,0,2,0,0,8,1,0,0,1,1,0,0,1988,1988-06-07,2035,1812,232,469,69,11,31,219,159,25,300,11,37,16,30,34,42,15
54,43,35,11,14,4,0,2,8,5,0,2,0,2,1,2,2,1,0,1988,1988-06-08,2078,1847,243,483,73,11,33,227,164,25,302,11,39,17,32,36,43,15
55,36,33,4,10,2,1,0,4,3,0,2,0,0,0,2,1,3,0,1988,1988-06-09,2114,1880,247,493,75,12,33,231,167,25,304,11,39,17,34,37,46,15
56,35,32,3,5,1,0,0,3,2,1,6,1,0,0,0,0,1,0,1988,1988-06-10,2149,1912,250,498,76,12,33,234,169,26,310,12,39,17,34,37,47,15
57,34,33,1,5,1,0,0,0,1,0,10,0,0,0,1,0,0,0,1988,1988-06-11,2183,1945,251,503,77,12,33,234,170,26,320,12,39,17,35,37,47,15
58,34,33,2,8,2,0,0,2,1,0,6,0,0,0,0,0,0,1,1988,1988-06-12,2217,1978,253,511,79,12,33,236,171,26,326,12,39,17,35,37,47,16
59,43,35,5,9,2,0,1,5,6,0,6,0,0,2,1,0,0,0,1988,1988-06-14,2260,2013,258,520,81,12,34,241,177,26,332,12,39,19,36,37,47,16
60,40,38,7,13,2,0,1,7,2,0,6,0,0,0,0,1,2,0,1988,1988-06-15,2300,2051,265,533,83,12,35,248,179,26,338,12,39,19,36,38,49,16
61,36,32,2,8,1,0,1,2,3,0,4,0,1,0,1,3,0,0,1988,1988-06-16,2336,2083,267,541,84,12,36,250,182,26,342,12,40,19,37,41,49,16
62,39,35,4,10,1,0,0,4,2,0,3,0,1,1,3,2,0,0,1988,,2375,2118,271,551,85,12,36,254,184,26,345,12,41,20,40,43,49,16
63,37,33,3,7,3,0,2,3,2,1,6,0,1,1,1,0,1,0,1988,,2412,2151,274,558,88,12,38,257,186,27,351,12,42,21,41,43,50,16
64,32,30,3,6,0,0,2,3,2,1,6,0,0,0,0,0,1,0,1988,1988-06-18,2444,2181,277,564,88,12,40,260,188,28,357,12,42,21,41,43,51,16
65,41,36,12,15,1,1,4,12,3,0,4,0,1,1,0,1,2,0,1988,,2485,2217,289,579,89,13,44,272,191,28,361,12,43,22,41,44,53,16
66,48,39,5,9,3,0,1,5,8,2,7,0,1,0,0,1,1,0,1988,,2533,2256,294,588,92,13,45,277,199,30,368,12,44,22,41,45,54,16
67,40,35,7,15,2,0,0,7,2,0,4,0,2,1,0,1,1,0,1988,1988-06-20,2573,2291,301,603,94,13,45,284,201,30,372,12,46,23,41,46,55,16
68,34,29,2,9,0,0,0,2,4,0,4,0,1,0,0,2,0,1,1988,1988-06-21,2607,2320,303,612,94,13,45,286,205,30,376,12,47,23,41,48,55,17
69,30,28,1,4,1,0,0,1,2,0,6,0,0,0,0,2,0,1,1988,1988-06-22,2637,2348,304,616,95,13,45,287,207,30,382,12,47,23,41,50,55,18
70,40,34,5,9,2,1,1,4,3,3,6,1,2,0,0,1,3,0,1988,1988-06-24,2677,2382,309,625,97,14,46,291,210,33,388,13,49,23,41,51,58,18
71,40,36,6,10,2,0,0,6,2,1,9,0,2,0,0,0,0,0,1988,1988-06-25,2717,2418,315,635,99,14,46,297,212,34,397,13,51,23,41,51,58,18
72,47,39,9,15,5,0,1,8,7,2,4,0,1,0,0,2,0,0,1988,1988-06-26,2764,2457,324,650,104,14,47,305,219,36,401,13,52,23,41,53,58,18
73,40,36,4,10,2,0,1,2,2,2,2,1,1,0,0,0,1,0,1988,1988-06-27,2804,2493,328,660,106,14,48,307,221,38,403,14,53,23,41,53,59,18
74,33,27,3,3,1,0,1,3,5,0,6,0,0,1,0,1,0,1,1988,1988-06-28,2837,2520,331,663,107,14,49,310,226,38,409,14,53,24,41,54,59,19
75,38,30,2,5,0,1,0,2,5,1,10,1,2,0,1,1,3,0,1988,1988-06-29,2875,2550,333,668,107,15,49,312,231,39,419,15,55,24,42,55,62,19
76,40,38,2,12,2,0,0,2,2,0,6,0,0,0,0,1,0,0,1988,1988-07-01,2915,2588,335,680,109,15,49,314,233,39,425,15,55,24,42,56,62,19
77,38,34,8,10,4,0,0,8,4,1,5,0,0,0,0,0,2,0,1988,1988-07-02,2953,2622,343,690,113,15,49,322,237,40,430,15,55,24,42,56,64,19
78,33,32,1,7,1,0,0,1,1,1,10,0,0,0,0,1,2,0,1988,1988-07-03,2986,2654,344,697,114,15,49,323,238,41,440,15,55,24,42,57,66,19
79,33,29,5,7,2,0,1,5,2,2,3,0,2,0,0,0,1,0,1988,1988-07-04,3019,2683,349,704,116,15,50,328,240,43,443,15,57,24,42,57,67,19
80,34,31,6,8,2,0,1,5,2,0,2,1,0,0,2,2,0,0,1988,1988-07-05,3053,2714,355,712,118,15,51,333,242,43,445,16,57,24,44,59,67,19
81,39,36,7,13,3,0,1,7,3,0,6,0,0,0,0,1,1,0,1988,1988-07-06,3092,2750,362,725,121,15,52,340,245,43,451,16,57,24,44,60,68,19
82,36,34,3,10,1,0,1,3,2,0,5,0,0,0,0,2,0,1,1988,1988-07-08,3128,2784,365,735,122,15,53,343,247,43,456,16,57,24,44,62,68,20
83,39,32,2,7,1,1,0,2,6,0,5,0,0,1,0,1,2,0,1988,1988-07-09,3167,2816,367,742,123,16,53,345,253,43,461,16,57,25,44,63,70,20
84,33,29,2,5,2,0,0,2,1,0,0,1,1,1,0,1,0,0,1988,1988-07-10,3200,2845,369,747,125,16,53,347,254,43,461,17,58,26,44,64,70,20
85,38,36,1,9,1,0,0,1,2,0,4,0,0,0,1,1,0,0,1988,,3238,2881,370,756,126,16,53,348,256,43,465,17,58,26,45,65,70,20
86,40,36,6,9,1,0,3,6,4,2,4,0,0,0,0,0,2,0,1988,,3278,2917,376,765,127,16,56,354,260,45,469,17,58,26,45,65,72,20
87,39,36,3,9,2,1,0,3,2,1,5,0,0,1,0,0,0,1,1988,1988-07-15,3317,2953,379,774,129,17,56,357,262,46,474,17,58,27,45,65,72,21
88,37,31,2,8,2,0,0,2,2,0,3,1,2,1,1,0,0,0,1988,1988-07-16,3354,2984,381,782,131,17,56,359,264,46,477,18,60,28,46,65,72,21
89,38,33,4,9,1,0,1,4,5,0,7,0,0,0,0,2,0,1,1988,,3392,3017,385,791,132,17,57,363,269,46,484,18,60,28,46,67,72,22
90,41,36,5,7,0,0,1,5,5,1,7,0,0,0,3,1,1,0,1988,,3433,3053,390,798,132,17,58,368,274,47,491,18,60,28,49,68,73,22
91,34,31,1,5,0,0,1,1,3,0,1,0,0,0,0,1,1,0,1988,1988-07-18,3467,3084,391,803,132,17,59,369,277,47,492,18,60,28,49,69,74,22
92,38,34,2,9,2,0,0,2,3,1,8,0,0,1,0,1,1,0,1988,1988-07-19,3505,3118,393,812,134,17,59,371,280,48,500,18,60,29,49,70,75,22
93,44,43,7,15,5,0,2,6,1,1,6,0,0,0,1,0,1,0,1988,1988-07-20,3549,3161,400,827,139,17,61,377,281,49,506,18,60,29,50,70,76,22
94,34,32,2,5,1,0,1,2,1,0,9,1,0,0,0,0,1,0,1988,1988-07-21,3583,3193,402,832,140,17,62,379,282,49,515,19,60,29,50,70,77,22
95,41,38,4,12,2,0,0,4,3,0,4,0,0,0,0,0,1,0,1988,1988-07-22,3624,3231,406,844,142,17,62,383,285,49,519,19,60,29,50,70,78,22
96,42,34,6,10,2,1,0,6,5,1,7,1,1,1,0,1,1,0,1988,1988-07-23,3666,3265,412,854,144,18,62,389,290,50,526,20,61,30,50,71,79,22
97,36,33,2,8,1,0,0,2,3,0,4,0,0,0,0,0,0,1,1988,1988-07-24,3702,3298,414,862,145,18,62,391,293,50,530,20,61,30,50,71,79,23
98,34,31,1,5,3,0,0,1,2,1,8,0,0,1,0,0,1,0,1988,1988-07-25,3736,3329,415,867,148,18,62,392,295,51,538,20,61,31,50,71,80,23
99,41,37,7,11,3,1,2,6,3,0,3,0,1,0,0,0,0,0,1988,,3777,3366,422,878,151,19,64,398,298,51,541,20,62,31,50,71,80,23
100,45,41,6,10,2,0,0,5,3,1,9,0,1,0,1,1,2,0,1988,,3822,3407,428,888,153,19,64,403,301,52,550,20,63,31,51,72,82,23
101,35,33,1,4,1,0,0,1,1,1,5,0,1,0,2,1,0,0,1988,1988-07-27,3857,3440,429,892,154,19,64,404,302,53,555,20,64,31,53,73,82,23
102,31,31,1,4,0,0,0,1,0,0,5,0,0,0,0,0,0,0,1988,1988-07-29,3888,3471,430,896,154,19,64,405,302,53,560,20,64,31,53,73,82,23
103,39,38,6,11,1,0,1,5,1,0,4,0,0,0,2,2,0,0,1988,1988-07-30,3927,3509,436,907,155,19,65,410,303,53,564,20,64,31,55,75,82,23
104,36,32,6,8,2,0,0,5,3,0,7,0,0,1,0,0,2,0,1988,1988-07-31,3963,3541,442,915,157,19,65,415,306,53,571,20,64,32,55,75,84,23
105,36,32,3,9,0,0,1,3,3,0,7,0,0,1,0,1,1,2,1988,1988-08-01,3999,3573,445,924,157,19,66,418,309,53,578,20,64,33,55,76,85,25
106,34,30,2,7,1,0,0,2,4,0,9,0,0,0,0,1,1,0,1988,1988-08-02,4033,3603,447,931,158,19,66,420,313,53,587,20,64,33,55,77,86,25
107,43,38,4,7,0,0,2,4,4,0,6,0,0,1,0,1,0,0,1988,1988-08-03,4076,3641,451,938,158,19,68,424,317,53,593,20,64,34,55,78,86,25
108,40,37,4,9,1,0,2,4,3,0,5,0,0,0,1,0,1,0,1988,1988-08-05,4116,3678,455,947,159,19,70,428,320,53,598,20,64,34,56,78,87,25
109,38,34,5,9,2,0,0,5,2,1,7,0,2,0,1,0,3,0,1988,1988-08-06,4154,3712,460,956,161,19,70,433,322,54,605,20,66,34,57,78,90,25
110,38,35,2,9,1,0,1,2,3,0,4,0,0,0,0,1,0,0,1988,1988-08-07,4192,3747,462,965,162,19,71,435,325,54,609,20,66,34,57,79,90,25
111,34,33,0,8,0,0,0,0,1,0,6,0,0,0,0,2,1,0,1988,1988-08-08,4226,3780,462,973,162,19,71,435,326,54,615,20,66,34,57,81,91,25
112,31,31,0,4,0,0,0,0,0,0,8,0,0,0,1,1,0,0,1988,1988-08-09,4257,3811,462,977,162,19,71,435,326,54,623,20,66,34,58,82,91,25
113,42,39,8,11,0,2,1,6,3,0,11,0,0,0,2,0,0,0,1988,1988-08-10,4299,3850,470,988,162,21,72,441,329,54,634,20,66,34,60,82,91,25
114,44,39,8,12,4,0,2,7,4,2,7,0,1,0,0,0,3,1,1988,1988-08-11,4343,3889,478,1000,166,21,74,448,333,56,641,20,67,34,60,82,94,26
115,39,34,7,12,0,0,1,7,3,0,9,0,1,1,0,0,0,0,1988,1988-08-12,4382,3923,485,1012,166,21,75,455,336,56,650,20,68,35,60,82,94,26
116,45,37,2,8,1,1,0,2,7,2,9,0,1,0,0,1,2,1,1988,1988-08-13,4427,3960,487,1020,167,22,75,457,343,58,659,20,69,35,60,83,96,27
117,40,39,4,12,2,0,0,4,1,0,3,0,0,0,1,1,0,0,1988,1988-08-14,4467,3999,491,1032,169,22,75,461,344,58,662,20,69,35,61,84,96,27
118,31,27,1,5,0,0,0,1,2,1,6,0,1,1,0,0,0,0,1988,1988-08-15,4498,4026,492,1037,169,22,75,462,346,59,668,20,70,36,61,84,96,27
119,32,29,7,11,1,1,1,7,1,0,7,0,1,1,0,1,1,3,1988,1988-08-16,4530,4055,499,1048,170,23,76,469,347,59,675,20,71,37,61,85,97,30
120,38,35,7,14,1,0,1,7,2,1,4,0,1,0,0,1,1,0,1988,1988-08-17,4568,4090,506,1062,171,23,77,476,349,60,679,20,72,37,61,86,98,30
121,29,27,2,5,1,0,0,2,0,0,5,0,1,1,0,0,2,0,1988,1988-08-18,4597,4117,508,1067,172,23,77,478,349,60,684,20,73,38,61,86,100,30
122,28,28,2,6,0,0,1,2,0,0,5,0,0,0,0,1,0,1,1988,1988-08-19,4625,4145,510,1073,172,23,78,480,349,60,689,20,73,38,61,87,100,31
123,31,30,4,6,3,0,1,3,1,0,4,0,0,0,0,2,1,0,1988,1988-08-20,4656,4175,514,1079,175,23,79,483,350,60,693,20,73,38,61,89,101,31
124,31,28,4,8,1,0,1,3,2,0,3,0,0,1,0,2,2,0,1988,1988-08-21,4687,4203,518,1087,176,23,80,486,352,60,696,20,73,39,61,91,103,31
125,34,33,1,8,1,0,0,1,1,0,8,0,0,0,0,1,0,1,1988,1988-08-22,4721,4236,519,1095,177,23,80,487,353,60,704,20,73,39,61,92,103,32
126,36,33,1,9,1,0,0,1,1,0,7,1,1,0,0,1,1,0,1988,1988-08-23,4757,4269,520,1104,178,23,80,488,354,60,711,21,74,39,61,93,104,32
127,35,33,1,7,2,0,0,1,1,0,11,0,1,0,1,1,1,0,1988,1988-08-24,4792,4302,521,1111,180,23,80,489,355,60,722,21,75,39,62,94,105,32
128,41,34,7,10,4,0,0,7,6,0,4,0,1,0,0,1,0,1,1988,1988-08-26,4833,4336,528,1121,184,23,80,496,361,60,726,21,76,39,62,95,105,33
129,41,35,4,11,1,0,0,4,4,0,4,1,0,1,0,2,1,0,1988,1988-08-27,4874,4371,532,1132,185,23,80,500,365,60,730,22,76,40,62,97,106,33
130,39,33,5,5,1,0,0,4,4,0,8,2,0,0,1,0,2,0,1988,1988-08-28,4913,4404,537,1137,186,23,80,504,369,60,738,24,76,40,63,97,108,33
131,31,30,2,4,0,0,2,2,1,0,2,0,0,0,1,0,0,1,1988,1988-08-29,4944,4434,539,1141,186,23,82,506,370,60,740,24,76,40,64,97,108,34
132,34,32,4,5,2,0,0,4,1,0,11,0,1,0,1,0,1,0,1988,1988-08-30,4978,4466,543,1146,188,23,82,510,371,60,751,24,77,40,65,97,109,34
133,40,36,3,12,0,1,0,3,3,0,5,0,1,0,0,1,2,1,1988,1988-08-31,5018,4502,546,1158,188,24,82,513,374,60,756,24,78,40,65,98,111,35
134,32,31,0,5,2,0,0,0,1,0,8,0,0,0,0,0,0,0,1988,1988-09-02,5050,4533,546,1163,190,24,82,513,375,60,764,24,78,40,65,98,111,35
135,34,31,1,6,0,0,0,1,1,0,7,1,1,0,0,0,3,1,1988,1988-09-03,5084,4564,547,1169,190,24,82,514,376,60,771,25,79,40,65,98,114,36
136,36,31,3,8,1,0,0,1,2,0,8,2,1,0,0,1,2,1,1988,1988-09-05,5120,4595,550,1177,191,24,82,515,378,60,779,27,80,40,65,99,116,37
137,35,28,1,5,1,0,0,1,6,0,4,0,1,0,0,0,1,3,1988,1988-09-06,5155,4623,551,1182,192,24,82,516,384,60,783,27,81,40,65,99,117,40
138,33,28,4,5,1,0,1,4,3,1,9,0,1,1,1,0,3,1,1988,1988-09-07,5188,4651,555,1187,193,24,83,520,387,61,792,27,82,41,66,99,120,41
139,31,31,1,5,0,0,1,1,0,0,7,0,0,0,1,1,0,0,1988,1988-09-08,5219,4682,556,1192,193,24,84,521,387,61,799,27,82,41,67,100,120,41
140,37,35,2,9,0,0,0,1,1,0,8,0,1,0,2,2,0,0,1988,1988-09-09,5256,4717,558,1201,193,24,84,522,388,61,807,27,83,41,69,102,120,41
141,36,27,5,6,0,0,1,4,6,0,4,1,1,1,2,3,0,0,1988,1988-09-10,5292,4744,563,1207,193,24,85,526,394,61,811,28,84,42,71,105,120,41
142,33,33,5,7,0,0,3,4,0,0,5,0,0,0,0,0,0,0,1988,1988-09-11,5325,4777,568,1214,193,24,88,530,394,61,816,28,84,42,71,105,120,41
143,33,30,5,8,0,0,0,4,2,0,10,0,0,1,1,0,0,1,1988,1988-09-12,5358,4807,573,1222,193,24,88,534,396,61,826,28,84,43,72,105,120,42
144,30,27,2,5,0,0,1,2,3,0,6,0,0,0,1,2,0,0,1988,1988-09-13,5388,4834,575,1227,193,24,89,536,399,61,832,28,84,43,73,107,120,42
145,31,27,1,5,1,0,0,1,2,1,3,0,2,0,1,1,0,0,1988,1988-09-14,5419,4861,576,1232,194,24,89,537,401,62,835,28,86,43,74,108,120,42
146,27,27,0,0,0,0,0,0,0,0,7,0,0,0,0,0,0,0,1988,1988-09-16,5446,4888,576,1232,194,24,89,537,401,62,842,28,86,43,74,108,120,42
147,41,33,4,9,2,0,0,4,5,0,6,0,3,0,1,0,2,0,1988,1988-09-17,5487,4921,580,1241,196,24,89,541,406,62,848,28,89,43,75,108,122,42
148,36,31,2,5,3,0,0,2,4,1,10,1,0,0,0,0,2,0,1988,1988-09-18,5523,4952,582,1246,199,24,89,543,410,63,858,29,89,43,75,108,124,42
149,33,31,1,3,0,0,1,1,2,0,5,0,0,0,1,0,1,0,1988,1988-09-19,5556,4983,583,1249,199,24,90,544,412,63,863,29,89,43,76,108,125,42
150,41,36,6,11,3,0,1,5,1,0,10,0,2,2,2,0,3,0,1988,1988-09-20,5597,5019,589,1260,202,24,91,549,413,63,873,29,91,45,78,108,128,42
151,36,35,3,8,1,0,1,3,1,0,2,0,0,0,1,1,0,0,1988,,5633,5054,592,1268,203,24,92,552,414,63,875,29,91,45,79,109,128,42
152,45,39,6,12,1,0,1,6,5,1,9,1,0,0,1,2,2,0,1988,,5678,5093,598,1280,204,24,93,558,419,64,884,30,91,45,80,111,130,42
153,36,33,4,11,1,0,2,4,1,0,7,0,1,1,0,1,0,1,1988,1988-09-22,5714,5126,602,1291,205,24,95,562,420,64,891,30,92,46,80,112,130,43
154,34,31,3,7,1,0,1,3,2,0,1,0,1,0,1,3,0,0,1988,1988-09-23,5748,5157,605,1298,206,24,96,565,422,64,892,30,93,46,81,115,130,43
155,40,38,7,10,4,0,0,7,2,0,8,0,0,0,1,0,0,0,1988,1988-09-24,5788,5195,612,1308,210,24,96,572,424,64,900,30,93,46,82,115,130,43
156,30,29,0,2,1,0,0,0,1,0,7,0,0,0,1,1,0,0,1988,1988-09-25,5818,5224,612,1310,211,24,96,572,425,64,907,30,93,46,83,116,130,43
157,36,34,3,9,1,0,2,3,1,0,5,0,1,0,2,1,0,1,1988,1988-09-26,5854,5258,615,1319,212,24,98,575,426,64,912,30,94,46,85,117,130,44
158,37,33,4,6,1,0,0,4,3,0,9,0,0,1,1,0,0,0,1988,1988-09-27,5891,5291,619,1325,213,24,98,579,429,64,921,30,94,47,86,117,130,44
159,60,56,1,6,1,1,0,0,2,0,14,1,1,0,2,0,1,0,1988,1988-09-28,5951,5347,620,1331,214,25,98,579,431,64,935,31,95,47,88,117,131,44
160,33,25,6,5,0,0,0,6,5,1,5,0,0,3,0,0,0,1,1988,1988-09-30,5984,5372,626,1336,214,25,98,585,436,65,940,31,95,50,88,117,131,45
161,31,30,2,7,2,0,1,2,0,0,5,1,0,0,0,1,0,0,1988,1988-10-01,6015,5402,628,1343,216,25,99,587,436,65,945,32,95,50,88,118,131,45
162,30,29,0,3,1,0,0,0,1,0,2,0,0,0,0,0,0,1,1988,1988-10-02,6045,5431,628,1346,217,25,99,587,437,65,947,32,95,50,88,118,131,46
1,39,35,3,8,0,0,0,3,3,1,11,0,1,0,1,0,2,0,1987,1987-04-06,39,35,3,8,0,0,0,3,3,1,11,0,1,0,1,0,2,0
2,36,34,5,8,2,1,1,5,2,0,6,0,0,0,0,1,1,0,1987,1987-04-07,75,69,8,16,2,1,1,8,5,1,17,0,1,0,1,1,3,0
3,38,36,3,9,2,0,0,3,2,1,12,0,0,0,0,0,2,0,1987,1987-04-08,113,105,11,25,4,1,1,11,7,2,29,0,1,0,1,1,5,0
4,36,34,1,9,2,0,0,1,0,0,8,1,0,1,0,1,0,0,1987,1987-04-09,149,139,12,34,6,1,1,12,7,2,37,1,1,1,1,2,5,0
5,47,39,4,8,2,0,0,2,7,1,11,0,1,0,1,0,0,2,1987,1987-04-10,196,178,16,42,8,1,1,14,14,3,48,1,2,1,2,2,5,2
6,34,29,5,8,3,0,2,5,2,2,4,0,1,2,0,0,0,0,1987,1987-04-11,230,207,21,50,11,1,3,19,16,5,52,1,3,3,2,2,5,2
7,37,36,7,12,2,0,1,7,1,0,3,0,0,0,0,0,1,0,1987,1987-04-12,267,243,28,62,13,1,4,26,17,5,55,1,3,3,2,2,6,2
8,34,27,4,6,0,1,1,4,5,0,10,0,0,2,0,0,2,0,1987,1987-04-13,301,270,32,68,13,2,5,30,22,5,65,1,3,5,2,2,8,2
9,48,44,3,10,2,0,0,3,2,1,6,1,1,0,0,0,0,0,1987,1987-04-14,349,314,35,78,15,2,5,33,24,6,71,2,4,5,2,2,8,2
10,28,27,0,1,0,0,0,0,1,0,10,0,0,0,0,0,1,1,1987,1987-04-15,377,341,35,79,15,2,5,33,25,6,81,2,4,5,2,2,9,3
11,37,32,2,5,0,0,2,2,3,0,8,2,0,0,0,2,0,1,1987,1987-04-16,414,373,37,84,15,2,7,35,28,6,89,4,4,5,2,4,9,4
12,42,37,5,11,0,0,4,5,5,0,10,0,0,0,0,1,0,0,1987,1987-04-17,456,410,42,95,15,2,11,40,33,6,99,4,4,5,2,5,9,4
13,40,35,5,8,3,0,0,4,4,0,9,0,1,0,1,1,1,0,1987,1987-04-18,496,445,47,103,18,2,11,44,37,6,108,4,5,5,3,6,10,4
14,47,43,9,16,3,0,3,9,2,0,7,1,1,0,0,0,0,0,1987,1987-04-19,543,488,56,119,21,2,14,53,39,6,115,5,6,5,3,6,10,4
15,37,31,3,6,1,1,0,3,3,0,6,1,1,1,0,0,0,0,1987,1987-04-20,580,519,59,125,22,3,14,56,42,6,121,6,7,6,3,6,10,4
16,50,43,11,15,1,0,3,11,6,3,11,0,1,0,0,1,1,0,1987,1987-04-21,630,562,70,140,23,3,17,67,48,9,132,6,8,6,3,7,11,4
17,40,36,5,8,4,0,0,3,3,1,6,0,1,0,2,0,0,0,1987,1987-04-22,670,598,75,148,27,3,17,70,51,10,138,6,9,6,5,7,11,4
18,36,33,5,11,2,0,0,5,1,0,3,1,0,1,0,0,0,1,1987,1987-04-24,706,631,80,159,29,3,17,75,52,10,141,7,9,7,5,7,11,5
19,34,33,4,9,1,0,0,3,1,0,2,0,0,0,1,1,0,0,1987,1987-04-25,740,664,84,168,30,3,17,78,53,10,143,7,9,7,6,8,11,5
20,32,31,0,3,1,0,0,0,0,0,4,1,0,0,1,0,0,0,1987,1987-04-26,772,695,84,171,31,3,17,78,53,10,147,8,9,7,7,8,11,5
21,38,34,1,8,1,0,0,1,4,0,7,0,0,0,0,1,0,0,1987,1987-04-28,810,729,85,179,32,3,17,79,57,10,154,8,9,7,7,9,11,5
22,45,40,10,13,3,2,1,10,4,1,10,0,1,0,0,0,0,0,1987,1987-04-29,855,769,95,192,35,5,18,89,61,11,164,8,10,7,7,9,11,5
23,42,34,4,8,1,0,2,4,8,0,8,0,0,0,1,1,2,1,1987,1987-04-30,897,803,99,200,36,5,20,93,69,11,172,8,10,7,8,10,13,6
24,43,39,4,9,3,0,0,2,3,1,6,0,1,0,1,0,0,0,1987,1987-05-01,940,842,103,209,39,5,20,95,72,12,178,8,11,7,9,10,13,6
25,41,37,7,12,2,1,2,7,3,1,3,0,1,0,0,0,0,1,1987,1987-05-02,981,879,110,221,41,6,22,102,75,13,181,8,12,7,9,10,13,7
26,40,34,4,11,1,1,0,4,5,0,8,0,1,0,1,2,2,2,1987,1987-05-04,1021,913,114,232,42,7,22,106,80,13,189,8,13,7,10,12,15,9
27,39,33,3,7,0,0,1,3,4,0,3,1,1,0,1,1,0,1,1987,1987-05-05,1060,946,117,239,42,7,23,109,84,13,192,9,14,7,11,13,15,10
28,28,27,2,6,0,0,0,2,0,0,3,0,1,0,1,2,0,1,1987,1987-05-06,1088,973,119,245,42,7,23,111,84,13,195,9,15,7,12,15,15,11
29,37,29,6,8,1,0,2,6,6,3,5,0,2,0,1,2,0,1,1987,1987-05-07,1125,1002,125,253,43,7,25,117,90,16,200,9,17,7,13,17,15,12
30,35,32,1,8,0,0,1,1,3,0,7,0,0,0,0,3,0,0,1987,1987-05-08,1160,1034,126,261,43,7,26,118,93,16,207,9,17,7,13,20,15,12
31,32,31,4,9,1,0,0,3,0,0,1,0,1,0,0,0,1,0,1987,1987-05-09,1192,1065,130,270,44,7,26,121,93,16,208,9,18,7,13,20,16,12
32,38,34,7,12,2,0,1,7,2,0,2,0,2,0,0,0,1,0,1987,1987-05-10,1230,1099,137,282,46,7,27,128,95,16,210,9,20,7,13,20,17,12
33,32,31,3,7,1,1,2,3,1,0,8,0,0,0,0,2,0,0,1987,1987-05-11,1262,1130,140,289,47,8,29,131,96,16,218,9,20,7,13,22,17,12
34,36,34,7,12,0,0,1,6,1,0,6,0,0,1,0,0,0,0,1987,1987-05-12,1298,1164,147,301,47,8,30,137,97,16,224,9,20,8,13,22,17,12
35,35,30,0,3,0,0,0,0,4,0,9,1,0,0,1,0,2,0,1987,1987-05-13,1333,1194,147,304,47,8,30,137,101,16,233,10,20,8,14,22,19,12
36,40,37,3,12,2,0,0,2,3,0,8,0,0,0,0,2,0,0,1987,1987-05-15,1373,1231,150,316,49,8,30,139,104,16,241,10,20,8,14,24,19,12
37,36,35,3,7,1,0,2,3,1,0,5,0,0,0,1,0,1,0,1987,1987-05-16,1409,1266,153,323,50,8,32,142,105,16,246,10,20,8,15,24,20,12
38,37,34,3,8,2,0,1,2,2,0,5,1,0,0,1,1,1,0,1987,1987-05-17,1446,1300,156,331,52,8,33,144,107,16,251,11,20,8,16,25,21,12
39,34,32,3,7,2,0,0,3,1,0,9,0,0,1,0,1,3,0,1987,1987-05-18,1480,1332,159,338,54,8,33,147,108,16,260,11,20,9,16,26,24,12
40,37,36,3,9,2,0,2,3,1,1,6,0,0,0,1,1,0,0,1987,1987-05-21,1517,1368,162,347,56,8,35,150,109,17,266,11,20,9,17,27,24,12
41,37,30,4,6,1,1,1,4,7,1,7,0,0,0,0,1,0,1,1987,1987-05-22,1554,1398,166,353,57,9,36,154,116,18,273,11,20,9,17,28,24,13
42,38,33,4,7,1,0,2,4,5,1,7,0,0,0,1,0,1,2,1987,1987-05-23,1592,1431,170,360,58,9,38,158,121,19,280,11,20,9,18,28,25,15
43,44,38,8,16,5,0,1,8,4,0,8,0,1,1,0,0,1,2,1987,1987-05-24,1636,1469,178,376,63,9,39,166,125,19,288,11,21,10,18,28,26,17
44,32,31,1,4,1,0,0,1,0,0,5,0,0,1,1,0,1,0,1987,1987-05-25,1668,1500,179,380,64,9,39,167,125,19,293,11,21,11,19,28,27,17
45,37,33,3,7,2,0,1,3,3,0,7,0,1,0,0,0,0,0,1987,1987-05-26,1705,1533,182,387,66,9,40,170,128,19,300,11,22,11,19,28,27,17
46,38,36,6,11,2,0,1,5,1,0,8,0,1,0,2,0,1,0,1987,1987-05-27,1743,1569,188,398,68,9,41,175,129,19,308,11,23,11,21,28,28,17
47,36,35,6,11,1,0,2,6,1,0,4,0,0,0,0,0,0,0,1987,1987-05-29,1779,1604,194,409,69,9,43,181,130,19,312,11,23,11,21,28,28,17
48,35,34,0,7,0,0,0,0,1,0,3,0,0,0,1,1,0,0,1987,1987-05-30,1814,1638,194,416,69,9,43,181,131,19,315,11,23,11,22,29,28,17
49,34,33,1,6,0,0,1,1,1,0,7,0,0,0,0,0,1,0,1987,1987-05-31,1848,1671,195,422,69,9,44,182,132,19,322,11,23,11,22,29,29,17
50,38,36,2,10,1,0,0,2,2,0,2,0,0,0,1,1,0,0,1987,1987-06-01,1886,1707,197,432,70,9,44,184,134,19,324,11,23,11,23,30,29,17
51,39,35,6,12,1,0,1,6,4,1,4,0,0,0,0,0,1,1,1987,1987-06-02,1925,1742,203,444,71,9,45,190,138,20,328,11,23,11,23,30,30,18
52,36,28,5,6,1,0,1,5,7,0,4,0,1,0,1,1,0,0,1987,1987-06-03,1961,1770,208,450,72,9,46,195,145,20,332,11,24,11,24,31,30,18
53,39,36,6,12,3,0,1,6,2,2,5,0,0,1,0,1,1,1,1987,1987-06-05,2000,1806,214,462,75,9,47,201,147,22,337,11,24,12,24,32,31,19
54,31,29,2,3,2,0,1,2,2,0,6,0,0,0,0,1,0,0,1987,1987-06-06,2031,1835,216,465,77,9,48,203,149,22,343,11,24,12,24,33,31,19
55,47,42,13,17,4,0,2,12,3,0,6,0,1,1,1,0,0,0,1987,1987-06-07,2078,1877,229,482,81,9,50,215,152,22,349,11,25,13,25,33,31,19
56,39,35,6,10,0,0,0,6,1,1,8,1,0,2,0,0,4,0,1987,1987-06-08,2117,1912,235,492,81,9,50,221,153,23,357,12,25,15,25,33,35,19
57,39,38,5,11,0,0,2,5,1,0,7,0,0,0,0,0,2,0,1987,1987-06-09,2156,1950,240,503,81,9,52,226,154,23,364,12,25,15,25,33,37,19
58,31,30,1,4,1,0,0,1,1,0,4,0,0,0,0,1,0,0,1987,1987-06-10,2187,1980,241,507,82,9,52,227,155,23,368,12,25,15,25,34,37,19
59,35,29,0,4,0,0,0,0,4,0,6,0,2,0,0,0,1,0,1987,1987-06-11,2222,2009,241,511,82,9,52,227,159,23,374,12,27,15,25,34,38,19
60,31,31,1,6,1,0,0,0,0,0,11,0,0,0,0,1,2,1,1987,1987-06-12,2253,2040,242,517,83,9,52,227,159,23,385,12,27,15,25,35,40,20
61,38,33,7,14,3,1,2,7,4,0,0,0,1,0,0,2,1,1,1987,1987-06-13,2291,2073,249,531,86,10,54,234,163,23,385,12,28,15,25,37,41,21
62,29,28,1,2,0,0,1,1,1,0,6,0,0,0,0,1,0,0,1987,1987-06-14,2320,2101,250,533,86,10,55,235,164,23,391,12,28,15,25,38,41,21
63,36,33,2,8,4,0,0,2,2,1,8,0,1,0,1,2,0,0,1987,1987-06-16,2356,2134,252,541,90,10,55,237,166,24,399,12,29,15,26,40,41,21
64,39,37,7,11,2,0,2,5,2,0,8,0,0,0,1,1,1,1,1987,1987-06-17,2395,2171,259,552,92,10,57,242,168,24,407,12,29,15,27,41,42,22
65,48,44,6,13,3,1,2,6,3,3,8,0,0,1,1,1,1,1,1987,1987-06-18,2443,2215,265,565,95,11,59,248,171,27,415,12,29,16,28,42,43,23
66,43,41,2,9,1,0,0,1,2,0,4,0,0,0,1,2,1,0,1987,1987-06-19,2486,2256,267,574,96,11,59,249,173,27,419,12,29,16,29,44,44,23
67,31,30,2,3,0,0,1,2,1,0,9,0,0,0,0,0,2,0,1987,1987-06-20,2517,2286,269,577,96,11,60,251,174,27,428,12,29,16,29,44,46,23
68,33,32,1,8,0,0,0,1,1,0,3,0,0,0,0,2,0,0,1987,1987-06-21,2550,2318,270,585,96,11,60,252,175,27,431,12,29,16,29,46,46,23
69,31,26,3,6,0,0,1,3,5,0,2,0,0,0,1,3,4,1,1987,1987-06-23,2581,2344,273,591,96,11,61,255,180,27,433,12,29,16,30,49,50,24
70,41,36,5,9,4,0,0,4,5,1,3,0,0,0,0,2,2,0,1987,1987-06-24,2622,2380,278,600,100,11,61,259,185,28,436,12,29,16,30,51,52,24
71,31,30,2,8,2,0,1,2,1,0,6,0,0,0,0,0,0,1,1987,1987-06-25,2653,2410,280,608,102,11,62,261,186,28,442,12,29,16,30,51,52,25
72,35,34,0,7,1,0,0,0,1,0,3,0,0,0,1,1,0,0,1987,1987-06-26,2688,2444,280,615,103,11,62,261,187,28,445,12,29,16,31,52,52,25
73,48,37,4,9,2,1,0,4,8,2,4,0,2,1,2,0,2,0,1987,1987-06-27,2736,2481,284,624,105,12,62,265,195,30,449,12,31,17,33,52,54,25
74,32,27,4,10,3,1,1,4,3,0,3,0,2,0,0,2,1,2,1987,1987-06-28,2768,2508,288,634,108,13,63,269,198,30,452,12,33,17,33,54,55,27
75,32,27,0,2,0,0,0,0,3,0,4,1,1,0,0,0,0,1,1987,1987-06-29,2800,2535,288,636,108,13,63,269,201,30,456,13,34,17,33,54,55,28
76,34,29,4,6,3,0,0,4,4,2,6,0,1,0,1,0,1,0,1987,1987-06-30,2834,2564,292,642,111,13,63,273,205,32,462,13,35,17,34,54,56,28
77,30,29,0,4,1,0,0,0,1,0,2,0,0,0,0,2,0,0,1987,1987-07-01,2864,2593,292,646,112,13,63,273,206,32,464,13,35,17,34,56,56,28
78,31,30,0,5,1,0,0,0,1,0,2,0,0,0,0,2,0,0,1987,1987-07-03,2895,2623,292,651,113,13,63,273,207,32,466,13,35,17,34,58,56,28
79,34,30,2,8,1,0,0,2,3,0,9,0,0,1,0,2,2,1,1987,1987-07-04,2929,2653,294,659,114,13,63,275,210,32,475,13,35,18,34,60,58,29
80,40,35,6,10,4,2,0,6,2,1,6,0,1,2,1,0,2,0,1987,1987-07-05,2969,2688,300,669,118,15,63,281,212,33,481,13,36,20,35,60,60,29
81,38,35,4,11,3,1,1,3,3,2,6,0,0,0,0,1,1,0,1987,,3007,2723,304,680,121,16,64,284,215,35,487,13,36,20,35,61,61,29
82,41,37,4,11,2,0,0,4,2,0,7,0,1,1,1,1,2,1,1987,,3048,2760,308,691,123,16,64,288,217,35,494,13,37,21,36,62,63,30
83,36,32,3,8,1,0,3,3,4,0,3,0,0,0,0,1,1,0,1987,,3084,2792,311,699,124,16,67,291,221,35,497,13,37,21,36,63,64,30
84,47,43,7,14,3,0,2,7,4,0,3,0,0,0,0,0,0,1,1987,,3131,2835,318,713,127,16,69,298,225,35,500,13,37,21,36,63,64,31
85,37,36,5,10,1,0,3,5,1,0,7,0,0,0,1,1,0,0,1987,,3168,2871,323,723,128,16,72,303,226,35,507,13,37,21,37,64,64,31
86,39,36,5,12,1,2,1,4,1,0,9,0,2,0,1,2,0,2,1987,,3207,2907,328,735,129,18,73,307,227,35,516,13,39,21,38,66,64,33
87,31,31,0,6,0,0,0,0,0,0,3,0,0,0,0,2,0,0,1987,1987-07-11,3238,2938,328,741,129,18,73,307,227,35,519,13,39,21,38,68,64,33
88,47,39,12,11,3,0,3,11,8,1,8,0,0,0,1,0,0,0,1987,1987-07-12,3285,2977,340,752,132,18,76,318,235,36,527,13,39,21,39,68,64,33
89,36,31,7,8,2,0,2,4,5,2,3,0,0,0,1,1,1,1,1987,1987-07-16,3321,3008,347,760,134,18,78,322,240,38,530,13,39,21,40,69,65,34
90,37,37,3,11,1,0,1,3,0,0,6,0,0,0,1,1,0,2,1987,1987-07-17,3358,3045,350,771,135,18,79,325,240,38,536,13,39,21,41,70,65,36
91,33,30,2,4,1,0,1,2,3,0,3,0,0,0,0,0,0,1,1987,1987-07-18,3391,3075,352,775,136,18,80,327,243,38,539,13,39,21,41,70,65,37
92,36,35,2,7,0,0,0,2,1,0,4,0,0,0,0,0,0,0,1987,1987-07-19,3427,3110,354,782,136,18,80,329,244,38,543,13,39,21,41,70,65,37
93,32,30,1,4,0,0,0,1,1,0,2,1,0,0,0,1,0,0,1987,1987-07-21,3459,3140,355,786,136,18,80,330,245,38,545,14,39,21,41,71,65,37
94,36,32,1,6,2,0,0,0,3,1,4,0,1,0,2,2,2,0,1987,1987-07-22,3495,3172,356,792,138,18,80,330,248,39,549,14,40,21,43,73,67,37
95,40,35,6,11,0,0,0,6,1,0,6,1,3,0,1,0,1,0,1987,1987-07-23,3535,3207,362,803,138,18,80,336,249,39,555,15,43,21,44,73,68,37
96,38,33,4,8,0,0,2,4,3,0,5,1,1,0,0,1,2,0,1987,1987-07-24,3573,3240,366,811,138,18,82,340,252,39,560,16,44,21,44,74,70,37
97,40,34,7,12,1,0,2,7,5,0,5,0,0,1,0,1,0,0,1987,1987-07-25,3613,3274,373,823,139,18,84,347,257,39,565,16,44,22,44,75,70,37
98,37,31,7,8,3,0,1,6,5,2,4,0,1,0,0,0,1,0,1987,1987-07-26,3650,3305,380,831,142,18,85,353,262,41,569,16,45,22,44,75,71,37
99,49,40,6,7,0,0,2,5,6,1,12,0,2,1,2,0,1,0,1987,1987-07-27,3699,3345,386,838,142,18,87,358,268,42,581,16,47,23,46,75,72,37
100,35,32,4,10,0,0,0,3,1,0,5,1,0,1,2,1,1,2,1987,1987-07-28,3734,3377,390,848,142,18,87,361,269,42,586,17,47,24,48,76,73,39
101,34,32,2,6,2,0,2,2,1,0,3,0,1,0,0,0,0,0,1987,1987-07-29,3768,3409,392,854,144,18,89,363,270,42,589,17,48,24,48,76,73,39
102,42,39,9,14,4,0,2,9,3,1,5,0,0,0,0,2,0,0,1987,1987-07-31,3810,3448,401,868,148,18,91,372,273,43,594,17,48,24,48,78,73,39
103,47,40,5,15,2,0,1,5,4,0,9,1,1,1,0,0,1,0,1987,1987-08-01,3857,3488,406,883,150,18,92,377,277,43,603,18,49,25,48,78,74,39
104,38,35,5,9,2,1,0,5,3,0,3,0,0,0,0,1,1,0,1987,1987-08-02,3895,3523,411,892,152,19,92,382,280,43,606,18,49,25,48,79,75,39
105,39,35,7,11,0,1,2,7,2,0,2,0,1,1,0,1,1,0,1987,1987-08-03,3934,3558,418,903,152,20,94,389,282,43,608,18,50,26,48,80,76,39
106,41,38,4,13,2,0,2,4,3,1,3,0,0,0,0,1,0,0,1987,1987-08-04,3975,3596,422,916,154,20,96,393,285,44,611,18,50,26,48,81,76,39
107,38,36,3,10,3,0,1,3,1,0,4,0,1,0,0,0,0,0,1987,1987-08-05,4013,3632,425,926,157,20,97,396,286,44,615,18,51,26,48,81,76,39
108,36,32,3,8,1,0,1,3,4,0,4,0,0,0,0,2,1,1,1987,1987-08-07,4049,3664,428,934,158,20,98,399,290,44,619,18,51,26,48,83,77,40
109,43,40,7,13,0,0,3,7,2,0,5,1,0,0,0,0,1,0,1987,1987-08-08,4092,3704,435,947,158,20,101,406,292,44,624,19,51,26,48,83,78,40
110,35,30,5,8,2,0,1,5,3,0,4,0,1,1,1,1,3,0,1987,1987-08-09,4127,3734,440,955,160,20,102,411,295,44,628,19,52,27,49,84,81,40
111,34,32,3,9,0,0,0,2,2,1,5,0,0,0,1,2,0,1,1987,1987-08-10,4161,3766,443,964,160,20,102,413,297,45,633,19,52,27,50,86,81,41
112,40,33,7,13,4,0,0,7,5,1,7,0,1,1,0,1,4,1,1987,1987-08-11,4201,3799,450,977,164,20,102,420,302,46,640,19,53,28,50,87,85,42
113,31,29,1,6,0,0,0,1,2,0,5,0,0,0,0,0,0,2,1987,1987-08-12,4232,3828,451,983,164,20,102,421,304,46,645,19,53,28,50,87,85,44
114,37,33,2,7,2,0,1,2,4,0,5,0,0,0,0,1,1,0,1987,1987-08-13,4269,3861,453,990,166,20,103,423,308,46,650,19,53,28,50,88,86,44
115,37,34,4,7,2,0,0,4,2,1,7,0,1,0,1,0,0,0,1987,1987-08-14,4306,3895,457,997,168,20,103,427,310,47,657,19,54,28,51,88,86,44
116,31,29,0,4,0,0,0,0,2,0,7,0,0,0,0,1,0,0,1987,1987-08-15,4337,3924,457,1001,168,20,103,427,312,47,664,19,54,28,51,89,86,44
117,33,29,0,3,0,0,0,0,3,1,4,0,1,0,0,2,0,0,1987,1987-08-16,4370,3953,457,1004,168,20,103,427,315,48,668,19,55,28,51,91,86,44
118,33,30,1,7,1,0,0,1,2,0,8,0,0,1,0,1,0,1,1987,1987-08-18,4403,3983,458,1011,169,20,103,428,317,48,676,19,55,29,51,92,86,45
119,44,39,10,12,3,0,1,10,4,0,8,0,1,0,2,0,0,0,1987,1987-08-19,4447,4022,468,1023,172,20,104,438,321,48,684,19,56,29,53,92,86,45
120,42,39,7,13,4,0,1,6,1,1,4,1,1,0,1,0,2,0,1987,1987-08-20,4489,4061,475,1036,176,20,105,444,322,49,688,20,57,29,54,92,88,45
121,40,37,1,6,2,0,0,1,3,0,3,0,0,0,1,2,0,1,1987,,4529,4098,476,1042,178,20,105,445,325,49,691,20,57,29,55,94,88,46
122,41,36,3,9,5,0,0,3,2,0,3,2,0,1,1,0,0,0,1987,,4570,4134,479,1051,183,20,105,448,327,49,694,22,57,30,56,94,88,46
123,33,33,0,6,0,0,0,0,0,0,5,0,0,0,0,0,0,0,1987,1987-08-22,4603,4167,479,1057,183,20,105,448,327,49,699,22,57,30,56,94,88,46
124,41,34,5,12,1,0,0,5,2,0,4,0,4,1,0,0,1,0,1987,1987-08-23,4644,4201,484,1069,184,20,105,453,329,49,703,22,61,31,56,94,89,46
125,32,30,0,4,1,0,0,0,2,1,5,0,0,0,0,0,0,0,1987,1987-08-24,4676,4231,484,1073,185,20,105,453,331,50,708,22,61,31,56,94,89,46
126,37,34,3,8,1,0,1,3,2,0,5,1,0,0,1,0,0,2,1987,1987-08-25,4713,4265,487,1081,186,20,106,456,333,50,713,23,61,31,57,94,89,48
127,37,34,2,6,1,0,0,1,3,0,10,0,0,0,1,0,0,0,1987,1987-08-26,4750,4299,489,1087,187,20,106,457,336,50,723,23,61,31,58,94,89,48
128,44,43,1,4,1,0,0,1,1,1,5,0,0,0,4,1,1,0,1987,1987-08-28,4794,4342,490,1091,188,20,106,458,337,51,728,23,61,31,62,95,90,48
129,43,35,5,8,2,0,0,5,3,0,6,1,3,1,1,0,2,1,1987,1987-08-29,4837,4377,495,1099,190,20,106,463,340,51,734,24,64,32,63,95,92,49
130,36,34,4,9,1,0,0,4,1,0,8,0,1,0,2,1,1,1,1987,1987-08-30,4873,4411,499,1108,191,20,106,467,341,51,742,24,65,32,65,96,93,50
131,36,33,2,7,1,0,0,2,2,0,3,0,1,0,1,1,0,0,1987,1987-08-31,4909,4444,501,1115,192,20,106,469,343,51,745,24,66,32,66,97,93,50
132,37,33,5,8,2,0,1,5,4,0,7,0,0,0,1,2,0,1,1987,1987-09-01,4946,4477,506,1123,194,20,107,474,347,51,752,24,66,32,67,99,93,51
133,35,33,2,6,0,0,1,2,2,0,5,0,0,0,1,1,0,0,1987,1987-09-02,4981,4510,508,1129,194,20,108,476,349,51,757,24,66,32,68,100,93,51
134,37,34,1,6,0,0,0,1,3,0,5,0,0,0,2,1,0,0,1987,1987-09-04,5018,4544,509,1135,194,20,108,477,352,51,762,24,66,32,70,101,93,51
135,32,31,3,4,0,0,2,3,1,0,10,0,0,0,0,0,1,0,1987,1987-09-05,5050,4575,512,1139,194,20,110,480,353,51,772,24,66,32,70,101,94,51
136,62,53,3,10,0,0,1,2,5,2,12,0,3,1,1,1,2,0,1987,1987-09-06,5112,4628,515,1149,194,20,111,482,358,53,784,24,69,33,71,102,96,51
137,52,46,2,9,2,0,0,2,5,1,6,0,0,1,0,1,0,0,1987,1987-09-07,5164,4674,517,1158,196,20,111,484,363,54,790,24,69,34,71,103,96,51
138,43,37,5,10,2,2,0,5,4,1,5,2,0,0,1,1,4,0,1987,1987-09-08,5207,4711,522,1168,198,22,111,489,367,55,795,26,69,34,72,104,100,51
139,31,29,1,2,2,0,0,0,2,1,8,0,0,0,0,0,0,0,1987,1987-09-09,5238,4740,523,1170,200,22,111,489,369,56,803,26,69,34,72,104,100,51
140,45,36,5,12,0,0,1,5,6,0,4,2,1,0,0,2,2,0,1987,1987-09-11,5283,4776,528,1182,200,22,112,494,375,56,807,28,70,34,72,106,102,51
141,48,43,9,11,6,0,1,9,5,1,4,0,0,0,2,0,3,0,1987,1987-09-12,5331,4819,537,1193,206,22,113,503,380,57,811,28,70,34,74,106,105,51
142,42,37,6,13,1,0,1,6,4,2,1,0,1,0,0,1,1,0,1987,1987-09-13,5373,4856,543,1206,207,22,114,509,384,59,812,28,71,34,74,107,106,51
143,37,35,1,8,0,0,0,1,2,0,9,0,0,0,0,0,1,0,1987,1987-09-14,5410,4891,544,1214,207,22,114,510,386,59,821,28,71,34,74,107,107,51
144,33,30,3,10,1,0,0,3,3,0,2,0,0,0,1,2,3,0,1987,1987-09-15,5443,4921,547,1224,208,22,114,513,389,59,823,28,71,34,75,109,110,51
145,39,33,2,8,2,0,0,2,3,1,5,0,2,1,0,1,2,1,1987,,5482,4954,549,1232,210,22,114,515,392,60,828,28,73,35,75,110,112,52
146,36,29,6,10,3,0,0,5,5,1,4,0,1,1,0,0,0,2,1987,,5518,4983,555,1242,213,22,114,520,397,61,832,28,74,36,75,110,112,54
147,34,30,7,9,0,0,1,6,3,0,4,0,1,0,0,1,1,1,1987,1987-09-18,5552,5013,562,1251,213,22,115,526,400,61,836,28,75,36,75,111,113,55
148,43,38,7,12,0,0,1,7,3,0,7,1,0,1,1,0,2,0,1987,1987-09-19,5595,5051,569,1263,213,22,116,533,403,61,843,29,75,37,76,111,115,55
149,32,30,5,10,0,0,0,5,1,0,3,0,0,1,0,3,0,0,1987,1987-09-20,5627,5081,574,1273,213,22,116,538,404,61,846,29,75,38,76,114,115,55
150,38,34,4,10,1,0,0,4,4,2,5,0,0,0,0,2,1,1,1987,1987-09-21,5665,5115,578,1283,214,22,116,542,408,63,851,29,75,38,76,116,116,56
151,38,35,4,7,0,0,2,4,2,1,10,1,0,0,1,0,0,0,1987,1987-09-22,5703,5150,582,1290,214,22,118,546,410,64,861,30,75,38,77,116,116,56
152,46,39,8,15,3,0,1,7,6,0,6,0,1,0,1,2,3,0,1987,1987-09-23,5749,5189,590,1305,217,22,119,553,416,64,867,30,76,38,78,118,119,56
153,33,31,5,8,2,0,1,5,2,0,4,0,0,0,0,0,0,1,1987,1987-09-25,5782,5220,595,1313,219,22,120,558,418,64,871,30,76,38,78,118,119,57
154,34,33,3,10,2,0,0,3,1,0,2,0,0,0,1,0,0,2,1987,1987-09-26,5816,5253,598,1323,221,22,120,561,419,64,873,30,76,38,79,118,119,59
155,34,26,4,5,1,0,1,4,5,1,6,0,3,0,0,0,0,0,1987,1987-09-27,5850,5279,602,1328,222,22,121,565,424,65,879,30,79,38,79,118,119,59
156,37,36,5,10,2,0,0,5,1,0,5,0,0,0,1,0,1,0,1987,1987-09-28,5887,5315,607,1338,224,22,121,570,425,65,884,30,79,38,80,118,120,59
157,37,32,6,8,2,0,1,5,4,1,11,0,1,0,0,1,1,0,1987,1987-09-29,5924,5347,613,1346,226,22,122,575,429,66,895,30,80,38,80,119,121,59
158,35,33,0,6,1,0,0,0,2,1,8,0,0,0,1,1,3,0,1987,1987-09-30,5959,5380,613,1352,227,22,122,575,431,67,903,30,80,38,81,120,124,59
159,37,33,7,10,1,0,0,4,2,1,2,1,1,0,2,2,0,0,1987,1987-10-01,5996,5413,620,1362,228,22,122,579,433,68,905,31,81,38,83,122,124,59
160,45,37,10,11,3,1,2,10,8,1,6,0,0,0,1,2,0,0,1987,1987-10-02,6041,5450,630,1373,231,23,124,589,441,69,911,31,81,38,84,124,124,59
161,37,32,0,7,2,0,0,0,4,1,5,0,1,0,0,1,2,0,1987,1987-10-03,6078,5482,630,1380,233,23,124,589,445,70,916,31,82,38,84,125,126,59
162,36,35,5,9,3,0,1,5,0,0,7,0,0,1,1,1,2,0,1987,1987-10-04,6114,5517,635,1389,236,23,125,594,445,70,923,31,82,39,85,126,128,59
1,30,28,2,5,1,0,1,2,2,0,0,0,0,0,0,0,0,0,1986,1986-04-07,30,28,2,5,1,0,1,2,2,0,0,0,0,0,0,0,0,0
2,30,28,0,3,0,0,0,0,1,0,2,0,1,0,0,0,0,1,1986,1986-04-08,60,56,2,8,1,0,1,2,3,0,2,0,1,0,0,0,0,1
3,30,29,1,7,0,0,0,1,1,0,6,0,0,0,0,1,1,1,1986,1986-04-09,90,85,3,15,1,0,1,3,4,0,8,0,1,0,0,1,1,2
4,37,34,2,9,1,0,0,2,3,0,5,0,0,0,0,1,0,1,1986,1986-04-10,127,119,5,24,2,0,1,5,7,0,13,0,1,0,0,2,1,3
5,57,48,8,13,1,0,1,8,5,0,11,3,0,1,1,1,2,0,1986,1986-04-11,184,167,13,37,3,0,2,13,12,0,24,3,1,1,1,3,3,3
6,48,37,6,8,0,0,1,6,7,2,8,0,2,2,0,0,0,0,1986,1986-04-12,232,204,19,45,3,0,3,19,19,2,32,3,3,3,1,3,3,3
7,35,32,3,9,0,0,2,3,3,1,6,0,0,0,1,1,4,0,1986,1986-04-13,267,236,22,54,3,0,5,22,22,3,38,3,3,3,2,4,7,3
8,44,41,3,11,1,0,1,2,2,0,10,0,1,0,0,0,2,0,1986,1986-04-14,311,277,25,65,4,0,6,24,24,3,48,3,4,3,2,4,9,3
9,42,39,1,4,0,0,0,1,2,0,8,0,1,0,1,1,0,0,1986,1986-04-15,353,316,26,69,4,0,6,25,26,3,56,3,5,3,3,5,9,3
10,34,31,1,6,5,0,0,1,2,0,7,1,0,0,0,2,0,0,1986,1986-04-16,387,347,27,75,9,0,6,26,28,3,63,4,5,3,3,7,9,3
11,37,34,3,6,1,0,1,2,3,0,6,0,0,0,2,1,0,0,1986,1986-04-18,424,381,30,81,10,0,7,28,31,3,69,4,5,3,5,8,9,3
12,32,28,0,2,0,0,0,0,4,0,5,0,0,0,0,1,0,0,1986,1986-04-19,456,409,30,83,10,0,7,28,35,3,74,4,5,3,5,9,9,3
13,44,34,7,10,2,0,2,6,8,1,5,1,1,0,1,1,4,1,1986,1986-04-20,500,443,37,93,12,0,9,34,43,4,79,5,6,3,6,10,13,4
14,31,29,1,3,0,0,1,1,2,0,7,0,0,0,0,1,0,0,1986,1986-04-21,531,472,38,96,12,0,10,35,45,4,86,5,6,3,6,11,13,4
15,35,32,3,5,1,0,1,3,3,0,6,0,0,0,0,0,1,0,1986,1986-04-22,566,504,41,101,13,0,11,38,48,4,92,5,6,3,6,11,14,4
16,42,37,6,10,2,0,2,6,5,1,3,0,0,0,1,0,1,1,1986,1986-04-23,608,541,47,111,15,0,13,44,53,5,95,5,6,3,7,11,15,5
17,35,31,6,7,1,0,2,5,3,0,5,1,0,0,0,0,0,0,1986,1986-04-24,643,572,53,118,16,0,15,49,56,5,100,6,6,3,7,11,15,5
18,35,30,1,4,0,0,1,1,5,0,9,0,0,0,1,1,1,1,1986,1986-04-25,678,602,54,122,16,0,16,50,61,5,109,6,6,3,8,12,16,6
19,39,34,4,8,3,0,0,4,4,1,7,0,1,0,0,1,4,2,1986,1986-04-26,717,636,58,130,19,0,16,54,65,6,116,6,7,3,8,13,20,8
20,37,34,7,13,1,0,1,7,1,0,7,0,2,0,0,0,3,1,1986,1986-04-27,754,670,65,143,20,0,17,61,66,6,123,6,9,3,8,13,23,9
21,30,27,2,4,1,0,0,1,2,0,2,0,1,0,1,0,1,1,1986,1986-04-28,784,697,67,147,21,0,17,62,68,6,125,6,10,3,9,13,24,10
22,34,31,5,9,0,1,0,4,2,0,2,0,1,0,1,1,1,1,1986,1986-04-29,818,728,72,156,21,1,17,66,70,6,127,6,11,3,10,14,25,11
23,32,31,4,8,1,0,3,4,0,0,10,0,1,0,0,0,1,0,1986,1986-04-30,850,759,76,164,22,1,20,70,70,6,137,6,12,3,10,14,26,11
24,35,29,4,9,0,0,0,4,4,0,2,1,1,0,0,2,0,1,1986,1986-05-01,885,788,80,173,22,1,20,74,74,6,139,7,13,3,10,16,26,12
25,32,28,3,8,0,0,1,3,3,0,2,0,0,1,0,0,2,2,1986,1986-05-02,917,816,83,181,22,1,21,77,77,6,141,7,13,4,10,16,28,14
26,35,32,3,9,3,0,0,3,2,0,2,1,0,0,0,1,0,0,1986,1986-05-03,952,848,86,190,25,1,21,80,79,6,143,8,13,4,10,17,28,14
27,34,28,1,3,1,0,0,1,5,0,8,0,0,1,0,1,0,0,1986,1986-05-04,986,876,87,193,26,1,21,81,84,6,151,8,13,5,10,18,28,14
28,38,34,6,9,3,0,3,6,4,0,5,0,0,0,0,1,0,1,1986,1986-05-06,1024,910,93,202,29,1,24,87,88,6,156,8,13,5,10,19,28,15
29,41,34,8,12,2,0,1,8,6,1,6,0,1,0,0,2,0,1,1986,1986-05-07,1065,944,101,214,31,1,25,95,94,7,162,8,14,5,10,21,28,16
30,41,37,5,11,3,0,1,5,1,0,7,2,1,0,0,0,0,0,1986,1986-05-08,1106,981,106,225,34,1,26,100,95,7,169,10,15,5,10,21,28,16
31,40,35,4,11,0,1,0,4,4,1,4,0,1,0,0,2,0,0,1986,1986-05-09,1146,1016,110,236,34,2,26,104,99,8,173,10,16,5,10,23,28,16
32,45,41,2,8,2,0,0,2,4,1,7,0,0,0,0,1,0,0,1986,1986-05-10,1191,1057,112,244,36,2,26,106,103,9,180,10,16,5,10,24,28,16
33,39,36,3,12,1,0,0,3,2,0,12,0,1,0,0,0,1,0,1986,1986-05-11,1230,1093,115,256,37,2,26,109,105,9,192,10,17,5,10,24,29,16
34,51,49,6,12,4,0,1,6,1,0,2,0,1,0,2,1,0,1,1986,1986-05-13,1281,1142,121,268,41,2,27,115,106,9,194,10,18,5,12,25,29,17
35,46,42,8,17,2,0,0,7,2,1,7,0,1,1,3,2,2,0,1986,1986-05-14,1327,1184,129,285,43,2,27,122,108,10,201,10,19,6,15,27,31,17
36,43,42,4,10,0,0,0,4,1,0,10,0,0,0,1,0,0,0,1986,1986-05-16,1370,1226,133,295,43,2,27,126,109,10,211,10,19,6,16,27,31,17
37,35,30,6,8,1,0,0,5,4,0,6,0,1,0,0,0,1,1,1986,1986-05-17,1405,1256,139,303,44,2,27,131,113,10,217,10,20,6,16,27,32,18
38,36,34,4,9,1,0,0,4,1,0,5,0,0,1,0,1,0,0,1986,1986-05-18,1441,1290,143,312,45,2,27,135,114,10,222,10,20,7,16,28,32,18
39,36,30,4,8,3,0,1,4,5,1,6,1,0,0,0,0,3,2,1986,1986-05-20,1477,1320,147,320,48,2,28,139,119,11,228,11,20,7,16,28,35,20
40,32,29,6,8,0,0,2,6,1,0,3,0,1,1,1,1,1,1,1986,1986-05-21,1509,1349,153,328,48,2,30,145,120,11,231,11,21,8,17,29,36,21
41,32,28,2,3,2,0,1,1,4,1,2,0,0,0,1,1,0,0,1986,1986-05-22,1541,1377,155,331,50,2,31,146,124,12,233,11,21,8,18,30,36,21
42,37,36,2,11,1,0,1,2,0,0,6,0,0,1,0,1,2,0,1986,1986-05-23,1578,1413,157,342,51,2,32,148,124,12,239,11,21,9,18,31,38,21
43,36,34,6,12,0,1,0,6,2,0,7,0,0,0,0,1,2,1,1986,1986-05-24,1614,1447,163,354,51,3,32,154,126,12,246,11,21,9,18,32,40,22
44,36,29,5,6,0,0,1,5,7,0,6,0,0,0,0,0,2,1,1986,1986-05-25,1650,1476,168,360,51,3,33,159,133,12,252,11,21,9,18,32,42,23
45,34,32,1,5,1,0,1,1,2,0,12,0,0,0,0,0,0,0,1986,1986-05-27,1684,1508,169,365,52,3,34,160,135,12,264,11,21,9,18,32,42,23
46,33,31,2,5,1,0,2,2,2,0,10,0,0,0,0,1,0,0,1986,1986-05-28,1717,1539,171,370,53,3,36,162,137,12,274,11,21,9,18,33,42,23
47,34,32,2,5,2,0,1,2,2,0,7,0,0,0,1,0,1,0,1986,1986-05-29,1751,1571,173,375,55,3,37,164,139,12,281,11,21,9,19,33,43,23
48,48,40,6,9,1,0,0,4,6,0,7,1,1,0,1,1,4,1,1986,1986-05-30,1799,1611,179,384,56,3,37,168,145,12,288,12,22,9,20,34,47,24
49,37,32,0,9,1,0,0,0,4,1,7,0,1,0,0,0,1,2,1986,1986-05-31,1836,1643,179,393,57,3,37,168,149,13,295,12,23,9,20,34,48,26
50,34,32,3,7,2,0,2,3,1,0,4,0,1,0,0,0,1,0,1986,1986-06-01,1870,1675,182,400,59,3,39,171,150,13,299,12,24,9,20,34,49,26
51,36,32,2,6,1,0,0,1,4,0,7,0,0,0,1,1,2,1,1986,1986-06-02,1906,1707,184,406,60,3,39,172,154,13,306,12,24,9,21,35,51,27
52,46,41,11,15,2,0,3,11,5,1,7,0,0,0,1,2,5,0,1986,1986-06-03,1952,1748,195,421,62,3,42,183,159,14,313,12,24,9,22,37,56,27
53,41,40,7,15,2,0,3,7,1,0,8,0,0,0,1,1,2,1,1986,1986-06-04,1993,1788,202,436,64,3,45,190,160,14,321,12,24,9,23,38,58,28
54,30,26,1,3,1,1,0,1,3,0,3,0,0,1,0,0,1,0,1986,1986-06-05,2023,1814,203,439,65,4,45,191,163,14,324,12,24,10,23,38,59,28
55,33,27,3,7,2,1,0,2,3,1,4,0,2,1,0,0,1,2,1986,1986-06-06,2056,1841,206,446,67,5,45,193,166,15,328,12,26,11,23,38,60,30
56,47,41,5,17,5,0,1,5,6,0,7,0,0,0,0,2,3,0,1986,1986-06-07,2103,1882,211,463,72,5,46,198,172,15,335,12,26,11,23,40,63,30
57,33,30,2,5,1,0,1,2,2,0,9,0,0,1,0,0,1,1,1986,1986-06-08,2136,1912,213,468,73,5,47,200,174,15,344,12,26,12,23,40,64,31
58,33,31,6,9,0,0,4,6,1,0,2,0,1,0,0,0,1,1,1986,1986-06-09,2169,1943,219,477,73,5,51,206,175,15,346,12,27,12,23,40,65,32
59,31,28,1,5,0,0,0,0,1,1,4,0,2,0,0,0,0,0,1986,1986-06-10,2200,1971,220,482,73,5,51,206,176,16,350,12,29,12,23,40,65,32
60,48,43,5,12,2,0,2,5,5,3,2,0,0,0,0,1,0,0,1986,1986-06-11,2248,2014,225,494,75,5,53,211,181,19,352,12,29,12,23,41,65,32
61,40,36,6,11,1,0,1,6,3,1,5,0,1,0,0,0,0,0,1986,1986-06-13,2288,2050,231,505,76,5,54,217,184,20,357,12,30,12,23,41,65,32
62,31,27,0,4,0,0,0,0,3,0,5,0,1,0,0,0,0,1,1986,1986-06-14,2319,2077,231,509,76,5,54,217,187,20,362,12,31,12,23,41,65,33
63,39,31,6,7,1,0,1,4,5,0,7,0,3,0,0,0,1,1,1986,1986-06-15,2358,2108,237,516,77,5,55,221,192,20,369,12,34,12,23,41,66,34
64,44,38,3,12,0,0,2,3,5,0,7,0,1,0,0,1,1,1,1986,1986-06-17,2402,2146,240,528,77,5,57,224,197,20,376,12,35,12,23,42,67,35
65,43,40,5,15,1,1,1,5,3,1,4,0,0,0,0,1,0,1,1986,1986-06-18,2445,2186,245,543,78,6,58,229,200,21,380,12,35,12,23,43,67,36
66,44,38,9,15,2,1,2,8,5,0,7,0,1,0,1,3,3,0,1986,1986-06-19,2489,2224,254,558,80,7,60,237,205,21,387,12,36,12,24,46,70,36
67,40,35,4,9,0,0,1,4,4,1,2,1,0,0,0,1,2,0,1986,1986-06-20,2529,2259,258,567,80,7,61,241,209,22,389,13,36,12,24,47,72,36
68,57,50,7,12,5,0,1,7,4,2,14,0,2,1,1,1,1,0,1986,1986-06-21,2586,2309,265,579,85,7,62,248,213,24,403,13,38,13,25,48,73,36
69,40,34,4,9,1,0,0,3,6,0,7,0,0,0,1,1,0,0,1986,1986-06-22,2626,2343,269,588,86,7,62,251,219,24,410,13,38,13,26,49,73,36
70,42,37,5,13,3,0,0,5,4,0,6,0,0,1,0,1,3,1,1986,1986-06-23,2668,2380,274,601,89,7,62,256,223,24,416,13,38,14,26,50,76,37
71,38,34,6,12,0,0,3,5,4,1,4,0,0,0,0,0,1,1,1986,1986-06-24,2706,2414,280,613,89,7,65,261,227,25,420,13,38,14,26,50,77,38
72,40,32,2,6,0,0,0,2,7,1,7,0,1,0,1,0,1,1,1986,1986-06-25,2746,2446,282,619,89,7,65,263,234,26,427,13,39,14,27,50,78,39
73,29,29,0,2,0,0,0,0,0,0,11,0,0,0,1,0,0,1,1986,1986-06-27,2775,2475,282,621,89,7,65,263,234,26,438,13,39,14,28,50,78,40
74,38,34,4,9,4,0,0,4,3,0,4,0,0,1,0,1,2,0,1986,1986-06-28,2813,2509,286,630,93,7,65,267,237,26,442,13,39,15,28,51,80,40
75,34,30,1,4,3,0,0,1,3,0,10,0,1,0,0,0,0,0,1986,1986-06-29,2847,2539,287,634,96,7,65,268,240,26,452,13,40,15,28,51,80,40
76,46,44,5,13,3,0,0,4,2,1,6,0,0,0,1,2,2,0,1986,1986-06-30,2893,2583,292,647,99,7,65,272,242,27,458,13,40,15,29,53,82,40
77,39,34,3,8,1,0,0,3,4,1,8,0,1,0,0,2,1,0,1986,1986-07-02,2932,2617,295,655,100,7,65,275,246,28,466,13,41,15,29,55,83,40
78,39,33,6,9,2,0,0,4,4,0,7,2,0,0,0,0,0,0,1986,1986-07-03,2971,2650,301,664,102,7,65,279,250,28,473,15,41,15,29,55,83,40
79,38,36,4,8,3,0,1,4,2,0,7,0,0,0,1,0,0,0,1986,1986-07-04,3009,2686,305,672,105,7,66,283,252,28,480,15,41,15,30,55,83,40
80,30,30,0,4,0,0,0,0,0,0,4,0,0,0,0,1,0,0,1986,1986-07-05,3039,2716,305,676,105,7,66,283,252,28,484,15,41,15,30,56,83,40
81,34,31,4,9,1,0,0,4,1,0,1,0,2,0,0,0,2,0,1986,1986-07-06,3073,2747,309,685,106,7,66,287,253,28,485,15,43,15,30,56,85,40
82,33,30,1,9,0,0,0,0,2,2,5,0,1,0,0,2,1,0,1986,1986-07-07,3106,2777,310,694,106,7,66,287,255,30,490,15,44,15,30,58,86,40
83,34,33,0,5,0,0,0,0,1,1,7,0,0,0,1,0,1,0,1986,1986-07-08,3140,2810,310,699,106,7,66,287,256,31,497,15,44,15,31,58,87,40
84,42,38,8,15,6,0,0,8,4,1,4,0,0,0,2,1,0,1,1986,1986-07-09,3182,2848,318,714,112,7,66,295,260,32,501,15,44,15,33,59,87,41
85,40,32,11,11,5,0,0,11,4,1,3,0,1,3,2,1,1,0,1986,1986-07-10,3222,2880,329,725,117,7,66,306,264,33,504,15,45,18,35,60,88,41
86,34,33,3,8,0,1,1,3,0,0,11,0,0,1,0,0,1,1,1986,1986-07-11,3256,2913,332,733,117,8,67,309,264,33,515,15,45,19,35,60,89,42
87,35,30,4,6,0,0,0,4,3,0,4,0,1,1,0,0,1,0,1986,1986-07-12,3291,2943,336,739,117,8,67,313,267,33,519,15,46,20,35,60,90,42
88,33,31,4,6,2,0,1,4,2,0,6,0,0,0,0,1,1,0,1986,1986-07-13,3324,2974,340,745,119,8,68,317,269,33,525,15,46,20,35,61,91,42
89,36,34,2,9,3,0,1,2,2,0,8,0,0,0,1,2,0,1,1986,1986-07-17,3360,3008,342,754,122,8,69,319,271,33,533,15,46,20,36,63,91,43
90,32,32,4,6,1,0,3,4,0,0,3,0,0,0,1,1,0,0,1986,1986-07-18,3392,3040,346,760,123,8,72,323,271,33,536,15,46,20,37,64,91,43
91,33,33,1,7,3,0,0,1,0,0,4,0,0,0,0,1,0,0,1986,1986-07-19,3425,3073,347,767,126,8,72,324,271,33,540,15,46,20,37,65,91,43
92,43,40,7,14,2,0,2,6,3,1,6,0,0,0,0,1,5,0,1986,1986-07-20,3468,3113,354,781,128,8,74,330,274,34,546,15,46,20,37,66,96,43
93,37,35,4,9,3,0,1,4,2,0,4,0,0,0,0,0,0,0,1986,1986-07-22,3505,3148,358,790,131,8,75,334,276,34,550,15,46,20,37,66,96,43
94,38,34,6,8,1,0,1,5,1,0,8,2,0,1,2,0,0,0,1986,1986-07-23,3543,3182,364,798,132,8,76,339,277,34,558,17,46,21,39,66,96,43
95,40,33,9,11,0,0,4,9,5,0,5,0,2,0,0,2,2,1,1986,1986-07-24,3583,3215,373,809,132,8,80,348,282,34,563,17,48,21,39,68,98,44
96,38,32,3,8,2,0,0,2,4,0,6,0,1,1,1,2,0,0,1986,1986-07-25,3621,3247,376,817,134,8,80,350,286,34,569,17,49,22,40,70,98,44
97,37,34,4,9,3,0,2,4,2,0,3,0,0,1,1,1,0,0,1986,1986-07-26,3658,3281,380,826,137,8,82,354,288,34,572,17,49,23,41,71,98,44
98,53,45,13,21,2,0,1,13,6,2,5,0,2,0,1,1,4,0,1986,1986-07-27,3711,3326,393,847,139,8,83,367,294,36,577,17,51,23,42,72,102,44
99,35,32,2,7,0,0,0,2,3,0,8,0,0,0,1,0,0,0,1986,1986-07-28,3746,3358,395,854,139,8,83,369,297,36,585,17,51,23,43,72,102,44
100,31,26,2,6,0,0,0,2,3,1,8,0,0,2,1,1,2,1,1986,1986-07-29,3777,3384,397,860,139,8,83,371,300,37,593,17,51,25,44,73,104,45
101,33,30,4,8,0,0,0,4,2,0,6,0,1,0,1,1,0,1,1986,1986-07-30,3810,3414,401,868,139,8,83,375,302,37,599,17,52,25,45,74,104,46
102,39,30,9,9,1,0,1,9,5,2,4,1,2,1,0,0,1,0,1986,1986-08-01,3849,3444,410,877,140,8,84,384,307,39,603,18,54,26,45,74,105,46
103,37,33,7,8,0,0,1,7,4,2,7,0,0,0,1,0,3,0,1986,1986-08-02,3886,3477,417,885,140,8,85,391,311,41,610,18,54,26,46,74,108,46
104,28,25,2,4,0,0,0,2,0,0,4,0,3,0,1,1,1,0,1986,1986-08-03,3914,3502,419,889,140,8,85,393,311,41,614,18,57,26,47,75,109,46
105,39,32,7,10,3,0,1,6,4,1,8,1,2,0,1,0,1,1,1986,1986-08-04,3953,3534,426,899,143,8,86,399,315,42,622,19,59,26,48,75,110,47
106,39,37,2,9,0,0,1,2,2,1,6,0,0,0,2,0,2,0,1986,1986-08-05,3992,3571,428,908,143,8,87,401,317,43,628,19,59,26,50,75,112,47
107,41,32,7,11,0,0,3,6,8,1,3,0,1,0,1,2,2,1,1986,1986-08-06,4033,3603,435,919,143,8,90,407,325,44,631,19,60,26,51,77,114,48
108,32,32,0,5,2,0,0,0,0,0,8,0,0,0,0,0,0,0,1986,,4065,3635,435,924,145,8,90,407,325,44,639,19,60,26,51,77,114,48
109,31,30,1,5,1,0,0,1,1,0,7,0,0,0,1,2,0,1,1986,,4096,3665,436,929,146,8,90,408,326,44,646,19,60,26,52,79,114,49
110,37,35,2,10,2,0,0,2,2,0,3,0,0,0,0,1,0,1,1986,1986-08-09,4133,3700,438,939,148,8,90,410,328,44,649,19,60,26,52,80,114,50
111,36,34,5,8,1,1,2,5,1,0,5,0,1,0,2,1,0,1,1986,1986-08-10,4169,3734,443,947,149,9,92,415,329,44,654,19,61,26,54,81,114,51
112,41,33,6,9,1,1,1,6,6,1,6,0,0,2,0,1,0,0,1986,1986-08-11,4210,3767,449,956,150,10,93,421,335,45,660,19,61,28,54,82,114,51
113,31,29,0,3,0,0,0,0,2,0,7,0,0,0,0,0,0,0,1986,1986-08-12,4241,3796,449,959,150,10,93,421,337,45,667,19,61,28,54,82,114,51
114,41,35,5,10,4,0,0,5,4,0,9,1,1,0,0,0,1,0,1986,1986-08-13,4282,3831,454,969,154,10,93,426,341,45,676,20,62,28,54,82,115,51
115,36,33,2,6,1,0,1,2,2,0,4,1,0,0,1,0,1,0,1986,1986-08-14,4318,3864,456,975,155,10,94,428,343,45,680,21,62,28,55,82,116,51
116,34,32,1,7,2,0,0,1,2,0,12,0,0,0,0,0,0,1,1986,1986-08-15,4352,3896,457,982,157,10,94,429,345,45,692,21,62,28,55,82,116,52
117,41,34,6,10,2,0,0,6,5,1,5,1,0,1,0,0,1,0,1986,1986-08-16,4393,3930,463,992,159,10,94,435,350,46,697,22,62,29,55,82,117,52
118,38,37,2,11,3,0,1,2,1,0,2,0,0,0,1,1,0,0,1986,1986-08-17,4431,3967,465,1003,162,10,95,437,351,46,699,22,62,29,56,83,117,52
119,40,34,4,11,2,0,0,4,5,0,4,1,0,0,0,1,0,2,1986,1986-08-18,4471,4001,469,1014,164,10,95,441,356,46,703,23,62,29,56,84,117,54
120,39,34,4,9,0,0,0,4,4,0,4,0,0,1,0,1,0,0,1986,1986-08-19,4510,4035,473,1023,164,10,95,445,360,46,707,23,62,30,56,85,117,54
121,40,34,5,8,1,0,1,5,5,0,8,0,1,0,0,0,1,0,1986,1986-08-20,4550,4069,478,1031,165,10,96,450,365,46,715,23,63,30,56,85,118,54
122,39,32,2,9,2,0,0,2,6,1,5,0,1,0,0,0,0,1,1986,1986-08-22,4589,4101,480,1040,167,10,96,452,371,47,720,23,64,30,56,85,118,55
123,35,34,4,8,3,0,1,4,0,0,7,0,1,0,1,1,0,0,1986,1986-08-23,4624,4135,484,1048,170,10,97,456,371,47,727,23,65,30,57,86,118,55
124,35,32,3,5,3,0,0,3,2,0,6,0,1,0,1,1,1,0,1986,1986-08-24,4659,4167,487,1053,173,10,97,459,373,47,733,23,66,30,58,87,119,55
125,29,27,3,6,2,0,2,2,2,0,1,0,0,0,0,2,0,1,1986,1986-08-25,4688,4194,490,1059,175,10,99,461,375,47,734,23,66,30,58,89,119,56
126,43,37,4,14,1,0,1,4,4,0,6,0,2,0,0,0,3,0,1986,1986-08-26,4731,4231,494,1073,176,10,100,465,379,47,740,23,68,30,58,89,122,56
127,34,31,1,6,0,0,0,1,2,0,3,0,0,1,0,1,0,0,1986,1986-08-27,4765,4262,495,1079,176,10,100,466,381,47,743,23,68,31,58,90,122,56
128,35,32,1,5,0,0,0,1,2,0,7,0,1,0,1,0,0,0,1986,1986-08-29,4800,4294,496,1084,176,10,100,467,383,47,750,23,69,31,59,90,122,56
129,36,34,3,7,2,0,0,3,0,0,7,2,0,0,0,0,0,0,1986,1986-08-30,4836,4328,499,1091,178,10,100,470,383,47,757,25,69,31,59,90,122,56
130,40,36,7,11,3,0,1,7,3,0,4,0,0,1,0,0,2,0,1986,1986-08-31,4876,4364,506,1102,181,10,101,477,386,47,761,25,69,32,59,90,124,56
131,38,36,6,9,1,0,2,6,2,1,6,0,0,0,0,0,1,0,1986,1986-09-01,4914,4400,512,1111,182,10,103,483,388,48,767,25,69,32,59,90,125,56
132,31,29,0,2,0,0,0,0,2,0,7,0,0,0,0,0,3,0,1986,1986-09-02,4945,4429,512,1113,182,10,103,483,390,48,774,25,69,32,59,90,128,56
133,40,35,5,10,3,0,1,5,3,0,3,0,1,1,1,1,3,0,1986,1986-09-03,4985,4464,517,1123,185,10,104,488,393,48,777,25,70,33,60,91,131,56
134,32,31,0,6,3,0,0,0,1,0,7,0,0,0,0,0,0,2,1986,1986-09-05,5017,4495,517,1129,188,10,104,488,394,48,784,25,70,33,60,91,131,58
135,42,35,3,10,2,0,0,3,6,2,8,0,1,0,1,1,0,1,1986,1986-09-06,5059,4530,520,1139,190,10,104,491,400,50,792,25,71,33,61,92,131,59
136,32,31,1,9,1,0,0,1,1,0,7,0,0,0,0,2,0,1,1986,1986-09-07,5091,4561,521,1148,191,10,104,492,401,50,799,25,71,33,61,94,131,60
137,36,35,7,10,2,0,1,5,1,1,6,0,0,0,3,0,1,0,1986,1986-09-08,5127,4596,528,1158,193,10,105,497,402,51,805,25,71,33,64,94,132,60
138,37,31,9,9,1,0,1,9,6,1,5,0,0,0,0,1,7,0,1986,1986-09-09,5164,4627,537,1167,194,10,106,506,408,52,810,25,71,33,64,95,139,60
139,36,33,5,13,2,0,1,5,0,0,6,1,1,1,0,0,2,1,1986,1986-09-10,5200,4660,542,1180,196,10,107,511,408,52,816,26,72,34,64,95,141,61
140,42,36,14,12,2,0,3,10,5,0,5,1,0,0,1,0,1,1,1986,1986-09-11,5242,4696,556,1192,198,10,110,521,413,52,821,27,72,34,65,95,142,62
141,40,37,3,12,0,0,0,3,2,0,5,0,0,1,0,1,1,0,1986,1986-09-12,5282,4733,559,1204,198,10,110,524,415,52,826,27,72,35,65,96,143,62
142,32,32,0,5,0,0,0,0,0,0,4,0,0,0,0,0,0,0,1986,1986-09-13,5314,4765,559,1209,198,10,110,524,415,52,830,27,72,35,65,96,143,62
143,33,30,3,4,2,0,0,3,2,0,8,0,0,1,0,0,0,1,1986,1986-09-14,5347,4795,562,1213,200,10,110,527,417,52,838,27,72,36,65,96,143,63
144,34,29,1,7,2,0,0,1,4,0,3,0,1,0,0,3,1,0,1986,1986-09-16,5381,4824,563,1220,202,10,110,528,421,52,841,27,73,36,65,99,144,63
145,38,35,1,11,4,0,0,1,1,0,4,2,0,0,1,3,0,0,1986,1986-09-17,5419,4859,564,1231,206,10,110,529,422,52,845,29,73,36,66,102,144,63
146,55,45,3,10,0,1,0,2,9,1,13,0,1,0,1,1,1,0,1986,1986-09-18,5474,4904,567,1241,206,11,110,531,431,53,858,29,74,36,67,103,145,63
147,41,38,9,14,2,0,4,8,2,0,8,0,1,0,1,2,0,1,1986,1986-09-19,5515,4942,576,1255,208,11,114,539,433,53,866,29,75,36,68,105,145,64
148,38,35,5,9,2,0,0,5,3,1,6,0,0,0,0,0,1,0,1986,1986-09-20,5553,4977,581,1264,210,11,114,544,436,54,872,29,75,36,68,105,146,64
149,42,38,4,12,3,0,0,4,3,0,5,0,0,1,0,0,0,0,1986,1986-09-21,5595,5015,585,1276,213,11,114,548,439,54,877,29,75,37,68,105,146,64
150,42,39,9,13,4,0,3,9,1,0,5,0,1,1,1,0,0,0,1986,1986-09-22,5637,5054,594,1289,217,11,117,557,440,54,882,29,76,38,69,105,146,64
151,30,29,0,2,0,0,0,0,1,0,10,0,0,0,0,0,0,0,1986,1986-09-23,5667,5083,594,1291,217,11,117,557,441,54,892,29,76,38,69,105,146,64
152,39,33,4,7,0,0,2,4,5,0,5,0,1,0,0,0,0,0,1986,,5706,5116,598,1298,217,11,119,561,446,54,897,29,77,38,69,105,146,64
153,41,37,6,8,1,0,1,6,4,1,9,0,0,0,2,0,1,0,1986,,5747,5153,604,1306,218,11,120,567,450,55,906,29,77,38,71,105,147,64
154,34,30,0,3,1,0,0,0,3,0,8,0,1,0,1,0,0,0,1986,1986-09-26,5781,5183,604,1309,219,11,120,567,453,55,914,29,78,38,72,105,147,64
155,35,33,3,7,2,0,2,3,2,0,8,0,0,0,1,1,0,1,1986,1986-09-27,5816,5216,607,1316,221,11,122,570,455,55,922,29,78,38,73,106,147,65
156,69,58,5,8,3,0,1,5,7,3,9,2,1,1,4,0,4,0,1986,1986-09-28,5885,5274,612,1324,224,11,123,575,462,58,931,31,79,39,77,106,151,65
157,45,40,10,15,3,2,3,8,5,0,4,0,0,0,1,1,0,1,1986,1986-09-29,5930,5314,622,1339,227,13,126,583,467,58,935,31,79,39,78,107,151,66
158,40,35,8,10,3,1,2,8,4,0,5,1,0,0,0,0,1,0,1986,1986-09-30,5970,5349,630,1349,230,14,128,591,471,58,940,32,79,39,78,107,152,66
159,33,31,2,5,0,0,1,2,2,0,11,0,0,0,0,0,1,0,1986,1986-10-01,6003,5380,632,1354,230,14,129,593,473,58,951,32,79,39,78,107,153,66
160,33,32,2,7,2,0,1,2,1,0,7,0,0,0,0,2,0,0,1986,1986-10-03,6036,5412,634,1361,232,14,130,595,474,58,958,32,79,39,78,109,153,66
161,30,27,2,5,0,0,0,2,2,0,2,0,1,0,0,0,0,1,1986,1986-10-04,6066,5439,636,1366,232,14,130,597,476,58,960,32,80,39,78,109,153,67
162,35,32,2,7,0,0,0,2,2,0,6,0,1,0,1,1,2,0,1986,1986-10-05,6101,5471,638,1373,232,14,130,599,478,58,966,32,81,39,79,110,155,67
1,31,31,1,4,2,0,0,1,0,0,6,0,0,0,0,0,0,0,1985,1985-04-09,31,31,1,4,2,0,0,1,0,0,6,0,0,0,0,0,0,0
2,41,34,5,10,0,0,2,5,5,1,6,0,1,1,0,1,1,0,1985,1985-04-10,72,65,6,14,2,0,2,6,5,1,12,0,1,1,0,1,1,0
3,34,32,4,6,1,0,1,3,2,0,8,0,0,0,0,1,0,0,1985,1985-04-11,106,97,10,20,3,0,3,9,7,1,20,0,1,1,0,2,1,0
4,36,35,1,8,1,0,1,1,1,0,5,0,0,0,0,0,0,0,1985,1985-04-12,142,132,11,28,4,0,4,10,8,1,25,0,1,1,0,2,1,0
5,32,27,1,4,1,0,1,1,4,0,5,0,1,0,0,0,2,0,1985,1985-04-13,174,159,12,32,5,0,5,11,12,1,30,0,2,1,0,2,3,0
6,42,36,4,11,3,0,0,4,6,1,6,0,0,0,0,0,0,0,1985,1985-04-14,216,195,16,43,8,0,5,15,18,2,36,0,2,1,0,2,3,0
7,36,27,5,7,0,0,1,4,6,1,3,0,1,2,0,0,1,1,1985,1985-04-15,252,222,21,50,8,0,6,19,24,3,39,0,3,3,0,2,4,1
8,40,35,3,9,0,0,2,3,3,0,7,0,2,0,2,1,1,0,1985,1985-04-16,292,257,24,59,8,0,8,22,27,3,46,0,5,3,2,3,5,1
9,41,37,1,8,1,0,0,1,2,2,7,0,2,0,0,0,0,0,1985,1985-04-17,333,294,25,67,9,0,8,23,29,5,53,0,7,3,2,3,5,1
10,36,31,5,7,1,0,0,5,2,0,3,0,2,1,1,0,1,1,1985,1985-04-18,369,325,30,74,10,0,8,28,31,5,56,0,9,4,3,3,6,2
11,36,36,2,9,3,0,0,2,0,0,5,0,0,0,0,0,0,0,1985,1985-04-19,405,361,32,83,13,0,8,30,31,5,61,0,9,4,3,3,6,2
12,42,36,3,7,0,0,3,3,5,0,3,0,1,0,1,0,0,1,1985,1985-04-20,447,397,35,90,13,0,11,33,36,5,64,0,10,4,4,3,6,3
13,37,32,2,6,1,0,2,2,5,1,7,0,0,0,0,1,3,0,1985,1985-04-21,484,429,37,96,14,0,13,35,41,6,71,0,10,4,4,4,9,3
14,38,33,3,5,0,0,2,3,4,0,5,0,1,0,0,1,0,0,1985,1985-04-22,522,462,40,101,14,0,15,38,45,6,76,0,11,4,4,5,9,3
15,36,34,1,7,2,1,0,1,1,0,10,1,0,0,1,0,0,0,1985,1985-04-23,558,496,41,108,16,1,15,39,46,6,86,1,11,4,5,5,9,3
16,42,36,4,7,2,0,1,4,5,0,7,1,0,0,2,0,1,0,1985,1985-04-24,600,532,45,115,18,1,16,43,51,6,93,2,11,4,7,5,10,3
17,39,33,6,9,0,0,1,6,5,1,3,1,0,0,2,2,3,0,1985,1985-04-25,639,565,51,124,18,1,17,49,56,7,96,3,11,4,9,7,13,3
18,31,30,2,8,1,0,0,2,1,0,2,0,0,0,0,2,0,0,1985,1985-04-26,670,595,53,132,19,1,17,51,57,7,98,3,11,4,9,9,13,3
19,37,36,3,10,3,0,0,2,0,0,3,0,0,1,0,0,1,0,1985,1985-04-27,707,631,56,142,22,1,17,53,57,7,101,3,11,5,9,9,14,3
20,36,34,0,9,0,0,0,0,2,0,5,0,0,0,0,0,0,0,1985,1985-04-28,743,665,56,151,22,1,17,53,59,7,106,3,11,5,9,9,14,3
21,36,33,1,7,2,0,1,1,1,1,4,2,0,0,0,1,0,0,1985,1985-04-30,779,698,57,158,24,1,18,54,60,8,110,5,11,5,9,10,14,3
22,50,42,2,9,2,1,0,1,6,3,7,0,2,0,0,1,2,0,1985,1985-05-01,829,740,59,167,26,2,18,55,66,11,117,5,13,5,9,11,16,3
23,36,32,2,8,3,0,0,2,3,0,5,0,1,0,0,0,0,1,1985,1985-05-03,865,772,61,175,29,2,18,57,69,11,122,5,14,5,9,11,16,4
24,42,38,6,10,1,2,2,6,4,0,3,0,0,0,0,1,0,1,1985,1985-05-04,907,810,67,185,30,4,20,63,73,11,125,5,14,5,9,12,16,5
25,35,32,2,9,1,1,1,2,2,0,4,0,1,0,0,0,0,2,1985,1985-05-05,942,842,69,194,31,5,21,65,75,11,129,5,15,5,9,12,16,7
26,44,43,5,13,0,0,1,5,1,0,7,0,0,0,1,0,1,1,1985,1985-05-06,986,885,74,207,31,5,22,70,76,11,136,5,15,5,10,12,17,8
27,36,32,2,11,2,0,0,2,2,0,4,0,1,1,0,3,0,0,1985,1985-05-07,1022,917,76,218,33,5,22,72,78,11,140,5,16,6,10,15,17,8
28,33,31,5,6,2,0,0,5,1,1,6,0,0,1,2,0,1,0,1985,1985-05-08,1055,948,81,224,35,5,22,77,79,12,146,5,16,7,12,15,18,8
29,45,35,4,7,0,0,1,3,8,1,7,0,1,1,1,1,4,0,1985,1985-05-09,1100,983,85,231,35,5,23,80,87,13,153,5,17,8,13,16,22,8
30,34,33,1,9,0,0,0,1,1,0,1,0,0,0,0,0,1,0,1985,1985-05-10,1134,1016,86,240,35,5,23,81,88,13,154,5,17,8,13,16,23,8
31,47,40,2,7,0,0,0,2,5,0,9,0,1,1,0,0,1,1,1985,1985-05-11,1181,1056,88,247,35,5,23,83,93,13,163,5,18,9,13,16,24,9
32,31,28,2,6,0,0,1,2,3,0,5,0,0,0,1,1,0,1,1985,1985-05-12,1212,1084,90,253,35,5,24,85,96,13,168,5,18,9,14,17,24,10
33,38,32,3,6,3,0,0,3,4,0,5,1,0,1,1,1,1,0,1985,1985-05-14,1250,1116,93,259,38,5,24,88,100,13,173,6,18,10,15,18,25,10
34,35,34,2,5,2,1,0,1,1,0,4,0,0,0,2,0,0,0,1985,1985-05-15,1285,1150,95,264,40,6,24,89,101,13,177,6,18,10,17,18,25,10
35,40,38,5,11,5,0,0,5,2,0,10,0,0,0,0,0,0,0,1985,1985-05-17,1325,1188,100,275,45,6,24,94,103,13,187,6,18,10,17,18,25,10
36,39,35,5,9,2,0,0,5,4,1,5,0,0,0,1,2,2,0,1985,1985-05-18,1364,1223,105,284,47,6,24,99,107,14,192,6,18,10,18,20,27,10
37,35,33,3,6,1,2,2,3,2,0,4,0,0,0,0,0,0,0,1985,1985-05-19,1399,1256,108,290,48,8,26,102,109,14,196,6,18,10,18,20,27,10
38,32,32,1,7,2,0,1,1,0,0,4,0,0,0,0,2,1,0,1985,1985-05-20,1431,1288,109,297,50,8,27,103,109,14,200,6,18,10,18,22,28,10
39,31,30,1,5,2,0,0,1,0,0,3,0,1,0,0,1,0,0,1985,1985-05-21,1462,1318,110,302,52,8,27,104,109,14,203,6,19,10,18,23,28,10
40,35,33,4,6,1,0,1,4,2,1,6,0,0,0,0,0,2,0,1985,1985-05-22,1497,1351,114,308,53,8,28,108,111,15,209,6,19,10,18,23,30,10
41,38,36,4,8,1,0,2,3,1,0,6,0,1,0,2,0,0,0,1985,1985-05-24,1535,1387,118,316,54,8,30,111,112,15,215,6,20,10,20,23,30,10
42,34,33,6,9,0,0,2,6,1,0,10,0,0,0,0,0,0,2,1985,1985-05-25,1569,1420,124,325,54,8,32,117,113,15,225,6,20,10,20,23,30,12
43,37,32,1,5,1,0,0,1,5,1,4,0,0,0,0,0,4,0,1985,1985-05-26,1606,1452,125,330,55,8,32,118,118,16,229,6,20,10,20,23,34,12
44,36,34,1,9,1,0,0,1,1,0,7,1,0,0,0,1,0,1,1985,1985-05-27,1642,1486,126,339,56,8,32,119,119,16,236,7,20,10,20,24,34,13
45,34,27,6,7,1,0,0,6,5,1,4,0,1,1,0,1,1,1,1985,1985-05-29,1676,1513,132,346,57,8,32,125,124,17,240,7,21,11,20,25,35,14
46,37,33,1,8,0,0,1,1,4,0,4,0,0,0,0,2,0,0,1985,1985-05-30,1713,1546,133,354,57,8,33,126,128,17,244,7,21,11,20,27,35,14
47,34,33,4,9,3,0,0,4,1,1,5,0,0,0,2,0,5,2,1985,1985-05-31,1747,1579,137,363,60,8,33,130,129,18,249,7,21,11,22,27,40,16
48,41,37,2,8,0,0,1,2,4,0,8,0,0,0,0,2,1,2,1985,1985-06-01,1788,1616,139,371,60,8,34,132,133,18,257,7,21,11,22,29,41,18
49,42,34,8,10,0,0,0,7,6,0,7,0,2,0,1,0,1,0,1985,1985-06-02,1830,1650,147,381,60,8,34,139,139,18,264,7,23,11,23,29,42,18
50,54,47,5,14,5,0,0,4,4,0,6,0,3,0,2,0,0,0,1985,1985-06-03,1884,1697,152,395,65,8,34,143,143,18,270,7,26,11,25,29,42,18
51,37,35,1,8,0,0,1,1,2,1,12,0,0,0,1,0,0,0,1985,1985-06-04,1921,1732,153,403,65,8,35,144,145,19,282,7,26,11,26,29,42,18
52,32,26,2,6,2,0,0,2,4,0,7,0,2,0,0,1,3,1,1985,1985-06-05,1953,1758,155,409,67,8,35,146,149,19,289,7,28,11,26,30,45,19
53,38,30,7,9,0,0,3,6,5,0,6,0,2,1,0,2,0,1,1985,1985-06-07,1991,1788,162,418,67,8,38,152,154,19,295,7,30,12,26,32,45,20
54,37,33,3,8,2,0,1,3,2,0,4,0,1,1,0,0,0,0,1985,1985-06-08,2028,1821,165,426,69,8,39,155,156,19,299,7,31,13,26,32,45,20
55,35,34,3,9,1,0,2,3,1,0,9,0,0,0,1,2,0,1,1985,1985-06-09,2063,1855,168,435,70,8,41,158,157,19,308,7,31,13,27,34,45,21
56,40,35,7,9,2,0,3,7,5,1,5,0,0,0,1,1,1,0,1985,1985-06-10,2103,1890,175,444,72,8,44,165,162,20,313,7,31,13,28,35,46,21
57,47,38,10,13,1,0,3,9,7,0,4,0,1,1,0,0,2,0,1985,1985-06-14,2150,1928,185,457,73,8,47,174,169,20,317,7,32,14,28,35,48,21
58,34,33,3,7,1,0,1,2,1,0,2,0,0,0,0,1,0,0,1985,1985-06-15,2184,1961,188,464,74,8,48,176,170,20,319,7,32,14,28,36,48,21
59,46,36,9,12,4,0,1,8,9,0,4,0,1,0,0,1,0,1,1985,1985-06-16,2230,1997,197,476,78,8,49,184,179,20,323,7,33,14,28,37,48,22
60,39,34,2,8,1,0,1,2,3,0,7,1,1,0,0,0,2,0,1985,1985-06-17,2269,2031,199,484,79,8,50,186,182,20,330,8,34,14,28,37,50,22
61,31,29,0,3,0,0,0,0,2,0,6,0,0,0,0,1,0,0,1985,1985-06-18,2300,2060,199,487,79,8,50,186,184,20,336,8,34,14,28,38,50,22
62,33,27,5,6,0,0,1,4,2,1,2,1,2,1,0,0,0,1,1985,1985-06-19,2333,2087,204,493,79,8,51,190,186,21,338,9,36,15,28,38,50,23
63,41,31,7,9,0,0,1,6,7,2,1,0,2,0,0,0,1,0,1985,1985-06-21,2374,2118,211,502,79,8,52,196,193,23,339,9,38,15,28,38,51,23
64,38,34,6,8,0,0,0,5,3,1,3,0,1,0,3,0,2,0,1985,1985-06-22,2412,2152,217,510,79,8,52,201,196,24,342,9,39,15,31,38,53,23
65,37,31,6,9,1,0,1,6,5,0,0,0,1,0,0,0,2,0,1985,1985-06-23,2449,2183,223,519,80,8,53,207,201,24,342,9,40,15,31,38,55,23
66,41,31,4,5,0,0,1,3,6,0,3,3,1,0,0,1,3,0,1985,1985-06-24,2490,2214,227,524,80,8,54,210,207,24,345,12,41,15,31,39,58,23
67,44,34,3,13,1,0,0,3,6,2,1,0,3,1,0,1,0,1,1985,1985-06-25,2534,2248,230,537,81,8,54,213,213,26,346,12,44,16,31,40,58,24
68,34,31,4,7,1,0,2,4,2,0,3,0,1,0,0,2,0,0,1985,1985-06-26,2568,2279,234,544,82,8,56,217,215,26,349,12,45,16,31,42,58,24
69,37,33,4,8,2,0,1,4,3,1,4,0,0,1,1,1,1,0,1985,1985-06-27,2605,2312,238,552,84,8,57,221,218,27,353,12,45,17,32,43,59,24
70,37,28,2,4,1,0,0,2,8,0,6,0,0,1,0,2,2,0,1985,1985-06-28,2642,2340,240,556,85,8,57,223,226,27,359,12,45,18,32,45,61,24
71,33,28,3,9,2,0,0,3,3,0,4,0,1,1,0,2,1,1,1985,1985-06-29,2675,2368,243,565,87,8,57,226,229,27,363,12,46,19,32,47,62,25
72,33,32,4,9,2,0,1,4,1,0,6,0,0,0,1,1,1,0,1985,1985-06-30,2708,2400,247,574,89,8,58,230,230,27,369,12,46,19,33,48,63,25
73,40,33,8,10,1,0,2,6,7,0,2,0,0,0,1,1,1,0,1985,1985-07-01,2748,2433,255,584,90,8,60,236,237,27,371,12,46,19,34,49,64,25
74,33,30,3,9,2,0,0,3,2,1,4,0,0,1,0,1,0,1,1985,1985-07-02,2781,2463,258,593,92,8,60,239,239,28,375,12,46,20,34,50,64,26
75,37,32,2,8,1,0,0,2,5,0,5,0,0,0,0,1,1,1,1985,1985-07-04,2818,2495,260,601,93,8,60,241,244,28,380,12,46,20,34,51,65,27
76,36,28,4,7,0,2,0,4,4,1,5,0,2,2,0,1,1,0,1985,1985-07-05,2854,2523,264,608,93,10,60,245,248,29,385,12,48,22,34,52,66,27
77,43,40,8,16,4,0,3,7,3,0,2,0,0,0,1,0,0,0,1985,1985-07-06,2897,2563,272,624,97,10,63,252,251,29,387,12,48,22,35,52,66,27
78,36,34,1,8,1,0,0,1,1,0,4,0,1,0,0,0,0,0,1985,1985-07-07,2933,2597,273,632,98,10,63,253,252,29,391,12,49,22,35,52,66,27
79,41,34,4,8,2,0,0,4,7,1,7,0,0,0,0,0,1,1,1985,1985-07-08,2974,2631,277,640,100,10,63,257,259,30,398,12,49,22,35,52,67,28
80,42,40,8,16,4,0,1,8,1,0,3,0,1,0,1,1,0,1,1985,1985-07-09,3016,2671,285,656,104,10,64,265,260,30,401,12,50,22,36,53,67,29
81,37,33,5,8,2,0,1,5,3,0,7,0,0,1,1,1,0,0,1985,1985-07-10,3053,2704,290,664,106,10,65,270,263,30,408,12,50,23,37,54,67,29
82,36,30,3,7,0,0,0,3,4,1,4,0,2,0,0,1,1,1,1985,1985-07-11,3089,2734,293,671,106,10,65,273,267,31,412,12,52,23,37,55,68,30
83,41,38,7,11,2,1,2,7,3,2,4,0,0,0,0,0,0,0,1985,1985-07-12,3130,2772,300,682,108,11,67,280,270,33,416,12,52,23,37,55,68,30
84,39,36,9,10,1,1,1,8,2,1,1,0,1,0,0,0,2,0,1985,1985-07-13,3169,2808,309,692,109,12,68,288,272,34,417,12,53,23,37,55,70,30
85,44,39,4,14,1,0,1,4,3,0,8,0,1,1,0,0,0,0,1985,1985-07-14,3213,2847,313,706,110,12,69,292,275,34,425,12,54,24,37,55,70,30
86,32,29,2,10,2,0,0,2,0,0,6,0,2,1,0,0,1,1,1985,1985-07-18,3245,2876,315,716,112,12,69,294,275,34,431,12,56,25,37,55,71,31
87,32,29,5,10,2,0,0,5,1,0,5,0,1,1,0,1,0,0,1985,1985-07-19,3277,2905,320,726,114,12,69,299,276,34,436,12,57,26,37,56,71,31
88,32,31,3,8,0,0,0,3,1,0,9,0,0,0,1,0,1,0,1985,1985-07-20,3309,2936,323,734,114,12,69,302,277,34,445,12,57,26,38,56,72,31
89,42,38,2,10,0,0,0,2,2,1,4,1,1,0,0,1,1,0,1985,1985-07-21,3351,2974,325,744,114,12,69,304,279,35,449,13,58,26,38,57,73,31
90,39,34,3,7,2,0,0,3,5,1,10,0,0,0,0,0,0,0,1985,1985-07-22,3390,3008,328,751,116,12,69,307,284,36,459,13,58,26,38,57,73,31
91,40,34,6,12,4,0,0,6,4,1,5,1,1,0,0,0,1,0,1985,1985-07-23,3430,3042,334,763,120,12,69,313,288,37,464,14,59,26,38,57,74,31
92,39,33,9,9,0,0,1,9,6,0,7,0,0,0,1,1,0,0,1985,1985-07-24,3469,3075,343,772,120,12,70,322,294,37,471,14,59,26,39,58,74,31
93,35,32,7,10,1,0,1,5,1,0,6,1,1,0,1,0,2,0,1985,1985-07-25,3504,3107,350,782,121,12,71,327,295,37,477,15,60,26,40,58,76,31
94,44,38,10,15,5,0,3,10,5,0,6,1,0,0,0,1,1,0,1985,1985-07-26,3548,3145,360,797,126,12,74,337,300,37,483,16,60,26,40,59,77,31
95,38,34,5,13,2,0,1,5,3,0,6,0,0,1,1,1,1,0,1985,1985-07-27,3586,3179,365,810,128,12,75,342,303,37,489,16,60,27,41,60,78,31
96,35,31,2,5,1,0,0,2,2,0,5,1,1,0,1,1,1,0,1985,1985-07-28,3621,3210,367,815,129,12,75,344,305,37,494,17,61,27,42,61,79,31
97,41,36,10,15,4,1,0,9,3,1,4,0,2,0,0,0,0,0,1985,1985-07-29,3662,3246,377,830,133,13,75,353,308,38,498,17,63,27,42,61,79,31
98,35,34,4,8,0,1,3,4,1,0,7,0,0,0,1,1,0,0,1985,1985-07-30,3697,3280,381,838,133,14,78,357,309,38,505,17,63,27,43,62,79,31
99,39,32,5,8,1,0,2,5,6,0,3,0,1,0,0,1,0,0,1985,1985-07-31,3736,3312,386,846,134,14,80,362,315,38,508,17,64,27,43,63,79,31
100,40,33,5,10,1,0,2,5,4,0,6,2,1,0,0,2,1,1,1985,,3776,3345,391,856,135,14,82,367,319,38,514,19,65,27,43,65,80,32
101,35,32,2,5,2,0,1,1,2,0,5,0,1,0,1,0,0,0,1985,,3811,3377,393,861,137,14,83,368,321,38,519,19,66,27,44,65,80,32
102,32,30,2,4,1,0,2,2,1,0,7,0,1,0,0,0,0,0,1985,1985-08-03,3843,3407,395,865,138,14,85,370,322,38,526,19,67,27,44,65,80,32
103,41,36,4,8,2,0,1,4,5,2,3,0,0,0,2,1,0,0,1985,1985-08-04,3884,3443,399,873,140,14,86,374,327,40,529,19,67,27,46,66,80,32
104,38,36,6,10,3,0,1,6,2,1,8,0,0,0,0,1,0,0,1985,1985-08-05,3922,3479,405,883,143,14,87,380,329,41,537,19,67,27,46,67,80,32
105,49,46,5,8,1,0,0,3,2,0,7,1,0,0,0,0,1,1,1985,1985-08-08,3971,3525,410,891,144,14,87,383,331,41,544,20,67,27,46,67,81,33
106,34,32,3,7,0,0,1,3,2,0,4,0,0,0,1,0,0,0,1985,1985-08-09,4005,3557,413,898,144,14,88,386,333,41,548,20,67,27,47,67,81,33
107,35,31,2,9,1,0,0,2,3,2,5,0,0,1,1,1,0,1,1985,1985-08-10,4040,3588,415,907,145,14,88,388,336,43,553,20,67,28,48,68,81,34
108,39,36,4,14,3,0,0,4,3,1,7,0,0,0,0,1,1,1,1985,1985-08-11,4079,3624,419,921,148,14,88,392,339,44,560,20,67,28,48,69,82,35
109,34,28,3,6,0,0,0,3,4,1,5,1,1,0,0,0,1,0,1985,1985-08-12,4113,3652,422,927,148,14,88,395,343,45,565,21,68,28,48,69,83,35
110,34,30,2,7,2,0,1,2,4,0,4,0,0,0,0,0,1,1,1985,1985-08-13,4147,3682,424,934,150,14,89,397,347,45,569,21,68,28,48,69,84,36
111,37,28,5,8,3,0,0,3,5,0,4,0,3,1,2,1,1,0,1985,1985-08-14,4184,3710,429,942,153,14,89,400,352,45,573,21,71,29,50,70,85,36
112,37,30,5,10,2,0,1,5,4,0,2,0,2,1,0,0,2,0,1985,1985-08-15,4221,3740,434,952,155,14,90,405,356,45,575,21,73,30,50,70,87,36
113,41,34,5,9,2,0,1,4,6,2,4,0,1,0,0,1,0,0,1985,1985-08-16,4262,3774,439,961,157,14,91,409,362,47,579,21,74,30,50,71,87,36
114,38,35,2,9,0,0,0,2,3,0,6,0,0,0,0,0,0,1,1985,1985-08-17,4300,3809,441,970,157,14,91,411,365,47,585,21,74,30,50,71,87,37
115,43,38,1,8,2,0,0,0,4,0,10,0,1,0,1,0,1,0,1985,1985-08-18,4343,3847,442,978,159,14,91,411,369,47,595,21,75,30,51,71,88,37
116,47,42,5,11,3,1,0,3,5,0,4,0,0,0,1,2,0,1,1985,1985-08-20,4390,3889,447,989,162,15,91,414,374,47,599,21,75,30,52,73,88,38
117,54,49,15,22,4,1,3,13,4,0,5,0,1,0,2,1,0,0,1985,1985-08-21,4444,3938,462,1011,166,16,94,427,378,47,604,21,76,30,54,74,88,38
118,33,28,0,4,1,0,0,0,5,0,4,0,0,0,1,3,0,1,1985,1985-08-22,4477,3966,462,1015,167,16,94,427,383,47,608,21,76,30,55,77,88,39
119,36,34,8,8,0,0,2,8,2,0,6,0,0,0,0,1,0,0,1985,1985-08-23,4513,4000,470,1023,167,16,96,435,385,47,614,21,76,30,55,78,88,39
120,33,31,2,5,0,0,0,1,2,0,8,0,0,0,0,1,0,0,1985,1985-08-24,4546,4031,472,1028,167,16,96,436,387,47,622,21,76,30,55,79,88,39
121,33,29,1,5,0,0,0,1,3,0,3,0,0,1,0,1,0,0,1985,1985-08-25,4579,4060,473,1033,167,16,96,437,390,47,625,21,76,31,55,80,88,39
122,42,36,6,13,2,0,0,6,3,0,1,0,2,1,0,1,1,0,1985,1985-08-26,4621,4096,479,1046,169,16,96,443,393,47,626,21,78,32,55,81,89,39
123,37,35,2,9,1,1,0,2,2,0,8,0,0,0,0,0,3,1,1985,1985-08-27,4658,4131,481,1055,170,17,96,445,395,47,634,21,78,32,55,81,92,40
124,45,41,2,12,3,0,2,2,3,1,5,0,1,0,0,0,2,0,1985,1985-08-29,4703,4172,483,1067,173,17,98,447,398,48,639,21,79,32,55,81,94,40
125,33,32,2,6,0,0,2,2,1,0,5,0,0,0,0,0,0,1,1985,1985-08-30,4736,4204,485,1073,173,17,100,449,399,48,644,21,79,32,55,81,94,41
126,33,31,0,3,0,0,0,0,2,0,6,0,0,0,1,0,0,0,1985,1985-08-31,4769,4235,485,1076,173,17,100,449,401,48,650,21,79,32,56,81,94,41
127,41,32,1,6,1,0,0,1,7,0,9,1,0,1,0,0,1,0,1985,1985-09-01,4810,4267,486,1082,174,17,100,450,408,48,659,22,79,33,56,81,95,41
128,45,39,5,11,4,0,0,4,4,1,4,1,1,0,0,0,2,1,1985,1985-09-02,4855,4306,491,1093,178,17,100,454,412,49,663,23,80,33,56,81,97,42
129,38,32,4,8,1,0,1,4,5,3,4,0,1,0,1,0,4,0,1985,1985-09-03,4893,4338,495,1101,179,17,101,458,417,52,667,23,81,33,57,81,101,42
130,38,33,4,9,1,0,1,4,4,1,3,0,1,0,1,0,0,0,1985,1985-09-04,4931,4371,499,1110,180,17,102,462,421,53,670,23,82,33,58,81,101,42
131,50,46,0,10,1,0,0,0,3,1,13,0,1,0,1,2,2,1,1985,1985-09-06,4981,4417,499,1120,181,17,102,462,424,54,683,23,83,33,59,83,103,43
132,39,38,7,13,1,0,2,7,1,1,7,0,0,0,0,1,2,0,1985,1985-09-07,5020,4455,506,1133,182,17,104,469,425,55,690,23,83,33,59,84,105,43
133,53,46,3,6,1,0,1,3,5,1,10,0,1,1,1,1,2,0,1985,1985-09-08,5073,4501,509,1139,183,17,105,472,430,56,700,23,84,34,60,85,107,43
134,46,38,9,13,0,0,2,9,6,1,5,1,0,0,0,1,2,1,1985,1985-09-09,5119,4539,518,1152,183,17,107,481,436,57,705,24,84,34,60,86,109,44
135,42,35,10,10,0,1,0,10,5,0,6,1,1,0,1,2,1,0,1985,,5161,4574,528,1162,183,18,107,491,441,57,711,25,85,34,61,88,110,44
136,47,40,10,16,0,0,3,10,5,0,8,1,1,0,0,1,3,1,1985,,5208,4614,538,1178,183,18,110,501,446,57,719,26,86,34,61,89,113,45
137,48,44,12,18,1,0,2,11,3,0,6,0,0,1,1,1,0,0,1985,1985-09-11,5256,4658,550,1196,184,18,112,512,449,57,725,26,86,35,62,90,113,45
138,41,35,6,13,2,2,2,6,4,0,5,0,1,1,0,1,1,1,1985,1985-09-12,5297,4693,556,1209,186,20,114,518,453,57,730,26,87,36,62,91,114,46
139,44,36,8,11,2,1,2,8,8,1,6,0,0,0,0,1,1,0,1985,,5341,4729,564,1220,188,21,116,526,461,58,736,26,87,36,62,92,115,46
140,40,32,5,7,0,1,1,4,8,1,7,0,0,0,0,1,2,1,1985,,5381,4761,569,1227,188,22,117,530,469,59,743,26,87,36,62,93,117,47
141,42,38,7,16,4,1,1,5,3,1,7,0,0,1,0,0,0,1,1985,1985-09-14,5423,4799,576,1243,192,23,118,535,472,60,750,26,87,37,62,93,117,48
142,40,34,6,9,4,1,0,6,4,1,5,1,1,0,0,1,0,0,1985,1985-09-15,5463,4833,582,1252,196,24,118,541,476,61,755,27,88,37,62,94,117,48
143,37,36,2,9,1,0,1,2,1,0,5,0,0,0,1,0,0,1,1985,1985-09-16,5500,4869,584,1261,197,24,119,543,477,61,760,27,88,37,63,94,117,49
144,37,34,7,10,1,0,1,6,1,0,3,0,1,1,1,1,0,1,1985,1985-09-17,5537,4903,591,1271,198,24,120,549,478,61,763,27,89,38,64,95,117,50
145,35,28,2,4,0,0,0,1,7,0,5,0,0,0,0,2,0,1,1985,1985-09-18,5572,4931,593,1275,198,24,120,550,485,61,768,27,89,38,64,97,117,51
146,40,37,5,10,4,0,0,5,2,0,7,0,1,0,1,0,0,0,1985,1985-09-19,5612,4968,598,1285,202,24,120,555,487,61,775,27,90,38,65,97,117,51
147,37,34,3,8,0,0,1,2,2,1,3,0,1,0,0,0,1,0,1985,1985-09-20,5649,5002,601,1293,202,24,121,557,489,62,778,27,91,38,65,97,118,51
148,47,41,11,16,2,1,1,11,4,1,5,0,1,1,1,1,1,0,1985,1985-09-21,5696,5043,612,1309,204,25,122,568,493,63,783,27,92,39,66,98,119,51
149,34,29,5,4,1,0,2,5,3,0,7,0,0,2,1,0,1,2,1985,1985-09-22,5730,5072,617,1313,205,25,124,573,496,63,790,27,92,41,67,98,120,53
150,42,35,5,10,3,1,0,5,5,1,4,0,2,0,1,1,0,0,1985,1985-09-23,5772,5107,622,1323,208,26,124,578,501,64,794,27,94,41,68,99,120,53
151,44,40,7,15,3,0,0,7,2,0,6,0,2,0,2,1,2,1,1985,1985-09-24,5816,5147,629,1338,211,26,124,585,503,64,800,27,96,41,70,100,122,54
152,39,33,4,6,0,1,0,3,3,0,5,1,2,0,0,1,0,0,1985,1985-09-25,5855,5180,633,1344,211,27,124,588,506,64,805,28,98,41,70,101,122,54
153,39,31,6,9,2,0,0,5,7,1,5,0,1,0,1,1,3,1,1985,1985-09-27,5894,5211,639,1353,213,27,124,593,513,65,810,28,99,41,71,102,125,55
154,34,29,3,6,0,0,1,3,3,2,2,0,1,1,1,0,0,0,1985,1985-09-28,5928,5240,642,1359,213,27,125,596,516,67,812,28,100,42,72,102,125,55
155,41,34,7,10,2,0,1,6,6,1,8,0,1,0,1,1,3,0,1985,1985-09-29,5969,5274,649,1369,215,27,126,602,522,68,820,28,101,42,73,103,128,55
156,35,32,4,9,0,1,1,3,1,0,0,0,1,1,0,1,1,0,1985,1985-09-30,6004,5306,653,1378,215,28,127,605,523,68,820,28,102,43,73,104,129,55
157,41,38,10,15,3,0,0,10,2,0,6,1,0,0,0,0,2,0,1985,1985-10-01,6045,5344,663,1393,218,28,127,615,525,68,826,29,102,43,73,104,131,55
158,45,39,9,17,3,0,1,8,4,1,4,1,1,0,1,2,2,0,1985,1985-10-02,6090,5383,672,1410,221,28,128,623,529,69,830,30,103,43,74,106,133,55
159,34,28,0,4,1,0,0,0,4,0,4,1,1,0,0,1,0,1,1985,1985-10-03,6124,5411,672,1414,222,28,128,623,533,69,834,31,104,43,74,107,133,56
160,32,28,2,3,1,0,1,2,3,0,1,0,0,1,0,1,0,0,1985,1985-10-04,6156,5439,674,1417,223,28,129,625,536,69,835,31,104,44,74,108,133,56
161,28,26,3,5,0,0,0,2,1,0,5,0,0,1,0,0,1,2,1985,1985-10-05,6184,5465,677,1422,223,28,129,627,537,69,840,31,104,45,74,108,134,58
162,40,37,5,12,3,0,0,5,2,0,6,0,0,1,0,0,2,0,1985,1985-10-06,6224,5502,682,1434,226,28,129,632,539,69,846,31,104,46,74,108,136,58
1,43,32,7,9,1,0,1,7,10,0,2,1,0,0,1,3,0,1,1984,1984-04-03,43,32,7,9,1,0,1,7,10,0,2,1,0,0,1,3,0,1
2,41,36,5,6,0,0,1,4,3,1,5,0,2,0,0,1,0,1,1984,1984-04-05,84,68,12,15,1,0,2,11,13,1,7,1,2,0,1,4,0,2
3,35,33,1,5,1,0,0,1,2,0,2,0,0,0,2,1,1,0,1984,1984-04-06,119,101,13,20,2,0,2,12,15,1,9,1,2,0,3,5,1,2
4,34,33,0,9,1,1,0,0,1,0,6,0,0,0,0,0,0,1,1984,1984-04-07,153,134,13,29,3,1,2,12,16,1,15,1,2,0,3,5,1,3
5,33,33,2,8,0,0,1,2,0,0,6,0,0,0,0,1,2,1,1984,1984-04-08,186,167,15,37,3,1,3,14,16,1,21,1,2,0,3,6,3,4
6,34,30,4,7,0,0,1,4,4,0,6,0,0,0,0,0,2,1,1984,1984-04-09,220,197,19,44,3,1,4,18,20,1,27,1,2,0,3,6,5,5
7,35,33,2,12,2,0,0,2,0,0,0,1,0,1,0,0,0,2,1984,1984-04-11,255,230,21,56,5,1,4,20,20,1,27,2,2,1,3,6,5,7
8,29,29,2,5,2,0,0,2,0,0,5,0,0,0,1,1,1,0,1984,1984-04-13,284,259,23,61,7,1,4,22,20,1,32,2,2,1,4,7,6,7
9,36,34,8,10,2,0,2,8,2,1,4,0,0,0,1,1,1,0,1984,1984-04-14,320,293,31,71,9,1,6,30,22,2,36,2,2,1,5,8,7,7
10,48,41,6,13,0,0,0,6,2,0,3,1,1,3,1,1,1,1,1984,1984-04-15,368,334,37,84,9,1,6,36,24,2,39,3,3,4,6,9,8,8
11,41,37,5,12,1,0,0,5,3,1,5,0,0,1,1,1,2,0,1984,1984-04-16,409,371,42,96,10,1,6,41,27,3,44,3,3,5,7,10,10,8
12,33,29,1,7,1,0,0,0,3,0,6,0,1,0,0,1,2,3,1984,1984-04-17,442,400,43,103,11,1,6,41,30,3,50,3,4,5,7,11,12,11
13,31,31,0,4,0,0,0,0,0,0,5,0,0,0,0,0,0,0,1984,1984-04-18,473,431,43,107,11,1,6,41,30,3,55,3,4,5,7,11,12,11
14,32,29,4,8,0,0,2,4,2,0,2,0,0,1,2,0,1,1,1984,1984-04-19,505,460,47,115,11,1,8,45,32,3,57,3,4,6,9,11,13,12
15,42,31,8,10,2,0,3,8,7,3,6,1,2,1,0,0,2,0,1984,1984-04-20,547,491,55,125,13,1,11,53,39,6,63,4,6,7,9,11,15,12
16,43,37,6,10,1,0,1,5,5,0,3,0,1,0,1,0,0,0,1984,1984-04-21,590,528,61,135,14,1,12,58,44,6,66,4,7,7,10,11,15,12
17,49,43,15,18,7,0,4,15,5,1,10,1,0,0,1,0,2,0,1984,1984-04-22,639,571,76,153,21,1,16,73,49,7,76,5,7,7,11,11,17,12
18,30,24,2,6,0,0,1,2,3,0,3,0,2,1,0,1,2,2,1984,1984-04-23,669,595,78,159,21,1,17,75,52,7,79,5,9,8,11,12,19,14
19,40,34,5,12,1,1,0,5,5,1,5,0,1,0,1,1,0,1,1984,1984-04-24,709,629,83,171,22,2,17,80,57,8,84,5,10,8,12,13,19,15
20,31,28,4,6,1,0,1,4,2,1,5,0,1,0,0,0,2,1,1984,1984-04-25,740,657,87,177,23,2,18,84,59,9,89,5,11,8,12,13,21,16
21,41,34,6,9,1,0,2,6,6,1,3,0,0,1,1,1,0,1,1984,1984-04-26,781,691,93,186,24,2,20,90,65,10,92,5,11,9,13,14,21,17
22,26,21,1,3,0,0,1,1,4,0,2,0,1,0,0,0,2,0,1984,1984-04-27,807,712,94,189,24,2,21,91,69,10,94,5,12,9,13,14,23,17
23,35,31,1,5,2,0,0,1,3,0,3,0,1,0,0,0,0,0,1984,1984-04-28,842,743,95,194,26,2,21,92,72,10,97,5,13,9,13,14,23,17
24,39,33,6,5,0,0,1,2,5,0,9,0,1,0,2,0,0,0,1984,1984-04-29,881,776,101,199,26,2,22,94,77,10,106,5,14,9,15,14,23,17
25,35,30,1,6,1,0,0,1,5,1,4,0,0,0,0,0,1,2,1984,1984-04-30,916,806,102,205,27,2,22,95,82,11,110,5,14,9,15,14,24,19
26,48,38,3,7,0,1,0,3,8,1,11,0,2,0,0,0,0,0,1984,1984-05-01,964,844,105,212,27,3,22,98,90,12,121,5,16,9,15,14,24,19
27,33,26,3,4,0,0,2,3,4,0,3,0,2,1,0,2,0,0,1984,1984-05-02,997,870,108,216,27,3,24,101,94,12,124,5,18,10,15,16,24,19
28,46,35,7,11,3,1,1,6,8,1,6,0,0,3,1,3,1,1,1984,1984-05-05,1043,905,115,227,30,4,25,107,102,13,130,5,18,13,16,19,25,20
29,46,40,6,14,5,1,1,6,3,0,10,1,1,1,1,0,1,1,1984,,1089,945,121,241,35,5,26,113,105,13,140,6,19,14,17,19,26,21
30,34,29,1,7,3,0,0,1,2,0,1,0,2,1,1,0,0,3,1984,,1123,974,122,248,38,5,26,114,107,13,141,6,21,15,18,19,26,24
31,35,33,1,7,3,0,0,1,2,0,8,0,0,0,0,0,0,1,1984,1984-05-07,1158,1007,123,255,41,5,26,115,109,13,149,6,21,15,18,19,26,25
32,36,30,2,4,0,0,0,2,6,0,5,0,0,0,0,1,1,0,1984,1984-05-08,1194,1037,125,259,41,5,26,117,115,13,154,6,21,15,18,20,27,25
33,33,32,0,5,1,0,0,0,1,0,5,0,0,0,1,0,1,0,1984,1984-05-09,1227,1069,125,264,42,5,26,117,116,13,159,6,21,15,19,20,28,25
34,36,31,5,10,1,0,0,4,2,0,6,0,2,1,0,1,1,1,1984,1984-05-10,1263,1100,130,274,43,5,26,121,118,13,165,6,23,16,19,21,29,26
35,32,30,0,4,0,0,0,0,2,0,11,0,0,0,0,0,0,1,1984,1984-05-11,1295,1130,130,278,43,5,26,121,120,13,176,6,23,16,19,21,29,27
36,36,34,3,9,3,0,0,2,2,0,4,0,0,0,0,1,0,1,1984,1984-05-12,1331,1164,133,287,46,5,26,123,122,13,180,6,23,16,19,22,29,28
37,38,31,5,9,1,0,0,4,5,0,2,0,1,1,2,1,2,1,1984,1984-05-13,1369,1195,138,296,47,5,26,127,127,13,182,6,24,17,21,23,31,29
38,33,30,2,4,0,0,1,2,3,0,2,0,0,0,0,0,0,1,1984,1984-05-14,1402,1225,140,300,47,5,27,129,130,13,184,6,24,17,21,23,31,30
39,32,32,1,8,0,0,0,1,0,0,4,0,0,0,0,3,0,0,1984,1984-05-15,1434,1257,141,308,47,5,27,130,130,13,188,6,24,17,21,26,31,30
40,35,33,2,8,2,0,0,2,2,0,7,0,0,0,0,1,0,1,1984,1984-05-16,1469,1290,143,316,49,5,27,132,132,13,195,6,24,17,21,27,31,31
41,44,38,4,9,1,0,0,4,5,2,9,0,1,0,0,1,1,2,1984,1984-05-18,1513,1328,147,325,50,5,27,136,137,15,204,6,25,17,21,28,32,33
42,37,34,5,11,2,0,0,4,3,0,6,0,0,0,0,0,1,0,1984,1984-05-19,1550,1362,152,336,52,5,27,140,140,15,210,6,25,17,21,28,33,33
43,28,27,3,6,1,0,1,2,1,0,2,0,0,0,0,0,0,2,1984,1984-05-20,1578,1389,155,342,53,5,28,142,141,15,212,6,25,17,21,28,33,35
44,35,33,1,8,0,0,0,1,2,0,3,0,0,0,0,2,0,0,1984,1984-05-22,1613,1422,156,350,53,5,28,143,143,15,215,6,25,17,21,30,33,35
45,35,32,1,6,1,0,0,1,2,1,1,0,1,0,1,1,0,0,1984,1984-05-23,1648,1454,157,356,54,5,28,144,145,16,216,6,26,17,22,31,33,35
46,37,33,3,10,2,0,0,3,2,0,5,0,1,1,1,2,0,1,1984,1984-05-24,1685,1487,160,366,56,5,28,147,147,16,221,6,27,18,23,33,33,36
47,34,31,1,5,2,0,1,1,3,0,14,0,0,0,0,0,0,0,1984,1984-05-25,1719,1518,161,371,58,5,29,148,150,16,235,6,27,18,23,33,33,36
48,36,36,1,9,1,0,1,1,0,0,4,0,0,0,0,0,0,0,1984,1984-05-26,1755,1554,162,380,59,5,30,149,150,16,239,6,27,18,23,33,33,36
49,36,33,3,8,4,0,0,3,2,0,5,0,0,1,0,0,0,0,1984,1984-05-27,1791,1587,165,388,63,5,30,152,152,16,244,6,27,19,23,33,33,36
50,41,38,6,14,3,1,1,6,3,0,3,0,0,0,0,3,0,0,1984,1984-05-28,1832,1625,171,402,66,6,31,158,155,16,247,6,27,19,23,36,33,36
51,32,31,4,6,0,0,2,4,1,0,8,0,0,0,0,1,0,1,1984,1984-05-30,1864,1656,175,408,66,6,33,162,156,16,255,6,27,19,23,37,33,37
52,36,32,6,9,1,0,1,5,2,0,8,0,2,0,2,0,0,1,1984,1984-06-01,1900,1688,181,417,67,6,34,167,158,16,263,6,29,19,25,37,33,38
53,39,36,3,10,0,0,1,3,3,0,5,0,0,0,0,1,0,0,1984,1984-06-02,1939,1724,184,427,67,6,35,170,161,16,268,6,29,19,25,38,33,38
54,37,35,3,7,0,0,2,2,1,0,6,0,1,0,3,1,0,0,1984,1984-06-03,1976,1759,187,434,67,6,37,172,162,16,274,6,30,19,28,39,33,38
55,34,29,1,3,2,0,0,1,4,0,6,0,1,0,0,0,0,0,1984,1984-06-04,2010,1788,188,437,69,6,37,173,166,16,280,6,31,19,28,39,33,38
56,27,27,2,5,0,1,0,2,0,0,3,0,0,0,1,2,0,1,1984,1984-06-05,2037,1815,190,442,69,7,37,175,166,16,283,6,31,19,29,41,33,39
57,49,42,3,6,0,0,1,3,5,2,8,0,2,0,0,0,0,1,1984,1984-06-06,2086,1857,193,448,69,7,38,178,171,18,291,6,33,19,29,41,33,40
58,34,33,1,7,1,1,0,1,1,0,8,0,0,0,0,0,0,0,1984,1984-06-07,2120,1890,194,455,70,8,38,179,172,18,299,6,33,19,29,41,33,40
59,34,29,5,7,0,0,2,5,4,1,3,0,1,0,0,1,1,0,1984,1984-06-08,2154,1919,199,462,70,8,40,184,176,19,302,6,34,19,29,42,34,40
60,37,34,4,11,2,0,1,4,2,1,7,0,1,0,0,1,0,0,1984,1984-06-09,2191,1953,203,473,72,8,41,188,178,20,309,6,35,19,29,43,34,40
61,34,30,3,7,0,0,1,3,4,0,3,0,0,0,0,0,0,0,1984,1984-06-10,2225,1983,206,480,72,8,42,191,182,20,312,6,35,19,29,43,34,40
62,33,32,4,6,1,0,1,4,0,0,3,0,1,0,0,0,0,0,1984,1984-06-11,2258,2015,210,486,73,8,43,195,182,20,315,6,36,19,29,43,34,40
63,41,33,8,10,2,0,2,7,7,1,8,0,0,1,0,0,1,0,1984,1984-06-12,2299,2048,218,496,75,8,45,202,189,21,323,6,36,20,29,43,35,40
64,40,35,5,10,0,0,1,5,4,0,4,0,1,0,0,0,1,1,1984,1984-06-13,2339,2083,223,506,75,8,46,207,193,21,327,6,37,20,29,43,36,41
65,33,33,1,5,0,1,0,0,0,0,7,0,0,0,1,0,0,0,1984,1984-06-14,2372,2116,224,511,75,9,46,207,193,21,334,6,37,20,30,43,36,41
66,35,31,2,5,0,0,0,2,3,0,4,0,0,1,1,1,0,0,1984,1984-06-15,2407,2147,226,516,75,9,46,209,196,21,338,6,37,21,31,44,36,41
67,41,35,5,10,2,0,0,3,6,0,5,0,0,0,0,0,2,1,1984,1984-06-16,2448,2182,231,526,77,9,46,212,202,21,343,6,37,21,31,44,38,42
68,33,29,0,3,0,0,0,0,3,0,9,0,1,0,1,1,4,0,1984,1984-06-17,2481,2211,231,529,77,9,46,212,205,21,352,6,38,21,32,45,42,42
69,41,39,4,13,2,0,1,2,2,1,5,0,0,0,1,1,0,1,1984,1984-06-19,2522,2250,235,542,79,9,47,214,207,22,357,6,38,21,33,46,42,43
70,33,31,2,6,0,0,0,0,2,0,5,0,0,0,0,1,2,0,1984,1984-06-20,2555,2281,237,548,79,9,47,214,209,22,362,6,38,21,33,47,44,43
71,43,36,9,11,2,0,1,9,5,0,5,0,1,1,1,0,1,1,1984,1984-06-21,2598,2317,246,559,81,9,48,223,214,22,367,6,39,22,34,47,45,44
72,46,39,10,16,3,0,2,9,6,1,4,1,0,0,0,3,0,0,1984,1984-06-22,2644,2356,256,575,84,9,50,232,220,23,371,7,39,22,34,50,45,44
73,44,39,10,14,4,0,1,10,4,1,1,0,1,0,1,1,1,0,1984,1984-06-23,2688,2395,266,589,88,9,51,242,224,24,372,7,40,22,35,51,46,44
74,39,35,5,10,0,0,4,5,4,0,3,0,0,0,0,1,1,0,1984,1984-06-24,2727,2430,271,599,88,9,55,247,228,24,375,7,40,22,35,52,47,44
75,42,36,4,9,1,0,0,3,6,0,5,0,0,0,0,0,1,0,1984,1984-06-25,2769,2466,275,608,89,9,55,250,234,24,380,7,40,22,35,52,48,44
76,35,33,0,6,1,0,0,0,2,0,3,0,0,0,1,1,0,0,1984,1984-06-26,2804,2499,275,614,90,9,55,250,236,24,383,7,40,22,36,53,48,44
77,38,32,5,9,2,0,0,5,5,0,5,0,1,0,2,1,2,1,1984,1984-06-27,2842,2531,280,623,92,9,55,255,241,24,388,7,41,22,38,54,50,45
78,38,35,3,10,0,0,0,3,3,0,8,0,0,0,1,1,0,2,1984,1984-06-28,2880,2566,283,633,92,9,55,258,244,24,396,7,41,22,39,55,50,47
79,37,32,7,10,1,2,0,4,3,0,8,0,1,1,0,0,4,0,1984,1984-06-29,2917,2598,290,643,93,11,55,262,247,24,404,7,42,23,39,55,54,47
80,41,32,4,7,1,0,0,3,8,0,6,0,0,1,0,0,1,0,1984,1984-06-30,2958,2630,294,650,94,11,55,265,255,24,410,7,42,24,39,55,55,47
81,38,35,3,8,1,0,0,2,3,0,5,0,0,0,0,0,0,0,1984,1984-07-01,2996,2665,297,658,95,11,55,267,258,24,415,7,42,24,39,55,55,47
82,40,34,5,14,4,1,0,5,4,1,6,0,1,1,0,2,0,0,1984,1984-07-02,3036,2699,302,672,99,12,55,272,262,25,421,7,43,25,39,57,55,47
83,28,28,0,4,1,0,0,0,0,0,2,0,0,0,0,2,0,0,1984,1984-07-03,3064,2727,302,676,100,12,55,272,262,25,423,7,43,25,39,59,55,47
84,41,36,9,15,2,0,2,8,3,1,8,0,1,1,0,0,0,0,1984,1984-07-04,3105,2763,311,691,102,12,57,280,265,26,431,7,44,26,39,59,55,47
85,31,28,0,3,0,0,0,0,3,0,5,0,0,0,1,1,1,1,1984,1984-07-05,3136,2791,311,694,102,12,57,280,268,26,436,7,44,26,40,60,56,48
86,45,37,3,7,0,0,1,3,7,2,10,0,1,0,0,1,3,0,1984,1984-07-06,3181,2828,314,701,102,12,58,283,275,28,446,7,45,26,40,61,59,48
87,36,32,3,9,2,0,1,3,4,2,6,0,0,0,0,0,2,1,1984,1984-07-07,3217,2860,317,710,104,12,59,286,279,30,452,7,45,26,40,61,61,49
88,55,50,6,18,0,0,0,6,2,1,6,0,2,1,1,0,0,0,1984,1984-07-08,3272,2910,323,728,104,12,59,292,281,31,458,7,47,27,41,61,61,49
89,40,35,2,10,1,0,1,2,3,1,3,0,2,0,0,2,0,1,1984,1984-07-12,3312,2945,325,738,105,12,60,294,284,32,461,7,49,27,41,63,61,50
90,38,33,5,8,1,2,1,5,4,0,6,0,0,1,0,1,0,0,1984,1984-07-13,3350,2978,330,746,106,14,61,299,288,32,467,7,49,28,41,64,61,50
91,40,36,8,10,4,0,2,8,3,2,8,0,1,0,1,0,0,0,1984,1984-07-14,3390,3014,338,756,110,14,63,307,291,34,475,7,50,28,42,64,61,50
92,33,32,1,7,0,0,0,1,0,0,9,0,1,0,0,1,1,0,1984,1984-07-15,3423,3046,339,763,110,14,63,308,291,34,484,7,51,28,42,65,62,50
93,36,33,1,6,0,0,1,1,3,0,8,0,0,0,0,0,0,0,1984,1984-07-16,3459,3079,340,769,110,14,64,309,294,34,492,7,51,28,42,65,62,50
94,35,28,5,4,1,0,1,5,6,1,10,0,0,1,0,1,1,0,1984,1984-07-17,3494,3107,345,773,111,14,65,314,300,35,502,7,51,29,42,66,63,50
95,38,31,2,6,2,0,0,2,7,0,4,0,0,0,2,0,0,0,1984,1984-07-18,3532,3138,347,779,113,14,65,316,307,35,506,7,51,29,44,66,63,50
96,44,38,10,13,5,1,0,10,5,0,2,0,1,0,2,2,1,0,1984,1984-07-19,3576,3176,357,792,118,15,65,326,312,35,508,7,52,29,46,68,64,50
97,39,36,5,9,3,0,0,5,2,0,5,0,0,1,1,0,0,0,1984,1984-07-20,3615,3212,362,801,121,15,65,331,314,35,513,7,52,30,47,68,64,50
98,34,30,3,6,3,1,0,3,3,1,5,0,0,1,0,0,0,1,1984,1984-07-21,3649,3242,365,807,124,16,65,334,317,36,518,7,52,31,47,68,64,51
99,43,38,6,14,3,1,0,4,3,1,5,0,1,1,1,2,0,0,1984,1984-07-22,3692,3280,371,821,127,17,65,338,320,37,523,7,53,32,48,70,64,51
100,33,29,2,6,2,1,1,2,3,1,6,0,0,1,0,1,0,1,1984,1984-07-24,3725,3309,373,827,129,18,66,340,323,38,529,7,53,33,48,71,64,52
101,31,27,2,7,0,0,1,2,2,0,1,0,2,0,0,0,2,2,1984,1984-07-25,3756,3336,375,834,129,18,67,342,325,38,530,7,55,33,48,71,66,54
102,38,29,1,4,0,0,1,1,8,0,6,0,1,0,0,1,0,0,1984,1984-07-26,3794,3365,376,838,129,18,68,343,333,38,536,7,56,33,48,72,66,54
103,35,28,0,2,1,0,0,0,6,1,10,0,1,0,0,0,0,0,1984,1984-07-27,3829,3393,376,840,130,18,68,343,339,39,546,7,57,33,48,72,66,54
104,31,28,1,7,3,0,0,1,1,0,2,0,1,1,1,0,0,0,1984,1984-07-28,3860,3421,377,847,133,18,68,344,340,39,548,7,58,34,49,72,66,54
105,29,28,1,4,0,0,0,1,0,0,5,0,1,0,2,0,2,1,1984,1984-07-29,3889,3449,378,851,133,18,68,345,340,39,553,7,59,34,51,72,68,55
106,31,27,0,1,1,0,0,0,4,0,4,0,0,0,0,1,0,0,1984,1984-07-30,3920,3476,378,852,134,18,68,345,344,39,557,7,59,34,51,73,68,55
107,36,32,0,7,1,0,0,0,3,0,6,0,1,0,0,0,0,0,1984,1984-07-31,3956,3508,378,859,135,18,68,345,347,39,563,7,60,34,51,73,68,55
108,35,34,3,10,2,0,1,3,0,0,4,0,0,1,1,3,0,1,1984,1984-08-01,3991,3542,381,869,137,18,69,348,347,39,567,7,60,35,52,76,68,56
109,40,35,5,8,0,0,1,4,4,2,8,0,1,0,1,0,2,0,1984,1984-08-03,4031,3577,386,877,137,18,70,352,351,41,575,7,61,35,53,76,70,56
110,48,39,5,9,2,0,1,5,7,0,4,1,1,0,1,2,2,1,1984,1984-08-04,4079,3616,391,886,139,18,71,357,358,41,579,8,62,35,54,78,72,57
111,38,35,1,5,1,0,0,1,1,0,4,0,2,0,0,1,0,0,1984,1984-08-05,4117,3651,392,891,140,18,71,358,359,41,583,8,64,35,54,79,72,57
112,37,35,0,9,1,0,0,0,2,0,4,0,0,0,1,1,2,0,1984,1984-08-06,4154,3686,392,900,141,18,71,358,361,41,587,8,64,35,55,80,74,57
113,43,41,2,9,1,0,1,2,2,1,7,0,0,0,1,0,0,0,1984,1984-08-07,4197,3727,394,909,142,18,72,360,363,42,594,8,64,35,56,80,74,57
114,39,38,5,9,4,0,0,3,1,0,3,0,0,0,2,0,0,0,1984,1984-08-08,4236,3765,399,918,146,18,72,363,364,42,597,8,64,35,58,80,74,57
115,36,33,1,9,1,0,1,1,3,1,3,0,0,0,0,1,0,1,1984,1984-08-09,4272,3798,400,927,147,18,73,364,367,43,600,8,64,35,58,81,74,58
116,33,31,1,5,0,0,0,1,1,0,1,0,0,1,0,0,0,0,1984,1984-08-10,4305,3829,401,932,147,18,73,365,368,43,601,8,64,36,58,81,74,58
117,38,32,4,7,0,0,1,4,3,0,3,1,2,0,1,1,2,0,1984,1984-08-11,4343,3861,405,939,147,18,74,369,371,43,604,9,66,36,59,82,76,58
118,40,35,5,6,0,0,3,5,5,0,5,0,0,0,0,1,0,0,1984,1984-08-12,4383,3896,410,945,147,18,77,374,376,43,609,9,66,36,59,83,76,58
119,40,35,9,14,1,0,2,9,2,0,1,0,2,1,2,1,0,0,1984,1984-08-13,4423,3931,419,959,148,18,79,383,378,43,610,9,68,37,61,84,76,58
120,31,29,0,4,0,0,0,0,2,0,7,0,0,0,0,2,0,0,1984,1984-08-14,4454,3960,419,963,148,18,79,383,380,43,617,9,68,37,61,86,76,58
121,35,33,2,7,2,0,1,1,1,0,5,0,1,0,1,0,1,1,1984,1984-08-15,4489,3993,421,970,150,18,80,384,381,43,622,9,69,37,62,86,77,59
122,35,31,2,7,1,0,0,2,4,2,6,0,0,0,0,0,2,0,1984,1984-08-17,4524,4024,423,977,151,18,80,386,385,45,628,9,69,37,62,86,79,59
123,37,35,5,10,1,0,1,5,1,0,7,0,1,0,0,1,0,0,1984,1984-08-18,4561,4059,428,987,152,18,81,391,386,45,635,9,70,37,62,87,79,59
124,36,35,3,7,0,0,1,3,1,0,4,0,0,0,1,0,0,0,1984,1984-08-19,4597,4094,431,994,152,18,82,394,387,45,639,9,70,37,63,87,79,59
125,34,32,1,7,0,0,1,1,1,0,6,0,1,0,1,0,0,0,1984,1984-08-20,4631,4126,432,1001,152,18,83,395,388,45,645,9,71,37,64,87,79,59
126,33,30,4,7,2,0,0,4,1,0,2,1,0,1,0,0,0,0,1984,1984-08-21,4664,4156,436,1008,154,18,83,399,389,45,647,10,71,38,64,87,79,59
127,44,42,3,10,2,0,0,3,1,0,3,0,0,1,1,0,0,0,1984,1984-08-22,4708,4198,439,1018,156,18,83,402,390,45,650,10,71,39,65,87,79,59
128,40,38,5,10,3,0,1,5,1,0,5,1,0,0,0,0,0,0,1984,1984-08-24,4748,4236,444,1028,159,18,84,407,391,45,655,11,71,39,65,87,79,59
129,43,36,7,10,3,0,1,7,5,0,4,1,1,0,1,1,2,0,1984,1984-08-25,4791,4272,451,1038,162,18,85,414,396,45,659,12,72,39,66,88,81,59
130,41,36,8,9,1,0,0,7,4,1,5,0,1,0,2,1,1,0,1984,1984-08-26,4832,4308,459,1047,163,18,85,421,400,46,664,12,73,39,68,89,82,59
131,33,32,1,5,1,1,1,1,1,0,12,0,0,0,0,0,0,0,1984,1984-08-27,4865,4340,460,1052,164,19,86,422,401,46,676,12,73,39,68,89,82,59
132,35,33,1,6,0,0,1,1,2,0,7,0,0,0,1,1,0,0,1984,1984-08-28,4900,4373,461,1058,164,19,87,423,403,46,683,12,73,39,69,90,82,59
133,35,30,2,4,1,0,1,2,5,0,14,0,0,0,0,0,0,1,1984,1984-08-29,4935,4403,463,1062,165,19,88,425,408,46,697,12,73,39,69,90,82,60
134,32,32,2,6,3,0,1,2,0,0,2,0,0,0,0,1,0,0,1984,1984-08-30,4967,4435,465,1068,168,19,89,427,408,46,699,12,73,39,69,91,82,60
135,33,28,2,3,2,0,0,2,3,0,3,0,0,2,0,0,1,0,1984,1984-08-31,5000,4463,467,1071,170,19,89,429,411,46,702,12,73,41,69,91,83,60
136,39,35,4,9,3,0,1,4,2,0,5,0,2,0,0,0,2,0,1984,1984-09-01,5039,4498,471,1080,173,19,90,433,413,46,707,12,75,41,69,91,85,60
137,34,28,0,5,1,0,0,0,3,0,7,1,2,0,1,1,1,0,1984,1984-09-02,5073,4526,471,1085,174,19,90,433,416,46,714,13,77,41,70,92,86,60
138,35,33,3,6,1,0,0,3,2,0,6,0,0,0,0,0,0,0,1984,1984-09-03,5108,4559,474,1091,175,19,90,436,418,46,720,13,77,41,70,92,86,60
139,33,28,2,5,2,0,1,2,3,1,4,0,0,1,0,1,2,0,1984,1984-09-04,5141,4587,476,1096,177,19,91,438,421,47,724,13,77,42,70,93,88,60
140,34,29,4,9,3,0,0,4,3,1,3,0,1,1,0,2,1,0,1984,1984-09-05,5175,4616,480,1105,180,19,91,442,424,48,727,13,78,43,70,95,89,60
141,71,63,2,12,2,0,0,2,6,0,9,0,2,0,1,0,1,0,1984,1984-09-06,5246,4679,482,1117,182,19,91,444,430,48,736,13,80,43,71,95,90,60
142,32,31,0,5,1,0,0,0,0,0,5,0,1,0,1,0,0,0,1984,1984-09-07,5278,4710,482,1122,183,19,91,444,430,48,741,13,81,43,72,95,90,60
143,35,31,6,11,3,0,0,5,2,1,2,0,2,0,1,1,2,2,1984,1984-09-08,5313,4741,488,1133,186,19,91,449,432,49,743,13,83,43,73,96,92,62
144,36,34,1,11,0,0,0,1,2,0,4,0,0,0,0,1,1,1,1984,1984-09-09,5349,4775,489,1144,186,19,91,450,434,49,747,13,83,43,73,97,93,63
145,33,31,5,5,0,1,2,4,1,0,4,0,0,1,0,0,0,0,1984,1984-09-11,5382,4806,494,1149,186,20,93,454,435,49,751,13,83,44,73,97,93,63
146,45,39,8,14,2,0,2,8,5,0,5,0,1,0,0,1,2,0,1984,1984-09-12,5427,4845,502,1163,188,20,95,462,440,49,756,13,84,44,73,98,95,63
147,38,34,6,9,1,0,2,5,3,0,10,0,1,0,0,2,0,0,1984,1984-09-14,5465,4879,508,1172,189,20,97,467,443,49,766,13,85,44,73,100,95,63
148,43,35,5,11,2,0,0,5,7,2,2,0,0,1,0,1,2,0,1984,1984-09-15,5508,4914,513,1183,191,20,97,472,450,51,768,13,85,45,73,101,97,63
149,47,40,7,12,3,0,0,6,5,0,6,0,2,0,2,1,1,0,1984,1984-09-16,5555,4954,520,1195,194,20,97,478,455,51,774,13,87,45,75,102,98,63
150,45,39,9,13,2,0,2,8,6,0,9,0,0,0,1,2,1,1,1984,1984-09-17,5600,4993,529,1208,196,20,99,486,461,51,783,13,87,45,76,104,99,64
151,39,32,5,5,2,0,1,4,7,2,6,0,0,0,2,2,3,0,1984,1984-09-18,5639,5025,534,1213,198,20,100,490,468,53,789,13,87,45,78,106,102,64
152,31,30,3,8,1,1,0,2,0,0,4,0,1,0,0,3,0,1,1984,1984-09-19,5670,5055,537,1221,199,21,100,492,468,53,793,13,88,45,78,109,102,65
153,41,36,6,8,2,0,0,6,4,1,2,0,0,1,3,0,0,1,1984,1984-09-20,5711,5091,543,1229,201,21,100,498,472,54,795,13,88,46,81,109,102,66
154,33,33,1,8,2,0,0,0,0,0,2,0,0,0,0,0,0,1,1984,1984-09-21,5744,5124,544,1237,203,21,100,498,472,54,797,13,88,46,81,109,102,67
155,39,36,7,10,1,1,0,6,2,1,4,0,0,1,2,2,0,0,1984,1984-09-22,5783,5160,551,1247,204,22,100,504,474,55,801,13,88,47,83,111,102,67
156,37,35,2,11,3,0,0,2,1,0,2,0,0,1,0,2,0,0,1984,1984-09-23,5820,5195,553,1258,207,22,100,506,475,55,803,13,88,48,83,113,102,67
157,32,30,5,9,1,0,1,4,1,0,6,0,1,0,1,2,2,1,1984,1984-09-24,5852,5225,558,1267,208,22,101,510,476,55,809,13,89,48,84,115,104,68
158,37,35,6,11,2,0,0,4,1,0,6,1,0,0,1,4,0,0,1984,1984-09-25,5889,5260,564,1278,210,22,101,514,477,55,815,14,89,48,85,119,104,68
159,35,33,1,6,0,0,0,1,1,0,1,0,1,0,1,0,1,0,1984,1984-09-26,5924,5293,565,1284,210,22,101,515,478,55,816,14,90,48,86,119,105,68
160,34,31,4,8,1,0,0,4,3,0,4,0,0,0,0,0,1,1,1984,1984-09-28,5958,5324,569,1292,211,22,101,519,481,55,820,14,90,48,86,119,106,69
161,47,41,4,12,1,0,0,4,5,1,4,0,1,0,0,0,1,0,1984,1984-09-29,6005,5365,573,1304,212,22,101,523,486,56,824,14,91,48,86,119,107,69
162,37,34,7,12,1,1,1,7,2,0,5,0,1,0,0,1,2,0,1984,1984-09-30,6042,5399,580,1316,213,23,102,530,488,56,829,14,92,48,86,120,109,69
1,48,39,16,15,2,2,1,15,6,1,7,0,2,1,2,0,3,0,1983,1983-04-05,48,39,16,15,2,2,1,15,6,1,7,0,2,1,2,0,3,0
2,43,33,4,6,1,0,0,4,10,3,6,0,0,0,0,0,6,0,1983,1983-04-06,91,72,20,21,3,2,1,19,16,4,13,0,2,1,2,0,9,0
3,35,33,3,9,1,0,1,3,2,0,5,0,0,0,1,1,0,2,1983,1983-04-08,126,105,23,30,4,2,2,22,18,4,18,0,2,1,3,1,9,2
4,35,33,2,6,1,0,1,2,1,0,0,1,0,0,1,0,0,0,1983,1983-04-09,161,138,25,36,5,2,3,24,19,4,18,1,2,1,4,1,9,2
5,35,32,3,9,3,0,1,3,3,1,2,0,0,0,0,0,1,0,1983,1983-04-10,196,170,28,45,8,2,4,27,22,5,20,1,2,1,4,1,10,2
6,47,39,4,10,0,0,1,4,6,1,8,1,1,0,0,1,0,0,1983,1983-04-11,243,209,32,55,8,2,5,31,28,6,28,2,3,1,4,2,10,2
7,33,30,3,7,0,0,3,3,3,0,3,0,0,0,0,0,0,0,1983,1983-04-12,276,239,35,62,8,2,8,34,31,6,31,2,3,1,4,2,10,2
8,53,46,5,8,2,0,2,5,5,1,4,0,2,0,0,0,2,0,1983,1983-04-13,329,285,40,70,10,2,10,39,36,7,35,2,5,1,4,2,12,2
9,39,35,6,10,3,0,1,5,3,0,2,0,0,0,1,0,4,0,1983,1983-04-15,368,320,46,80,13,2,11,44,39,7,37,2,5,1,5,2,16,2
10,39,34,8,10,4,1,1,7,3,1,5,0,1,1,2,0,2,0,1983,1983-04-16,407,354,54,90,17,3,12,51,42,8,42,2,6,2,7,2,18,2
11,33,33,1,6,0,0,0,1,0,0,5,0,0,0,0,0,0,0,1983,1983-04-17,440,387,55,96,17,3,12,52,42,8,47,2,6,2,7,2,18,2
12,39,31,4,9,2,0,0,3,6,2,4,0,2,0,1,1,2,2,1983,1983-04-18,479,418,59,105,19,3,12,55,48,10,51,2,8,2,8,3,20,4
13,42,40,2,13,1,0,1,2,1,0,5,0,1,0,0,0,0,2,1983,1983-04-20,521,458,61,118,20,3,13,57,49,10,56,2,9,2,8,3,20,6
14,35,32,4,9,1,0,2,4,2,0,3,0,0,1,0,1,0,0,1983,1983-04-22,556,490,65,127,21,3,15,61,51,10,59,2,9,3,8,4,20,6
15,37,31,3,7,4,0,1,3,5,1,7,0,1,0,0,1,1,0,1983,1983-04-23,593,521,68,134,25,3,16,64,56,11,66,2,10,3,8,5,21,6
16,42,36,8,10,1,2,3,8,4,0,9,0,2,0,1,0,2,0,1983,1983-04-25,635,557,76,144,26,5,19,72,60,11,75,2,12,3,9,5,23,6
17,36,33,3,6,0,2,0,3,3,0,3,0,0,0,0,0,1,0,1983,1983-04-26,671,590,79,150,26,7,19,75,63,11,78,2,12,3,9,5,24,6
18,35,33,6,9,1,1,1,6,1,0,3,0,0,1,1,1,3,1,1983,1983-04-27,706,623,85,159,27,8,20,81,64,11,81,2,12,4,10,6,27,7
19,36,29,4,4,2,0,2,3,6,1,5,0,1,0,0,0,0,1,1983,1983-04-29,742,652,89,163,29,8,22,84,70,12,86,2,13,4,10,6,27,8
20,37,29,2,4,1,0,0,2,8,0,5,0,0,0,0,2,0,0,1983,1983-04-30,779,681,91,167,30,8,22,86,78,12,91,2,13,4,10,8,27,8
21,27,19,3,4,1,0,0,2,6,0,4,1,0,1,0,1,1,0,1983,1983-05-01,806,700,94,171,31,8,22,88,84,12,95,3,13,5,10,9,28,8
22,35,33,1,9,3,0,0,1,2,0,2,0,0,0,1,4,0,0,1983,1983-05-02,841,733,95,180,34,8,22,89,86,12,97,3,13,5,11,13,28,8
23,33,30,5,7,1,1,1,5,3,0,4,0,0,0,0,0,2,1,1983,1983-05-03,874,763,100,187,35,9,23,94,89,12,101,3,13,5,11,13,30,9
24,40,31,3,6,1,0,1,2,7,2,9,0,2,0,2,0,1,0,1983,1983-05-04,914,794,103,193,36,9,24,96,96,14,110,3,15,5,13,13,31,9
25,48,37,16,15,1,0,2,14,9,2,2,0,1,1,1,0,0,1,1983,1983-05-06,962,831,119,208,37,9,26,110,105,16,112,3,16,6,14,13,31,10
26,33,26,5,7,1,0,1,4,6,1,4,0,0,1,0,1,3,0,1983,1983-05-07,995,857,124,215,38,9,27,114,111,17,116,3,16,7,14,14,34,10
27,38,33,6,8,2,0,2,4,5,2,7,0,0,0,1,0,0,0,1983,1983-05-08,1033,890,130,223,40,9,29,118,116,19,123,3,16,7,15,14,34,10
28,38,34,4,12,1,0,2,4,3,2,3,0,1,0,0,2,0,0,1983,1983-05-09,1071,924,134,235,41,9,31,122,119,21,126,3,17,7,15,16,34,10
29,34,31,2,5,1,0,0,2,3,1,3,0,0,0,0,0,0,1,1983,1983-05-10,1105,955,136,240,42,9,31,124,122,22,129,3,17,7,15,16,34,11
30,37,35,4,10,3,0,2,4,1,0,8,0,0,1,0,0,1,0,1983,1983-05-12,1142,990,140,250,45,9,33,128,123,22,137,3,17,8,15,16,35,11
31,35,34,4,10,2,0,0,3,1,0,3,0,0,0,0,2,0,0,1983,1983-05-13,1177,1024,144,260,47,9,33,131,124,22,140,3,17,8,15,18,35,11
32,36,33,4,6,1,0,2,3,3,0,6,0,0,0,1,1,0,0,1983,1983-05-14,1213,1057,148,266,48,9,35,134,127,22,146,3,17,8,16,19,35,11
33,36,30,3,4,0,0,2,3,5,1,5,0,1,0,2,1,3,1,1983,1983-05-15,1249,1087,151,270,48,9,37,137,132,23,151,3,18,8,18,20,38,12
34,60,49,2,7,0,0,0,2,10,1,4,0,1,0,0,0,2,2,1983,1983-05-17,1309,1136,153,277,48,9,37,139,142,24,155,3,19,8,18,20,40,14
35,45,40,13,14,6,0,2,13,4,0,3,1,0,0,0,0,0,1,1983,1983-05-18,1354,1176,166,291,54,9,39,152,146,24,158,4,19,8,18,20,40,15
36,33,30,0,6,0,0,0,0,3,0,7,0,0,0,0,1,2,2,1983,1983-05-20,1387,1206,166,297,54,9,39,152,149,24,165,4,19,8,18,21,42,17
37,39,34,5,11,0,0,3,5,2,0,6,0,2,1,0,1,3,0,1983,1983-05-22,1426,1240,171,308,54,9,42,157,151,24,171,4,21,9,18,22,45,17
38,38,34,2,9,1,1,0,2,3,0,7,0,1,0,0,0,1,1,1983,1983-05-23,1464,1274,173,317,55,10,42,159,154,24,178,4,22,9,18,22,46,18
39,33,31,3,4,2,1,0,2,1,0,9,0,1,0,1,1,3,0,1983,1983-05-24,1497,1305,176,321,57,11,42,161,155,24,187,4,23,9,19,23,49,18
40,39,37,6,10,2,0,1,6,2,0,7,0,0,0,0,0,1,0,1983,1983-05-25,1536,1342,182,331,59,11,43,167,157,24,194,4,23,9,19,23,50,18
41,34,34,3,7,0,1,2,3,0,0,3,0,0,0,1,0,0,1,1983,1983-05-26,1570,1376,185,338,59,12,45,170,157,24,197,4,23,9,20,23,50,19
42,37,34,3,10,2,0,0,2,2,0,8,0,1,0,0,2,0,0,1983,1983-05-27,1607,1410,188,348,61,12,45,172,159,24,205,4,24,9,20,25,50,19
43,33,28,5,6,0,0,0,5,3,0,6,0,1,1,0,0,3,0,1983,1983-05-28,1640,1438,193,354,61,12,45,177,162,24,211,4,25,10,20,25,53,19
44,42,40,4,14,3,1,0,4,2,0,5,0,0,0,0,0,1,1,1983,1983-05-29,1682,1478,197,368,64,13,45,181,164,24,216,4,25,10,20,25,54,20
45,39,34,5,11,1,0,1,5,3,0,6,1,1,0,1,0,1,0,1983,1983-05-30,1721,1512,202,379,65,13,46,186,167,24,222,5,26,10,21,25,55,20
46,30,29,4,5,0,0,2,4,1,0,10,0,0,0,0,0,2,0,1983,1983-05-31,1751,1541,206,384,65,13,48,190,168,24,232,5,26,10,21,25,57,20
47,28,25,1,4,0,0,0,1,2,0,8,0,1,0,0,1,1,1,1983,1983-06-01,1779,1566,207,388,65,13,48,191,170,24,240,5,27,10,21,26,58,21
48,56,47,5,11,1,0,1,4,6,2,3,0,3,0,0,1,2,1,1983,1983-06-02,1835,1613,212,399,66,13,49,195,176,26,243,5,30,10,21,27,60,22
49,35,32,2,7,1,0,0,2,3,0,5,0,0,0,0,1,0,1,1983,1983-06-03,1870,1645,214,406,67,13,49,197,179,26,248,5,30,10,21,28,60,23
50,33,29,2,7,0,0,2,2,3,0,5,0,1,0,0,0,1,1,1983,1983-06-04,1903,1674,216,413,67,13,51,199,182,26,253,5,31,10,21,28,61,24
51,37,33,2,8,0,0,0,2,2,0,5,0,1,1,0,0,2,0,1983,1983-06-05,1940,1707,218,421,67,13,51,201,184,26,258,5,32,11,21,28,63,24
52,34,32,1,6,1,0,1,1,2,1,7,0,0,0,1,2,1,0,1983,1983-06-07,1974,1739,219,427,68,13,52,202,186,27,265,5,32,11,22,30,64,24
53,46,42,11,16,4,0,4,11,2,0,7,0,1,1,1,0,0,0,1983,1983-06-08,2020,1781,230,443,72,13,56,213,188,27,272,5,33,12,23,30,64,24
54,40,34,4,11,1,1,0,4,5,1,4,0,1,0,2,1,0,1,1983,1983-06-09,2060,1815,234,454,73,14,56,217,193,28,276,5,34,12,25,31,64,25
55,41,35,2,11,3,1,0,2,5,0,4,1,0,0,0,0,1,1,1983,1983-06-10,2101,1850,236,465,76,15,56,219,198,28,280,6,34,12,25,31,65,26
56,36,31,3,6,0,0,1,3,5,0,7,0,0,0,0,1,0,0,1983,1983-06-11,2137,1881,239,471,76,15,57,222,203,28,287,6,34,12,25,32,65,26
57,33,29,1,3,0,0,0,1,4,0,8,0,0,0,0,0,1,1,1983,1983-06-12,2170,1910,240,474,76,15,57,223,207,28,295,6,34,12,25,32,66,27
58,37,34,5,8,0,0,2,5,2,0,10,0,0,1,1,0,0,1,1983,1983-06-13,2207,1944,245,482,76,15,59,228,209,28,305,6,34,13,26,32,66,28
59,32,30,4,9,1,0,1,4,1,0,2,0,1,0,0,1,1,0,1983,1983-06-14,2239,1974,249,491,77,15,60,232,210,28,307,6,35,13,26,33,67,28
60,37,30,2,7,2,0,0,1,5,1,10,0,2,0,1,1,1,2,1983,1983-06-15,2276,2004,251,498,79,15,60,233,215,29,317,6,37,13,27,34,68,30
61,36,34,6,13,2,0,1,6,2,0,3,0,0,0,0,1,0,1,1983,1983-06-16,2312,2038,257,511,81,15,61,239,217,29,320,6,37,13,27,35,68,31
62,29,28,1,5,0,0,1,1,1,0,8,0,0,0,0,0,0,1,1983,1983-06-17,2341,2066,258,516,81,15,62,240,218,29,328,6,37,13,27,35,68,32
63,35,33,2,8,1,0,0,2,2,0,7,0,0,0,0,1,1,1,1983,1983-06-18,2376,2099,260,524,82,15,62,242,220,29,335,6,37,13,27,36,69,33
64,36,30,5,9,2,0,1,3,6,1,12,0,0,0,0,1,1,1,1983,1983-06-19,2412,2129,265,533,84,15,63,245,226,30,347,6,37,13,27,37,70,34
65,31,29,1,4,1,0,0,1,1,0,5,0,1,0,0,1,0,0,1983,1983-06-20,2443,2158,266,537,85,15,63,246,227,30,352,6,38,13,27,38,70,34
66,32,29,0,2,0,0,0,0,3,0,6,0,0,0,0,0,0,0,1983,1983-06-21,2475,2187,266,539,85,15,63,246,230,30,358,6,38,13,27,38,70,34
67,33,30,2,4,1,0,1,2,3,0,10,0,0,0,0,1,0,0,1983,1983-06-22,2508,2217,268,543,86,15,64,248,233,30,368,6,38,13,27,39,70,34
68,41,38,5,13,1,0,2,5,2,1,2,0,0,1,0,1,0,0,1983,1983-06-23,2549,2255,273,556,87,15,66,253,235,31,370,6,38,14,27,40,70,34
69,37,32,7,9,1,0,4,7,4,0,8,1,0,0,0,1,4,0,1983,1983-06-24,2586,2287,280,565,88,15,70,260,239,31,378,7,38,14,27,41,74,34
70,43,41,2,11,2,0,1,2,1,1,5,0,1,0,0,0,0,0,1983,1983-06-25,2629,2328,282,576,90,15,71,262,240,32,383,7,39,14,27,41,74,34
71,40,33,7,8,0,0,2,6,6,0,2,0,0,1,2,2,2,1,1983,1983-06-26,2669,2361,289,584,90,15,73,268,246,32,385,7,39,15,29,43,76,35
72,39,32,9,7,2,1,3,9,5,0,7,1,0,1,0,1,1,0,1983,1983-06-28,2708,2393,298,591,92,16,76,277,251,32,392,8,39,16,29,44,77,35
73,34,32,2,7,1,1,0,2,1,0,4,0,1,0,2,1,0,2,1983,1983-06-29,2742,2425,300,598,93,17,76,279,252,32,396,8,40,16,31,45,77,37
74,39,34,6,9,1,0,1,6,5,0,3,0,0,0,1,0,1,0,1983,1983-06-30,2781,2459,306,607,94,17,77,285,257,32,399,8,40,16,32,45,78,37
75,43,38,5,11,2,1,0,5,3,0,2,1,0,1,0,1,1,0,1983,1983-07-01,2824,2497,311,618,96,18,77,290,260,32,401,9,40,17,32,46,79,37
76,32,29,1,5,1,1,0,1,2,0,8,0,0,1,0,2,1,0,1983,1983-07-02,2856,2526,312,623,97,19,77,291,262,32,409,9,40,18,32,48,80,37
77,34,29,1,3,0,0,1,1,5,0,5,0,0,0,0,1,1,0,1983,1983-07-03,2890,2555,313,626,97,19,78,292,267,32,414,9,40,18,32,49,81,37
78,36,32,4,6,0,0,1,4,3,0,7,0,1,0,0,0,1,0,1983,1983-07-04,2926,2587,317,632,97,19,79,296,270,32,421,9,41,18,32,49,82,37
79,37,35,3,12,0,0,1,3,2,0,10,0,0,0,0,1,1,2,1983,1983-07-08,2963,2622,320,644,97,19,80,299,272,32,431,9,41,18,32,50,83,39
80,29,27,0,2,0,0,0,0,1,0,9,0,1,0,0,1,0,0,1983,1983-07-09,2992,2649,320,646,97,19,80,299,273,32,440,9,42,18,32,51,83,39
81,41,34,10,10,2,0,1,8,7,2,1,0,0,0,1,0,0,1,1983,1983-07-10,3033,2683,330,656,99,19,81,307,280,34,441,9,42,18,33,51,83,40
82,39,36,7,12,1,0,2,7,1,0,6,0,2,0,2,0,0,0,1983,1983-07-11,3072,2719,337,668,100,19,83,314,281,34,447,9,44,18,35,51,83,40
83,32,30,3,8,1,0,1,3,2,0,3,0,0,0,0,1,1,1,1983,1983-07-12,3104,2749,340,676,101,19,84,317,283,34,450,9,44,18,35,52,84,41
84,39,36,5,10,1,1,1,5,1,0,9,0,1,1,1,0,1,0,1983,1983-07-13,3143,2785,345,686,102,20,85,322,284,34,459,9,45,19,36,52,85,41
85,39,36,8,15,1,2,0,7,3,1,5,0,0,0,0,0,2,1,1983,1983-07-14,3182,2821,353,701,103,22,85,329,287,35,464,9,45,19,36,52,87,42
86,37,36,4,11,2,1,1,4,0,0,3,0,0,1,0,1,0,0,1983,1983-07-15,3219,2857,357,712,105,23,86,333,287,35,467,9,45,20,36,53,87,42
87,41,37,7,12,0,1,1,7,4,1,4,0,0,0,2,1,2,0,1983,1983-07-16,3260,2894,364,724,105,24,87,340,291,36,471,9,45,20,38,54,89,42
88,35,33,0,7,1,0,0,0,2,0,7,0,0,0,0,1,0,0,1983,1983-07-17,3295,2927,364,731,106,24,87,340,293,36,478,9,45,20,38,55,89,42
89,37,33,1,7,1,0,0,1,3,0,7,0,0,1,0,0,0,0,1983,,3332,2960,365,738,107,24,87,341,296,36,485,9,45,21,38,55,89,42
90,42,37,3,6,1,1,1,3,3,0,10,0,1,1,0,0,0,0,1983,,3374,2997,368,744,108,25,88,344,299,36,495,9,46,22,38,55,89,42
91,39,36,3,13,2,0,0,3,2,0,6,0,1,0,0,3,1,0,1983,1983-07-20,3413,3033,371,757,110,25,88,347,301,36,501,9,47,22,38,58,90,42
92,43,36,4,10,4,0,1,4,6,1,6,0,1,0,1,1,1,0,1983,1983-07-21,3456,3069,375,767,114,25,89,351,307,37,507,9,48,22,39,59,91,42
93,42,38,9,14,3,0,2,9,3,1,4,0,1,0,0,1,2,1,1983,1983-07-22,3498,3107,384,781,117,25,91,360,310,38,511,9,49,22,39,60,93,43
94,44,35,10,9,1,0,2,10,9,1,2,0,0,0,1,1,0,1,1983,1983-07-23,3542,3142,394,790,118,25,93,370,319,39,513,9,49,22,40,61,93,44
95,33,31,0,6,1,0,0,0,1,0,5,0,1,0,1,2,0,0,1983,1983-07-24,3575,3173,394,796,119,25,93,370,320,39,518,9,50,22,41,63,93,44
96,41,38,3,12,1,1,0,3,2,0,6,0,0,1,1,1,1,0,1983,1983-07-25,3616,3211,397,808,120,26,93,373,322,39,524,9,50,23,42,64,94,44
97,40,36,5,14,2,0,2,5,2,1,5,0,2,0,0,2,1,1,1983,1983-07-26,3656,3247,402,822,122,26,95,378,324,40,529,9,52,23,42,66,95,45
98,36,34,1,9,1,0,0,0,2,0,6,0,0,0,0,0,0,2,1983,1983-07-27,3692,3281,403,831,123,26,95,378,326,40,535,9,52,23,42,66,95,47
99,37,31,2,4,1,0,1,2,6,0,9,0,0,0,0,0,2,0,1983,1983-07-29,3729,3312,405,835,124,26,96,380,332,40,544,9,52,23,42,66,97,47
100,35,32,0,7,2,0,0,0,3,0,4,0,0,0,0,2,0,0,1983,1983-07-30,3764,3344,405,842,126,26,96,380,335,40,548,9,52,23,42,68,97,47
101,40,33,2,6,2,1,1,1,2,1,2,3,2,0,1,0,0,0,1983,,3804,3377,407,848,128,27,97,381,337,41,550,12,54,23,43,68,97,47
102,39,38,6,15,2,0,1,6,0,0,4,0,0,1,0,1,0,1,1983,,3843,3415,413,863,130,27,98,387,337,41,554,12,54,24,43,69,97,48
103,38,35,2,10,1,0,1,2,3,1,8,0,0,0,0,3,1,2,1983,1983-08-01,3881,3450,415,873,131,27,99,389,340,42,562,12,54,24,43,72,98,50
104,31,30,3,7,0,0,0,3,1,0,5,0,0,0,0,0,2,1,1983,1983-08-02,3912,3480,418,880,131,27,99,392,341,42,567,12,54,24,43,72,100,51
105,39,32,7,12,2,0,2,7,6,1,5,0,1,0,0,1,1,1,1983,1983-08-03,3951,3512,425,892,133,27,101,399,347,43,572,12,55,24,43,73,101,52
106,45,39,3,8,0,0,1,3,5,1,10,0,1,0,1,1,1,1,1983,1983-08-04,3996,3551,428,900,133,27,102,402,352,44,582,12,56,24,44,74,102,53
107,34,29,2,7,1,1,0,1,4,0,3,0,1,0,1,1,1,1,1983,1983-08-05,4030,3580,430,907,134,28,102,403,356,44,585,12,57,24,45,75,103,54
108,34,30,4,6,0,0,2,4,3,0,6,1,0,0,1,0,1,1,1983,1983-08-06,4064,3610,434,913,134,28,104,407,359,44,591,13,57,24,46,75,104,55
109,34,32,2,8,2,0,1,2,1,0,6,0,0,1,1,2,0,0,1983,1983-08-07,4098,3642,436,921,136,28,105,409,360,44,597,13,57,25,47,77,104,55
110,39,36,4,10,2,0,2,4,3,0,6,0,0,0,0,0,2,0,1983,1983-08-09,4137,3678,440,931,138,28,107,413,363,44,603,13,57,25,47,77,106,55
111,36,29,2,5,3,0,0,2,7,0,7,0,0,0,0,2,0,0,1983,1983-08-10,4173,3707,442,936,141,28,107,415,370,44,610,13,57,25,47,79,106,55
112,37,29,4,5,1,0,1,4,6,0,7,0,1,1,0,0,0,1,1983,1983-08-11,4210,3736,446,941,142,28,108,419,376,44,617,13,58,26,47,79,106,56
113,39,36,5,9,1,0,1,5,3,0,8,0,0,0,0,0,0,0,1983,1983-08-12,4249,3772,451,950,143,28,109,424,379,44,625,13,58,26,47,79,106,56
114,37,31,7,5,1,0,3,7,5,1,9,0,1,0,0,0,1,0,1983,1983-08-13,4286,3803,458,955,144,28,112,431,384,45,634,13,59,26,47,79,107,56
115,39,34,5,10,1,0,1,5,3,1,2,0,2,0,0,0,0,1,1983,1983-08-14,4325,3837,463,965,145,28,113,436,387,46,636,13,61,26,47,79,107,57
116,35,33,3,6,0,1,2,3,2,0,5,0,0,0,0,0,0,0,1983,1983-08-15,4360,3870,466,971,145,29,115,439,389,46,641,13,61,26,47,79,107,57
117,35,32,5,10,2,0,1,4,2,1,3,0,0,1,0,0,4,0,1983,1983-08-16,4395,3902,471,981,147,29,116,443,391,47,644,13,61,27,47,79,111,57
118,39,31,4,8,0,0,0,4,5,0,3,1,1,1,1,1,1,0,1983,1983-08-17,4434,3933,475,989,147,29,116,447,396,47,647,14,62,28,48,80,112,57
119,33,30,3,6,0,0,0,2,3,0,6,0,0,0,0,0,1,0,1983,1983-08-19,4467,3963,478,995,147,29,116,449,399,47,653,14,62,28,48,80,113,57
120,32,31,4,8,0,0,0,4,1,0,6,0,0,0,2,0,3,2,1983,1983-08-20,4499,3994,482,1003,147,29,116,453,400,47,659,14,62,28,50,80,116,59
121,36,30,6,7,0,0,1,6,6,1,10,0,0,0,1,2,3,1,1983,1983-08-21,4535,4024,488,1010,147,29,117,459,406,48,669,14,62,28,51,82,119,60
122,34,32,4,9,1,0,1,4,2,0,6,0,0,0,0,1,2,0,1983,1983-08-22,4569,4056,492,1019,148,29,118,463,408,48,675,14,62,28,51,83,121,60
123,32,29,6,4,1,1,2,5,1,0,2,1,1,0,2,0,0,0,1983,1983-08-23,4601,4085,498,1023,149,30,120,468,409,48,677,15,63,28,53,83,121,60
124,33,28,3,7,0,0,1,3,3,0,6,0,1,1,0,0,0,1,1983,1983-08-24,4634,4113,501,1030,149,30,121,471,412,48,683,15,64,29,53,83,121,61
125,35,33,1,7,2,0,0,1,2,0,9,0,0,0,1,1,1,1,1983,1983-08-26,4669,4146,502,1037,151,30,121,472,414,48,692,15,64,29,54,84,122,62
126,38,34,6,9,1,1,1,5,4,0,3,0,0,0,0,1,1,0,1983,1983-08-27,4707,4180,508,1046,152,31,122,477,418,48,695,15,64,29,54,85,123,62
127,42,36,8,10,1,0,1,8,5,0,5,0,1,0,2,1,2,0,1983,1983-08-28,4749,4216,516,1056,153,31,123,485,423,48,700,15,65,29,56,86,125,62
128,41,36,6,12,1,0,0,5,4,0,1,0,0,1,1,1,3,1,1983,,4790,4252,522,1068,154,31,123,490,427,48,701,15,65,30,57,87,128,63
129,41,35,7,12,3,0,1,7,3,2,4,0,2,1,1,0,2,0,1983,,4831,4287,529,1080,157,31,124,497,430,50,705,15,67,31,58,87,130,63
130,38,35,2,8,2,0,0,1,2,0,3,0,0,1,1,0,1,0,1983,,4869,4322,531,1088,159,31,124,498,432,50,708,15,67,32,59,87,131,63
131,33,32,2,6,1,0,0,2,1,0,3,0,0,0,0,1,0,0,1983,,4902,4354,533,1094,160,31,124,500,433,50,711,15,67,32,59,88,131,63
132,36,34,1,8,1,0,0,1,2,0,6,0,0,0,0,0,0,1,1983,1983-08-31,4938,4388,534,1102,161,31,124,501,435,50,717,15,67,32,59,88,131,64
133,36,32,3,7,1,0,1,3,4,0,11,0,0,0,1,1,1,1,1983,1983-09-01,4974,4420,537,1109,162,31,125,504,439,50,728,15,67,32,60,89,132,65
134,41,32,4,11,3,0,1,4,4,2,8,1,3,1,0,0,0,1,1983,1983-09-02,5015,4452,541,1120,165,31,126,508,443,52,736,16,70,33,60,89,132,66
135,35,33,4,9,0,0,1,4,1,0,12,0,1,0,0,1,0,1,1983,1983-09-03,5050,4485,545,1129,165,31,127,512,444,52,748,16,71,33,60,90,132,67
136,45,40,2,7,2,1,0,2,2,0,9,0,1,2,0,0,3,0,1983,1983-09-04,5095,4525,547,1136,167,32,127,514,446,52,757,16,72,35,60,90,135,67
137,35,32,2,8,0,0,1,1,2,0,4,1,0,0,1,2,0,0,1983,1983-09-05,5130,4557,549,1144,167,32,128,515,448,52,761,17,72,35,61,92,135,67
138,35,33,3,7,0,0,1,3,1,0,3,0,1,0,0,0,0,0,1983,1983-09-06,5165,4590,552,1151,167,32,129,518,449,52,764,17,73,35,61,92,135,67
139,41,39,7,12,2,0,2,7,1,1,5,0,1,0,1,1,1,0,1983,1983-09-07,5206,4629,559,1163,169,32,131,525,450,53,769,17,74,35,62,93,136,67
140,36,31,5,8,0,0,1,4,4,0,5,0,1,0,0,0,0,0,1983,1983-09-08,5242,4660,564,1171,169,32,132,529,454,53,774,17,75,35,62,93,136,67
141,34,28,3,5,0,0,1,3,6,0,8,0,0,0,1,1,2,1,1983,1983-09-09,5276,4688,567,1176,169,32,133,532,460,53,782,17,75,35,63,94,138,68
142,41,35,3,8,0,0,0,3,3,0,6,0,3,0,1,1,1,0,1983,1983-09-10,5317,4723,570,1184,169,32,133,535,463,53,788,17,78,35,64,95,139,68
143,43,34,7,9,3,0,0,7,8,1,4,0,1,0,1,1,0,0,1983,1983-09-11,5360,4757,577,1193,172,32,133,542,471,54,792,17,79,35,65,96,139,68
144,36,35,5,9,1,0,0,4,1,0,7,0,0,0,2,2,2,0,1983,1983-09-13,5396,4792,582,1202,173,32,133,546,472,54,799,17,79,35,67,98,141,68
145,36,34,2,8,1,0,0,2,1,0,6,1,0,0,0,1,3,0,1983,1983-09-14,5432,4826,584,1210,174,32,133,548,473,54,805,18,79,35,67,99,144,68
146,41,31,6,7,1,0,0,4,7,0,9,2,0,1,0,1,1,1,1983,1983-09-15,5473,4857,590,1217,175,32,133,552,480,54,814,20,79,36,67,100,145,69
147,29,27,0,2,0,0,0,0,2,0,8,0,0,0,0,0,1,2,1983,1983-09-16,5502,4884,590,1219,175,32,133,552,482,54,822,20,79,36,67,100,146,71
148,33,32,1,5,1,0,1,1,1,0,4,0,0,0,0,0,0,0,1983,1983-09-17,5535,4916,591,1224,176,32,134,553,483,54,826,20,79,36,67,100,146,71
149,40,36,3,8,3,0,1,3,4,0,9,0,0,0,1,0,1,0,1983,1983-09-18,5575,4952,594,1232,179,32,135,556,487,54,835,20,79,36,68,100,147,71
150,42,37,9,12,0,0,1,8,5,1,8,0,0,0,1,0,4,0,1983,1983-09-19,5617,4989,603,1244,179,32,136,564,492,55,843,20,79,36,69,100,151,71
151,35,32,2,6,1,0,1,2,3,0,10,0,0,0,1,1,0,0,1983,1983-09-20,5652,5021,605,1250,180,32,137,566,495,55,853,20,79,36,70,101,151,71
152,33,31,2,7,2,0,0,1,2,0,4,0,0,0,1,1,4,0,1983,1983-09-21,5685,5052,607,1257,182,32,137,567,497,55,857,20,79,36,71,102,155,71
153,46,40,11,14,0,1,3,11,3,1,10,0,2,1,2,0,2,0,1983,1983-09-23,5731,5092,618,1271,182,33,140,578,500,56,867,20,81,37,73,102,157,71
154,35,33,2,6,1,0,0,2,2,0,4,0,0,0,2,0,2,0,1983,1983-09-24,5766,5125,620,1277,183,33,140,580,502,56,871,20,81,37,75,102,159,71
155,37,35,1,8,0,0,0,1,2,0,6,0,0,0,2,1,0,1,1983,1983-09-25,5803,5160,621,1285,183,33,140,581,504,56,877,20,81,37,77,103,159,72
156,56,44,12,18,5,0,1,11,10,1,6,1,1,0,1,1,1,1,1983,1983-09-26,5859,5204,633,1303,188,33,141,592,514,57,883,21,82,37,78,104,160,73
157,40,31,7,8,1,0,2,7,5,1,3,0,1,3,0,1,2,0,1983,1983-09-27,5899,5235,640,1311,189,33,143,599,519,58,886,21,83,40,78,105,162,73
158,48,43,4,9,3,1,1,4,2,1,7,0,3,0,1,1,0,2,1983,1983-09-28,5947,5278,644,1320,192,34,144,603,521,59,893,21,86,40,79,106,162,75
159,39,33,1,8,1,0,0,1,6,0,7,0,0,0,1,2,0,0,1983,,5986,5311,645,1328,193,34,144,604,527,59,900,21,86,40,80,108,162,75
160,38,33,1,8,1,0,1,1,4,1,10,1,0,0,0,2,2,0,1983,,6024,5344,646,1336,194,34,145,605,531,60,910,22,86,40,80,110,164,75
161,35,30,4,9,0,0,1,4,5,1,4,0,0,0,1,1,0,1,1983,1983-09-30,6059,5374,650,1345,194,34,146,609,536,61,914,22,86,40,81,111,164,76
162,34,31,1,4,1,0,0,1,3,0,7,0,0,0,0,0,0,0,1983,1983-10-01,6093,5405,651,1349,195,34,146,610,539,61,921,22,86,40,81,111,164,76
163,37,35,3,9,2,0,0,3,2,0,4,0,0,0,0,1,2,0,1983,1983-10-02,6130,5440,654,1358,197,34,146,613,541,61,925,22,86,40,81,112,166,76
1,39,32,4,11,2,0,1,4,5,3,5,0,1,1,1,0,0,1,1982,1982-04-06,39,32,4,11,2,0,1,4,5,3,5,0,1,1,1,0,0,1
2,44,37,9,14,1,0,1,6,6,1,3,0,0,1,3,2,1,0,1982,1982-04-07,83,69,13,25,3,0,2,10,11,4,8,0,1,2,4,2,1,1
3,39,37,4,10,2,0,0,4,2,0,4,0,0,0,0,0,0,0,1982,1982-04-09,122,106,17,35,5,0,2,14,13,4,12,0,1,2,4,2,1,1
4,37,33,6,9,2,0,1,6,4,1,2,0,0,0,1,0,1,1,1982,1982-04-10,159,139,23,44,7,0,3,20,17,5,14,0,1,2,5,2,2,2
5,46,37,1,8,0,0,0,1,4,1,3,2,3,0,0,0,0,1,1982,1982-04-12,205,176,24,52,7,0,3,21,21,6,17,2,4,2,5,2,2,3
6,47,36,9,13,2,0,1,8,8,1,3,0,1,2,0,0,2,0,1982,1982-04-13,252,212,33,65,9,0,4,29,29,7,20,2,5,4,5,2,4,3
7,34,32,1,5,0,0,0,1,2,1,2,0,0,0,0,0,0,0,1982,1982-04-14,286,244,34,70,9,0,4,30,31,8,22,2,5,4,5,2,4,3
8,35,32,0,5,1,0,0,0,3,0,7,0,0,0,0,0,0,0,1982,1982-04-15,321,276,34,75,10,0,4,30,34,8,29,2,5,4,5,2,4,3
9,35,32,3,8,3,0,0,3,2,0,4,0,1,0,0,1,0,0,1982,1982-04-16,356,308,37,83,13,0,4,33,36,8,33,2,6,4,5,3,4,3
10,37,33,3,6,1,1,0,3,4,0,1,0,0,0,2,2,1,0,1982,1982-04-17,393,341,40,89,14,1,4,36,40,8,34,2,6,4,7,5,5,3
11,38,35,3,9,3,0,1,3,2,0,5,0,1,0,0,0,0,0,1982,1982-04-18,431,376,43,98,17,1,5,39,42,8,39,2,7,4,7,5,5,3
12,34,33,4,5,0,1,1,3,1,0,3,0,0,0,1,0,2,0,1982,1982-04-19,465,409,47,103,17,2,6,42,43,8,42,2,7,4,8,5,7,3
13,45,40,10,19,2,0,1,9,3,0,1,0,1,1,1,2,1,0,1982,1982-04-20,510,449,57,122,19,2,7,51,46,8,43,2,8,5,9,7,8,3
14,38,34,6,10,0,1,1,6,4,0,7,0,0,0,0,0,0,0,1982,1982-04-21,548,483,63,132,19,3,8,57,50,8,50,2,8,5,9,7,8,3
15,47,37,9,14,3,0,1,9,8,2,8,0,0,2,0,1,1,0,1982,1982-04-23,595,520,72,146,22,3,9,66,58,10,58,2,8,7,9,8,9,3
16,41,33,7,11,2,1,1,7,5,1,2,0,2,1,0,1,0,0,1982,1982-04-24,636,553,79,157,24,4,10,73,63,11,60,2,10,8,9,9,9,3
17,40,35,3,10,1,0,0,3,5,0,6,0,0,0,0,0,1,2,1982,1982-04-25,676,588,82,167,25,4,10,76,68,11,66,2,10,8,9,9,10,5
18,32,31,3,7,0,0,1,3,1,0,4,0,0,0,1,0,4,1,1982,1982-04-27,708,619,85,174,25,4,11,79,69,11,70,2,10,8,10,9,14,6
19,42,39,3,12,1,0,0,3,3,0,8,0,0,0,1,1,0,0,1982,1982-04-28,750,658,88,186,26,4,11,82,72,11,78,2,10,8,11,10,14,6
20,32,28,4,6,2,0,0,3,2,0,4,0,0,2,1,0,3,0,1982,1982-04-29,782,686,92,192,28,4,11,85,74,11,82,2,10,10,12,10,17,6
21,40,31,2,6,0,0,2,2,6,0,2,2,1,0,0,0,0,0,1982,1982-04-30,822,717,94,198,28,4,13,87,80,11,84,4,11,10,12,10,17,6
22,31,28,2,6,0,0,1,2,2,0,2,0,1,0,1,2,1,0,1982,1982-05-01,853,745,96,204,28,4,14,89,82,11,86,4,12,10,13,12,18,6
23,34,32,1,5,0,0,0,0,2,0,9,0,0,0,0,0,0,0,1982,1982-05-02,887,777,97,209,28,4,14,89,84,11,95,4,12,10,13,12,18,6
24,48,43,3,7,1,0,2,3,5,1,5,0,0,0,0,0,2,0,1982,1982-05-03,935,820,100,216,29,4,16,92,89,12,100,4,12,10,13,12,20,6
25,39,34,2,9,0,1,0,2,4,1,0,0,1,0,2,0,1,0,1982,1982-05-04,974,854,102,225,29,5,16,94,93,13,100,4,13,10,15,12,21,6
26,35,33,3,9,2,1,0,3,1,1,2,0,1,0,0,1,1,1,1982,1982-05-06,1009,887,105,234,31,6,16,97,94,14,102,4,14,10,15,13,22,7
27,39,36,6,11,1,1,2,6,2,0,6,0,0,1,0,1,3,0,1982,1982-05-07,1048,923,111,245,32,7,18,103,96,14,108,4,14,11,15,14,25,7
28,49,41,10,15,0,0,3,10,8,2,1,0,0,0,1,1,0,1,1982,1982-05-08,1097,964,121,260,32,7,21,113,104,16,109,4,14,11,16,15,25,8
29,40,34,5,8,3,0,1,5,5,0,2,0,1,0,1,0,0,1,1982,1982-05-09,1137,998,126,268,35,7,22,118,109,16,111,4,15,11,17,15,25,9
30,45,37,8,10,2,0,0,8,7,1,2,0,1,0,2,0,0,2,1982,1982-05-10,1182,1035,134,278,37,7,22,126,116,17,113,4,16,11,19,15,25,11
31,48,36,8,13,2,0,0,8,10,0,8,0,1,1,0,1,1,1,1982,1982-05-11,1230,1071,142,291,39,7,22,134,126,17,121,4,17,12,19,16,26,12
32,35,32,3,8,2,0,1,3,2,0,2,0,0,1,0,2,0,0,1982,1982-05-12,1265,1103,145,299,41,7,23,137,128,17,123,4,17,13,19,18,26,12
33,40,36,2,9,3,1,0,2,4,0,8,0,0,0,1,0,0,1,1982,1982-05-13,1305,1139,147,308,44,8,23,139,132,17,131,4,17,13,20,18,26,13
34,38,35,4,12,2,0,1,4,2,1,2,0,0,1,0,1,0,0,1982,1982-05-14,1343,1174,151,320,46,8,24,143,134,18,133,4,17,14,20,19,26,13
35,36,34,4,7,1,0,1,4,2,0,2,0,0,0,1,1,1,0,1982,1982-05-15,1379,1208,155,327,47,8,25,147,136,18,135,4,17,14,21,20,27,13
36,35,30,4,6,1,0,1,4,2,0,5,0,1,2,1,0,0,0,1982,1982-05-16,1414,1238,159,333,48,8,26,151,138,18,140,4,18,16,22,20,27,13
37,31,26,2,5,1,0,1,2,1,0,3,1,2,1,1,0,1,1,1982,1982-05-18,1445,1264,161,338,49,8,27,153,139,18,143,5,20,17,23,20,28,14
38,36,34,4,12,0,2,1,4,2,1,3,0,0,0,0,1,1,0,1982,1982-05-19,1481,1298,165,350,49,10,28,157,141,19,146,5,20,17,23,21,29,14
39,37,32,3,6,2,0,0,3,4,0,8,0,0,1,0,0,0,0,1982,1982-05-20,1518,1330,168,356,51,10,28,160,145,19,154,5,20,18,23,21,29,14
40,36,32,3,5,0,0,0,2,3,0,3,0,0,1,1,0,1,0,1982,1982-05-21,1554,1362,171,361,51,10,28,162,148,19,157,5,20,19,24,21,30,14
41,36,25,3,6,2,0,0,3,9,1,3,0,1,1,0,1,3,0,1982,1982-05-22,1590,1387,174,367,53,10,28,165,157,20,160,5,21,20,24,22,33,14
42,37,34,5,12,2,1,0,4,2,0,1,0,0,1,0,1,0,0,1982,1982-05-23,1627,1421,179,379,55,11,28,169,159,20,161,5,21,21,24,23,33,14
43,40,35,3,10,4,0,0,3,3,1,5,0,1,1,0,0,2,0,1982,1982-05-24,1667,1456,182,389,59,11,28,172,162,21,166,5,22,22,24,23,35,14
44,37,34,5,10,1,1,0,5,3,1,9,0,0,0,0,0,1,0,1982,1982-05-25,1704,1490,187,399,60,12,28,177,165,22,175,5,22,22,24,23,36,14
45,34,31,3,7,2,0,1,3,3,0,4,0,0,0,1,1,0,0,1982,1982-05-26,1738,1521,190,406,62,12,29,180,168,22,179,5,22,22,25,24,36,14
46,37,33,3,8,2,0,1,3,3,0,4,0,0,1,0,0,0,1,1982,1982-05-28,1775,1554,193,414,64,12,30,183,171,22,183,5,22,23,25,24,36,15
47,48,46,2,6,2,0,0,2,2,0,5,0,0,0,1,0,0,0,1982,1982-05-29,1823,1600,195,420,66,12,30,185,173,22,188,5,22,23,26,24,36,15
48,40,36,7,10,2,0,2,7,2,1,7,0,2,0,1,0,0,0,1982,1982-05-30,1863,1636,202,430,68,12,32,192,175,23,195,5,24,23,27,24,36,15
49,40,35,5,11,1,0,2,5,2,1,7,0,1,2,0,0,1,1,1982,1982-05-31,1903,1671,207,441,69,12,34,197,177,24,202,5,25,25,27,24,37,16
50,31,31,1,5,1,0,1,1,0,0,7,0,0,0,0,1,0,0,1982,1982-06-01,1934,1702,208,446,70,12,35,198,177,24,209,5,25,25,27,25,37,16
51,44,40,7,14,4,0,1,7,4,1,7,0,0,0,0,1,2,0,1982,1982-06-02,1978,1742,215,460,74,12,36,205,181,25,216,5,25,25,27,26,39,16
52,31,30,2,4,2,0,0,2,1,0,4,0,0,0,0,1,1,0,1982,1982-06-04,2009,1772,217,464,76,12,36,207,182,25,220,5,25,25,27,27,40,16
53,40,35,6,10,1,0,1,6,4,2,2,0,0,1,0,1,2,0,1982,1982-06-05,2049,1807,223,474,77,12,37,213,186,27,222,5,25,26,27,28,42,16
54,39,36,5,12,1,1,0,5,2,0,3,0,0,1,0,0,0,1,1982,1982-06-06,2088,1843,228,486,78,13,37,218,188,27,225,5,25,27,27,28,42,17
55,37,34,3,8,0,0,2,3,3,0,8,0,0,0,1,1,1,1,1982,1982-06-07,2125,1877,231,494,78,13,39,221,191,27,233,5,25,27,28,29,43,18
56,35,33,3,10,0,0,0,3,0,0,3,0,2,0,0,2,0,0,1982,1982-06-08,2160,1910,234,504,78,13,39,224,191,27,236,5,27,27,28,31,43,18
57,38,36,5,8,1,1,0,5,2,0,4,0,0,0,1,0,0,0,1982,1982-06-09,2198,1946,239,512,79,14,39,229,193,27,240,5,27,27,29,31,43,18
58,38,32,2,5,2,0,0,2,5,1,7,0,1,0,1,0,0,0,1982,1982-06-10,2236,1978,241,517,81,14,39,231,198,28,247,5,28,27,30,31,43,18
59,40,35,11,13,1,1,2,10,3,1,1,0,1,1,0,0,1,0,1982,1982-06-11,2276,2013,252,530,82,15,41,241,201,29,248,5,29,28,30,31,44,18
60,38,31,4,10,0,0,2,4,4,0,9,1,2,0,1,1,0,0,1982,1982-06-12,2314,2044,256,540,82,15,43,245,205,29,257,6,31,28,31,32,44,18
61,35,34,2,6,0,0,0,1,1,0,4,0,0,0,1,0,2,0,1982,1982-06-13,2349,2078,258,546,82,15,43,246,206,29,261,6,31,28,32,32,46,18
62,40,39,4,8,0,0,3,4,0,0,8,0,1,0,0,1,1,0,1982,1982-06-14,2389,2117,262,554,82,15,46,250,206,29,269,6,32,28,32,33,47,18
63,39,32,3,8,1,0,1,3,5,0,5,1,1,0,1,0,2,2,1982,1982-06-15,2428,2149,265,562,83,15,47,253,211,29,274,7,33,28,33,33,49,20
64,38,34,6,10,1,1,2,6,2,0,3,0,2,0,0,0,1,0,1982,1982-06-16,2466,2183,271,572,84,16,49,259,213,29,277,7,35,28,33,33,50,20
65,46,40,3,10,1,1,0,3,6,1,7,0,0,0,0,1,2,0,1982,1982-06-18,2512,2223,274,582,85,17,49,262,219,30,284,7,35,28,33,34,52,20
66,34,33,2,7,1,0,1,2,1,1,5,0,0,0,1,2,3,0,1982,1982-06-19,2546,2256,276,589,86,17,50,264,220,31,289,7,35,28,34,36,55,20
67,40,33,4,9,0,1,2,4,5,1,2,1,1,0,0,0,2,2,1982,1982-06-20,2586,2289,280,598,86,18,52,268,225,32,291,8,36,28,34,36,57,22
68,37,32,2,5,1,0,1,1,5,0,10,0,0,0,0,0,1,0,1982,1982-06-21,2623,2321,282,603,87,18,53,269,230,32,301,8,36,28,34,36,58,22
69,39,33,4,10,1,0,2,4,3,1,7,0,2,1,1,2,1,0,1982,1982-06-22,2662,2354,286,613,88,18,55,273,233,33,308,8,38,29,35,38,59,22
70,33,32,2,7,0,0,0,2,1,0,5,0,0,0,0,2,0,0,1982,1982-06-23,2695,2386,288,620,88,18,55,275,234,33,313,8,38,29,35,40,59,22
71,43,32,5,12,1,0,1,5,8,0,5,1,2,0,0,2,3,2,1982,1982-06-24,2738,2418,293,632,89,18,56,280,242,33,318,9,40,29,35,42,62,24
72,43,36,5,11,1,0,0,5,5,0,5,1,1,0,0,1,3,0,1982,1982-06-25,2781,2454,298,643,90,18,56,285,247,33,323,10,41,29,35,43,65,24
73,44,35,4,10,2,0,0,4,6,1,11,1,2,0,0,0,5,0,1982,1982-06-26,2825,2489,302,653,92,18,56,289,253,34,334,11,43,29,35,43,70,24
74,38,32,7,11,1,3,1,7,2,0,2,0,4,0,0,1,0,2,1982,1982-06-27,2863,2521,309,664,93,21,57,296,255,34,336,11,47,29,35,44,70,26
75,33,31,6,8,2,0,2,6,2,0,3,0,0,0,0,0,0,0,1982,1982-06-28,2896,2552,315,672,95,21,59,302,257,34,339,11,47,29,35,44,70,26
76,43,41,5,12,3,0,2,5,1,1,8,1,0,0,1,0,3,1,1982,1982-06-29,2939,2593,320,684,98,21,61,307,258,35,347,12,47,29,36,44,73,27
77,36,32,5,9,2,0,1,5,2,0,1,0,2,0,1,0,1,0,1982,,2975,2625,325,693,100,21,62,312,260,35,348,12,49,29,37,44,74,27
78,36,32,4,6,0,0,2,4,3,1,5,0,1,0,0,0,1,0,1982,,3011,2657,329,699,100,21,64,316,263,36,353,12,50,29,37,44,75,27
79,34,32,1,6,0,0,0,1,2,0,6,0,0,0,0,1,0,0,1982,1982-07-02,3045,2689,330,705,100,21,64,317,265,36,359,12,50,29,37,45,75,27
80,36,30,5,9,1,0,1,5,4,2,1,1,1,0,0,2,0,0,1982,1982-07-03,3081,2719,335,714,101,21,65,322,269,38,360,13,51,29,37,47,75,27
81,31,27,0,4,1,0,0,0,2,0,10,1,1,0,1,4,0,0,1982,1982-07-04,3112,2746,335,718,102,21,65,322,271,38,370,14,52,29,38,51,75,27
82,41,36,4,8,3,0,2,4,5,1,2,0,0,0,1,0,1,0,1982,1982-07-05,3153,2782,339,726,105,21,67,326,276,39,372,14,52,29,39,51,76,27
83,46,35,9,12,2,0,0,8,7,0,4,0,3,1,3,2,1,0,1982,1982-07-06,3199,2817,348,738,107,21,67,334,283,39,376,14,55,30,42,53,77,27
84,33,28,3,4,1,0,1,3,3,0,6,0,2,0,0,0,1,0,1982,1982-07-07,3232,2845,351,742,108,21,68,337,286,39,382,14,57,30,42,53,78,27
85,42,37,3,10,1,1,0,2,4,0,6,1,0,0,1,1,1,0,1982,1982-07-08,3274,2882,354,752,109,22,68,339,290,39,388,15,57,30,43,54,79,27
86,45,39,6,10,2,0,2,6,5,1,8,0,1,0,0,3,1,0,1982,1982-07-09,3319,2921,360,762,111,22,70,345,295,40,396,15,58,30,43,57,80,27
87,32,29,2,3,0,0,2,2,3,0,5,0,0,0,0,1,0,0,1982,1982-07-10,3351,2950,362,765,111,22,72,347,298,40,401,15,58,30,43,58,80,27
88,37,33,3,7,3,0,1,3,3,0,3,1,0,0,1,1,1,1,1982,1982-07-11,3388,2983,365,772,114,22,73,350,301,40,404,16,58,30,44,59,81,28
89,40,34,2,8,0,0,0,2,5,0,4,1,0,0,0,0,1,0,1982,1982-07-15,3428,3017,367,780,114,22,73,352,306,40,408,17,58,30,44,59,82,28
90,38,34,7,10,0,0,3,7,4,0,3,0,0,0,1,0,3,0,1982,1982-07-16,3466,3051,374,790,114,22,76,359,310,40,411,17,58,30,45,59,85,28
91,41,37,6,14,3,0,0,6,4,0,2,0,0,0,0,0,0,1,1982,1982-07-17,3507,3088,380,804,117,22,76,365,314,40,413,17,58,30,45,59,85,29
92,39,34,3,7,2,0,0,3,3,0,4,0,1,1,2,0,3,0,1982,1982-07-18,3546,3122,383,811,119,22,76,368,317,40,417,17,59,31,47,59,88,29
93,32,28,2,6,1,0,0,2,3,0,2,0,1,0,0,0,2,1,1982,1982-07-19,3578,3150,385,817,120,22,76,370,320,40,419,17,60,31,47,59,90,30
94,38,37,10,13,2,0,2,9,1,0,4,0,0,0,1,1,1,0,1982,1982-07-20,3616,3187,395,830,122,22,78,379,321,40,423,17,60,31,48,60,91,30
95,42,38,1,5,0,0,0,1,3,1,10,1,0,0,1,1,0,0,1982,1982-07-21,3658,3225,396,835,122,22,78,380,324,41,433,18,60,31,49,61,91,30
96,39,36,3,10,1,0,0,3,3,0,3,0,0,0,0,1,0,0,1982,1982-07-23,3697,3261,399,845,123,22,78,383,327,41,436,18,60,31,49,62,91,30
97,33,29,3,6,2,0,0,2,3,1,2,0,1,0,0,0,0,0,1982,1982-07-24,3730,3290,402,851,125,22,78,385,330,42,438,18,61,31,49,62,91,30
98,33,31,0,5,1,0,0,0,0,0,8,1,1,0,0,0,0,0,1982,1982-07-25,3763,3321,402,856,126,22,78,385,330,42,446,19,62,31,49,62,91,30
99,31,27,1,3,0,1,0,1,2,0,6,0,1,1,0,1,0,0,1982,1982-07-26,3794,3348,403,859,126,23,78,386,332,42,452,19,63,32,49,63,91,30
100,44,36,7,10,3,0,1,6,6,3,5,0,1,1,2,0,1,0,1982,1982-07-27,3838,3384,410,869,129,23,79,392,338,45,457,19,64,33,51,63,92,30
101,34,34,2,8,1,0,1,2,0,0,5,0,0,0,0,1,0,0,1982,1982-07-28,3872,3418,412,877,130,23,80,394,338,45,462,19,64,33,51,64,92,30
102,43,34,10,10,1,0,3,10,8,0,5,0,1,0,0,1,1,0,1982,,3915,3452,422,887,131,23,83,404,346,45,467,19,65,33,51,65,93,30
103,41,38,8,12,4,0,2,8,2,1,9,0,0,1,1,1,2,0,1982,,3956,3490,430,899,135,23,85,412,348,46,476,19,65,34,52,66,95,30
104,37,36,3,12,2,0,1,3,0,0,0,0,1,0,0,2,0,0,1982,1982-07-31,3993,3526,433,911,137,23,86,415,348,46,476,19,66,34,52,68,95,30
105,45,41,9,17,3,0,3,8,2,0,11,0,1,1,1,1,1,0,1982,1982-08-01,4038,3567,442,928,140,23,89,423,350,46,487,19,67,35,53,69,96,30
106,36,32,1,6,4,0,0,1,3,0,10,0,1,0,1,1,1,0,1982,1982-08-02,4074,3599,443,934,144,23,89,424,353,46,497,19,68,35,54,70,97,30
107,41,35,4,10,2,0,2,4,5,2,4,0,1,0,0,1,0,0,1982,1982-08-03,4115,3634,447,944,146,23,91,428,358,48,501,19,69,35,54,71,97,30
108,41,38,8,12,4,0,1,8,3,0,4,0,0,0,0,0,0,0,1982,1982-08-04,4156,3672,455,956,150,23,92,436,361,48,505,19,69,35,54,71,97,30
109,41,35,3,9,0,0,0,2,2,2,4,0,2,2,1,0,2,0,1982,1982-08-05,4197,3707,458,965,150,23,92,438,363,50,509,19,71,37,55,71,99,30
110,46,39,5,12,1,0,0,4,6,0,7,0,1,0,2,0,1,4,1982,1982-08-06,4243,3746,463,977,151,23,92,442,369,50,516,19,72,37,57,71,100,34
111,50,44,7,15,1,0,2,7,4,2,12,0,2,0,0,0,1,1,1982,1982-08-07,4293,3790,470,992,152,23,94,449,373,52,528,19,74,37,57,71,101,35
112,32,31,2,8,0,0,0,2,1,0,4,0,0,0,0,0,2,1,1982,1982-08-08,4325,3821,472,1000,152,23,94,451,374,52,532,19,74,37,57,71,103,36
113,49,39,3,7,1,0,1,3,8,4,6,0,1,1,1,2,2,0,1982,1982-08-09,4374,3860,475,1007,153,23,95,454,382,56,538,19,75,38,58,73,105,36
114,44,37,11,13,1,0,2,10,7,2,6,0,0,0,2,2,3,0,1982,1982-08-10,4418,3897,486,1020,154,23,97,464,389,58,544,19,75,38,60,75,108,36
115,32,29,1,7,1,0,1,1,3,0,5,0,0,0,0,1,1,2,1982,1982-08-11,4450,3926,487,1027,155,23,98,465,392,58,549,19,75,38,60,76,109,38
116,36,33,6,9,1,1,1,6,3,1,4,0,0,0,0,0,1,0,1982,1982-08-12,4486,3959,493,1036,156,24,99,471,395,59,553,19,75,38,60,76,110,38
117,44,38,6,15,0,0,2,6,5,0,5,1,0,0,0,0,1,1,1982,1982-08-13,4530,3997,499,1051,156,24,101,477,400,59,558,20,75,38,60,76,111,39
118,38,36,2,12,3,0,0,2,1,0,2,0,0,1,0,0,0,1,1982,1982-08-14,4568,4033,501,1063,159,24,101,479,401,59,560,20,75,39,60,76,111,40
119,42,36,6,8,1,0,0,6,4,0,6,1,0,1,2,0,0,0,1982,1982-08-15,4610,4069,507,1071,160,24,101,485,405,59,566,21,75,40,62,76,111,40
120,86,75,2,17,3,0,0,2,8,1,13,0,2,1,3,1,2,2,1982,,4696,4144,509,1088,163,24,101,487,413,60,579,21,77,41,65,77,113,42
121,43,40,7,14,1,1,2,7,2,1,6,0,0,1,0,0,2,0,1982,1982-08-18,4739,4184,516,1102,164,25,103,494,415,61,585,21,77,42,65,77,115,42
122,34,30,2,6,1,0,0,2,3,0,5,0,0,1,0,0,0,1,1982,1982-08-19,4773,4214,518,1108,165,25,103,496,418,61,590,21,77,43,65,77,115,43
123,32,31,1,5,1,0,1,1,0,0,10,0,1,0,0,0,1,0,1982,1982-08-20,4805,4245,519,1113,166,25,104,497,418,61,600,21,78,43,65,77,116,43
124,34,32,1,6,0,0,0,1,2,0,2,0,0,0,0,0,1,0,1982,1982-08-21,4839,4277,520,1119,166,25,104,498,420,61,602,21,78,43,65,77,117,43
125,60,52,3,13,2,0,0,3,6,3,12,0,2,0,0,1,1,0,1982,1982-08-22,4899,4329,523,1132,168,25,104,501,426,64,614,21,80,43,65,78,118,43
126,37,35,3,9,3,1,0,3,0,0,4,1,1,0,0,0,0,0,1982,1982-08-23,4936,4364,526,1141,171,26,104,504,426,64,618,22,81,43,65,78,118,43
127,46,38,5,13,4,2,1,5,6,3,8,0,1,1,0,0,2,0,1982,1982-08-24,4982,4402,531,1154,175,28,105,509,432,67,626,22,82,44,65,78,120,43
128,46,36,11,11,5,0,2,11,7,2,2,0,2,1,0,0,1,0,1982,1982-08-25,5028,4438,542,1165,180,28,107,520,439,69,628,22,84,45,65,78,121,43
129,36,31,9,10,0,0,3,9,2,1,3,0,2,1,1,0,3,0,1982,1982-08-27,5064,4469,551,1175,180,28,110,529,441,70,631,22,86,46,66,78,124,43
130,42,36,7,14,0,0,1,7,5,0,7,0,0,1,0,0,4,0,1982,1982-08-28,5106,4505,558,1189,180,28,111,536,446,70,638,22,86,47,66,78,128,43
131,34,34,2,7,0,0,0,2,0,0,8,0,0,0,0,0,0,0,1982,1982-08-29,5140,4539,560,1196,180,28,111,538,446,70,646,22,86,47,66,78,128,43
132,36,35,2,8,1,0,1,2,1,1,3,0,0,0,0,0,0,0,1982,1982-08-30,5176,4574,562,1204,181,28,112,540,447,71,649,22,86,47,66,78,128,43
133,33,28,4,6,2,0,0,4,4,0,2,0,0,1,0,0,4,0,1982,1982-08-31,5209,4602,566,1210,183,28,112,544,451,71,651,22,86,48,66,78,132,43
134,53,50,5,16,2,0,1,3,0,0,9,1,1,1,1,1,0,3,1982,1982-09-01,5262,4652,571,1226,185,28,113,547,451,71,660,23,87,49,67,79,132,46
135,34,31,2,7,2,1,0,2,2,0,5,0,0,1,0,0,0,1,1982,1982-09-03,5296,4683,573,1233,187,29,113,549,453,71,665,23,87,50,67,79,132,47
136,34,30,0,6,0,0,0,0,2,1,2,0,2,0,0,0,0,0,1982,1982-09-04,5330,4713,573,1239,187,29,113,549,455,72,667,23,89,50,67,79,132,47
137,36,33,2,7,2,0,1,2,2,2,5,0,1,0,0,1,0,0,1982,1982-09-05,5366,4746,575,1246,189,29,114,551,457,74,672,23,90,50,67,80,132,47
138,43,42,7,16,1,0,3,7,1,0,7,0,0,0,0,0,0,0,1982,1982-09-06,5409,4788,582,1262,190,29,117,558,458,74,679,23,90,50,67,80,132,47
139,40,37,8,13,3,0,1,8,2,1,4,0,1,0,0,1,1,0,1982,1982-09-07,5449,4825,590,1275,193,29,118,566,460,75,683,23,91,50,67,81,133,47
140,47,44,11,18,2,0,4,11,1,1,8,1,1,0,0,0,1,1,1982,1982-09-08,5496,4869,601,1293,195,29,122,577,461,76,691,24,92,50,67,81,134,48
141,36,31,3,6,1,0,1,3,3,0,6,2,0,0,1,2,1,0,1982,1982-09-09,5532,4900,604,1299,196,29,123,580,464,76,697,26,92,50,68,83,135,48
142,41,33,3,6,0,0,1,2,8,0,9,0,0,0,1,0,2,1,1982,1982-09-10,5573,4933,607,1305,196,29,124,582,472,76,706,26,92,50,69,83,137,49
143,37,34,5,10,2,1,1,5,0,0,3,2,1,0,2,3,2,0,1982,1982-09-11,5610,4967,612,1315,198,30,125,587,472,76,709,28,93,50,71,86,139,49
144,40,36,7,12,2,0,0,7,3,1,4,0,0,1,0,1,2,0,1982,1982-09-12,5650,5003,619,1327,200,30,125,594,475,77,713,28,93,51,71,87,141,49
145,68,59,4,15,0,0,1,4,4,1,9,1,3,1,1,0,1,0,1982,1982-09-13,5718,5062,623,1342,200,30,126,598,479,78,722,29,96,52,72,87,142,49
146,30,29,1,7,2,1,0,1,0,0,4,0,1,0,1,2,0,0,1982,1982-09-14,5748,5091,624,1349,202,31,126,599,479,78,726,29,97,52,73,89,142,49
147,34,32,5,7,1,0,1,4,2,0,5,0,0,0,1,0,1,0,1982,1982-09-15,5782,5123,629,1356,203,31,127,603,481,78,731,29,97,52,74,89,143,49
148,38,32,9,10,3,0,2,8,5,0,4,0,1,0,1,1,0,0,1982,1982-09-17,5820,5155,638,1366,206,31,129,611,486,78,735,29,98,52,75,90,143,49
149,29,29,0,2,0,0,0,0,0,0,3,0,0,0,0,0,0,0,1982,1982-09-18,5849,5184,638,1368,206,31,129,611,486,78,738,29,98,52,75,90,143,49
150,40,37,5,9,1,0,1,5,3,0,2,0,0,0,1,2,1,0,1982,1982-09-19,5889,5221,643,1377,207,31,130,616,489,78,740,29,98,52,76,92,144,49
151,33,32,0,6,2,0,0,0,1,0,4,0,0,0,0,0,0,0,1982,1982-09-21,5922,5253,643,1383,209,31,130,616,490,78,744,29,98,52,76,92,144,49
152,35,35,1,6,3,1,1,1,0,0,7,0,0,0,0,0,0,0,1982,1982-09-22,5957,5288,644,1389,212,32,131,617,490,78,751,29,98,52,76,92,144,49
153,35,32,2,6,1,0,0,2,2,0,3,0,0,1,0,0,0,0,1982,1982-09-24,5992,5320,646,1395,213,32,131,619,492,78,754,29,98,53,76,92,144,49
154,41,38,4,13,1,0,1,4,2,0,4,0,1,0,0,0,0,1,1982,1982-09-25,6033,5358,650,1408,214,32,132,623,494,78,758,29,99,53,76,92,144,50
155,38,35,2,8,0,0,0,2,3,0,6,0,0,0,0,0,0,0,1982,1982-09-26,6071,5393,652,1416,214,32,132,625,497,78,764,29,99,53,76,92,144,50
156,32,29,1,5,1,0,0,1,3,0,6,0,0,0,1,1,0,1,1982,1982-09-27,6103,5422,653,1421,215,32,132,626,500,78,770,29,99,53,77,93,144,51
157,48,37,3,9,0,0,1,3,8,2,4,0,3,0,0,0,2,0,1982,1982-09-28,6151,5459,656,1430,215,32,133,629,508,80,774,29,102,53,77,93,146,51
158,50,44,3,10,1,0,0,2,6,1,7,0,0,0,0,1,4,1,1982,1982-09-29,6201,5503,659,1440,216,32,133,631,514,81,781,29,102,53,77,94,150,52
159,38,31,10,14,2,0,0,8,3,1,3,1,2,1,0,4,0,0,1982,1982-09-30,6239,5534,669,1454,218,32,133,639,517,82,784,30,104,54,77,98,150,52
160,38,30,4,7,0,0,1,4,6,0,6,0,2,0,1,0,1,3,1982,1982-10-01,6277,5564,673,1461,218,32,134,643,523,82,790,30,106,54,78,98,151,55
161,49,43,15,17,2,0,3,15,5,1,9,0,0,1,1,0,0,0,1982,1982-10-02,6326,5607,688,1478,220,32,137,658,528,83,799,30,106,55,79,98,151,55
162,35,35,3,9,2,0,1,3,0,0,5,0,0,0,0,0,0,1,1982,1982-10-03,6361,5642,691,1487,222,32,138,661,528,83,804,30,106,55,79,98,151,56
1,33,29,2,8,2,1,0,2,2,0,3,0,1,1,0,0,2,1,1981,1981-04-09,33,29,2,8,2,1,0,2,2,0,3,0,1,1,0,0,2,1
2,41,34,7,12,4,1,0,7,5,1,8,0,1,1,0,0,0,0,1981,1981-04-11,74,63,9,20,6,2,0,9,7,1,11,0,2,2,0,0,2,1
3,33,33,3,8,2,0,1,3,0,0,8,0,0,0,1,0,0,1,1981,1981-04-12,107,96,12,28,8,2,1,12,7,1,19,0,2,2,1,0,2,2
4,36,33,4,6,0,0,0,2,2,0,3,1,0,0,0,0,0,0,1981,1981-04-13,143,129,16,34,8,2,1,14,9,1,22,1,2,2,1,0,2,2
5,41,37,7,10,2,1,1,7,2,1,8,0,1,1,2,0,1,0,1981,1981-04-14,184,166,23,44,10,3,2,21,11,2,30,1,3,3,3,0,3,2
6,36,32,4,8,3,0,0,4,3,0,9,0,1,0,1,1,1,3,1981,1981-04-15,220,198,27,52,13,3,2,25,14,2,39,1,4,3,4,1,4,5
7,36,33,2,5,1,0,1,2,2,0,4,0,0,1,0,0,1,1,1981,1981-04-17,256,231,29,57,14,3,3,27,16,2,43,1,4,4,4,1,5,6
8,36,36,2,10,0,0,2,2,0,0,3,0,0,0,0,1,1,0,1981,1981-04-18,292,267,31,67,14,3,5,29,16,2,46,1,4,4,4,2,6,6
9,40,35,6,11,2,0,2,6,3,0,5,0,2,0,1,2,0,0,1981,1981-04-19,332,302,37,78,16,3,7,35,19,2,51,1,6,4,5,4,6,6
10,44,35,5,9,2,0,0,5,8,0,5,0,0,1,1,1,2,0,1981,1981-04-20,376,337,42,87,18,3,7,40,27,2,56,1,6,5,6,5,8,6
11,29,29,0,3,0,0,0,0,0,0,3,0,0,0,1,1,0,1,1981,1981-04-21,405,366,42,90,18,3,7,40,27,2,59,1,6,5,7,6,8,7
12,32,32,1,6,1,0,0,1,0,0,4,0,0,0,1,1,0,0,1981,1981-04-22,437,398,43,96,19,3,7,41,27,2,63,1,6,5,8,7,8,7
13,33,29,3,9,0,0,0,3,3,0,2,0,1,0,0,1,4,1,1981,1981-04-23,470,427,46,105,19,3,7,44,30,2,65,1,7,5,8,8,12,8
14,41,35,5,11,1,0,3,5,4,0,7,0,1,1,0,1,0,0,1981,1981-04-24,511,462,51,116,20,3,10,49,34,2,72,1,8,6,8,9,12,8
15,42,39,2,10,1,1,0,2,1,0,5,0,2,0,0,0,2,0,1981,1981-04-25,553,501,53,126,21,4,10,51,35,2,77,1,10,6,8,9,14,8
16,36,28,3,10,2,1,0,3,6,1,7,0,2,0,0,1,0,0,1981,1981-04-26,589,529,56,136,23,5,10,54,41,3,84,1,12,6,8,10,14,8
17,41,33,5,11,2,0,0,5,7,4,5,0,1,0,0,0,2,0,1981,1981-04-27,630,562,61,147,25,5,10,59,48,7,89,1,13,6,8,10,16,8
18,31,29,1,3,0,0,1,1,2,0,8,0,0,0,0,1,0,0,1981,1981-04-28,661,591,62,150,25,5,11,60,50,7,97,1,13,6,8,11,16,8
19,34,30,2,6,1,0,1,2,3,0,5,0,1,0,0,0,0,0,1981,1981-04-29,695,621,64,156,26,5,12,62,53,7,102,1,14,6,8,11,16,8
20,58,51,8,14,2,0,1,8,6,1,5,0,1,0,1,0,0,1,1981,1981-05-01,753,672,72,170,28,5,13,70,59,8,107,1,15,6,9,11,16,9
21,37,33,4,7,0,0,2,4,3,0,4,0,1,0,1,0,1,1,1981,1981-05-02,790,705,76,177,28,5,15,74,62,8,111,1,16,6,10,11,17,10
22,40,35,6,9,0,0,0,6,4,0,8,0,0,1,0,0,2,2,1981,1981-05-03,830,740,82,186,28,5,15,80,66,8,119,1,16,7,10,11,19,12
23,37,32,3,8,0,0,1,2,4,0,8,1,0,0,0,2,0,1,1981,1981-05-04,867,772,85,194,28,5,16,82,70,8,127,2,16,7,10,13,19,13
24,39,36,7,11,3,1,1,6,1,0,9,0,1,1,0,0,2,0,1981,1981-05-05,906,808,92,205,31,6,17,88,71,8,136,2,17,8,10,13,21,13
25,34,31,2,9,0,0,1,2,3,0,3,0,0,0,0,3,1,2,1981,1981-05-06,940,839,94,214,31,6,18,90,74,8,139,2,17,8,10,16,22,15
26,37,34,2,10,2,0,0,2,3,0,1,0,0,0,0,1,1,1,1981,1981-05-07,977,873,96,224,33,6,18,92,77,8,140,2,17,8,10,17,23,16
27,34,32,1,5,2,0,0,1,2,0,8,0,0,0,1,0,0,1,1981,1981-05-08,1011,905,97,229,35,6,18,93,79,8,148,2,17,8,11,17,23,17
28,39,35,4,9,2,0,3,4,4,0,6,0,0,0,0,1,0,0,1981,1981-05-09,1050,940,101,238,37,6,21,97,83,8,154,2,17,8,11,18,23,17
29,42,33,5,4,0,0,0,4,9,0,6,0,0,0,3,0,0,0,1981,1981-05-10,1092,973,106,242,37,6,21,101,92,8,160,2,17,8,14,18,23,17
30,34,32,5,7,1,0,2,5,1,0,3,0,1,0,4,1,0,1,1981,1981-05-12,1126,1005,111,249,38,6,23,106,93,8,163,2,18,8,18,19,23,18
31,41,38,8,11,1,0,1,8,1,1,4,1,1,0,2,0,0,0,1981,1981-05-13,1167,1043,119,260,39,6,24,114,94,9,167,3,19,8,20,19,23,18
32,33,33,3,8,2,0,1,3,0,0,7,0,0,0,1,0,0,0,1981,1981-05-14,1200,1076,122,268,41,6,25,117,94,9,174,3,19,8,21,19,23,18
33,41,37,6,13,4,1,2,6,2,2,5,0,2,0,1,0,0,0,1981,1981-05-15,1241,1113,128,281,45,7,27,123,96,11,179,3,21,8,22,19,23,18
34,41,37,9,13,2,0,2,9,3,0,4,0,1,0,2,0,2,0,1981,1981-05-16,1282,1150,137,294,47,7,29,132,99,11,183,3,22,8,24,19,25,18
35,34,32,6,9,3,0,1,6,2,0,5,0,0,0,0,0,0,1,1981,1981-05-17,1316,1182,143,303,50,7,30,138,101,11,188,3,22,8,24,19,25,19
36,36,33,0,6,0,0,0,0,3,0,5,0,0,0,0,0,1,0,1981,1981-05-18,1352,1215,143,309,50,7,30,138,104,11,193,3,22,8,24,19,26,19
37,37,34,2,7,0,0,1,2,3,0,4,0,0,0,0,0,2,0,1981,1981-05-19,1389,1249,145,316,50,7,31,140,107,11,197,3,22,8,24,19,28,19
38,36,33,3,6,2,0,2,3,2,0,8,0,1,0,1,0,0,0,1981,1981-05-20,1425,1282,148,322,52,7,33,143,109,11,205,3,23,8,25,19,28,19
39,49,43,4,10,2,0,1,4,5,1,6,0,1,0,0,2,0,0,1981,1981-05-22,1474,1325,152,332,54,7,34,147,114,12,211,3,24,8,25,21,28,19
40,48,43,9,14,2,0,4,9,5,1,5,0,0,0,0,1,0,0,1981,1981-05-23,1522,1368,161,346,56,7,38,156,119,13,216,3,24,8,25,22,28,19
41,35,33,2,6,0,0,2,2,2,0,7,0,0,0,1,0,0,1,1981,,1557,1401,163,352,56,7,40,158,121,13,223,3,24,8,26,22,28,20
42,50,37,10,10,1,1,0,10,13,0,3,0,0,0,1,0,1,0,1981,,1607,1438,173,362,57,8,40,168,134,13,226,3,24,8,27,22,29,20
43,45,35,7,13,2,0,1,6,8,0,6,0,1,1,0,2,1,1,1981,1981-05-25,1652,1473,180,375,59,8,41,174,142,13,232,3,25,9,27,24,30,21
44,36,31,2,7,1,0,0,1,4,0,5,0,1,0,0,2,0,0,1981,1981-05-27,1688,1504,182,382,60,8,41,175,146,13,237,3,26,9,27,26,30,21
45,36,35,4,10,1,0,1,4,1,0,4,0,0,0,1,1,0,1,1981,1981-05-28,1724,1539,186,392,61,8,42,179,147,13,241,3,26,9,28,27,30,22
46,34,31,5,9,0,1,1,5,3,0,5,0,0,0,1,1,1,0,1981,1981-05-29,1758,1570,191,401,61,9,43,184,150,13,246,3,26,9,29,28,31,22
47,35,31,1,7,1,0,0,1,3,0,2,0,0,1,1,3,0,0,1981,1981-05-30,1793,1601,192,408,62,9,43,185,153,13,248,3,26,10,30,31,31,22
48,46,41,16,18,4,1,1,14,4,0,6,1,0,0,0,1,0,0,1981,1981-05-31,1839,1642,208,426,66,10,44,199,157,13,254,4,26,10,30,32,31,22
49,33,30,5,8,1,0,1,5,0,0,6,1,1,1,0,0,0,0,1981,1981-06-01,1872,1672,213,434,67,10,45,204,157,13,260,5,27,11,30,32,31,22
50,36,33,1,6,0,0,0,1,1,1,2,0,2,0,1,1,0,1,1981,1981-06-02,1908,1705,214,440,67,10,45,205,158,14,262,5,29,11,31,33,31,23
51,34,31,2,4,0,0,1,2,2,0,7,0,1,0,1,0,0,0,1981,1981-06-03,1942,1736,216,444,67,10,46,207,160,14,269,5,30,11,32,33,31,23
52,36,34,3,11,2,0,1,3,2,0,2,0,0,0,0,3,0,1,1981,1981-06-05,1978,1770,219,455,69,10,47,210,162,14,271,5,30,11,32,36,31,24
53,40,33,5,12,2,1,0,5,4,0,4,0,1,2,0,2,0,0,1981,1981-06-06,2018,1803,224,467,71,11,47,215,166,14,275,5,31,13,32,38,31,24
54,45,37,7,15,4,0,1,7,5,0,2,0,3,0,0,1,0,1,1981,1981-06-07,2063,1840,231,482,75,11,48,222,171,14,277,5,34,13,32,39,31,25
55,35,31,1,6,2,0,0,1,4,1,2,0,0,0,0,2,0,0,1981,1981-06-09,2098,1871,232,488,77,11,48,223,175,15,279,5,34,13,32,41,31,25
56,41,39,4,14,3,0,0,4,1,1,3,0,1,0,1,1,1,0,1981,1981-06-10,2139,1910,236,502,80,11,48,227,176,16,282,5,35,13,33,42,32,25
57,33,32,1,6,1,0,0,1,1,0,2,0,0,0,0,1,1,0,1981,1981-06-11,2172,1942,237,508,81,11,48,228,177,16,284,5,35,13,33,43,33,25
58,33,30,4,7,0,0,0,4,1,1,3,1,0,1,2,0,3,1,1981,1981-08-10,2205,1972,241,515,81,11,48,232,178,17,287,6,35,14,35,43,36,26
59,40,37,6,11,4,1,1,5,2,0,3,0,1,0,1,1,1,0,1981,1981-08-11,2245,2009,247,526,85,12,49,237,180,17,290,6,36,14,36,44,37,26
60,41,34,8,13,3,0,1,8,6,2,3,0,0,1,0,2,2,0,1981,1981-08-12,2286,2043,255,539,88,12,50,245,186,19,293,6,36,15,36,46,39,26
61,33,32,1,5,1,1,0,1,1,0,4,0,0,0,1,1,1,0,1981,1981-08-13,2319,2075,256,544,89,13,50,246,187,19,297,6,36,15,37,47,40,26
62,38,33,5,11,0,0,0,5,3,0,7,1,0,1,1,2,0,0,1981,1981-08-14,2357,2108,261,555,89,13,50,251,190,19,304,7,36,16,38,49,40,26
63,38,34,4,8,0,0,1,4,4,0,5,0,0,0,0,0,1,0,1981,1981-08-15,2395,2142,265,563,89,13,51,255,194,19,309,7,36,16,38,49,41,26
64,37,35,6,12,2,0,0,6,2,0,2,0,0,0,1,0,0,0,1981,1981-08-16,2432,2177,271,575,91,13,51,261,196,19,311,7,36,16,39,49,41,26
65,36,34,1,6,0,0,0,1,2,0,5,0,0,0,1,0,1,0,1981,1981-08-17,2468,2211,272,581,91,13,51,262,198,19,316,7,36,16,40,49,42,26
66,41,36,5,11,1,0,0,5,3,1,7,1,1,0,0,1,0,0,1981,1981-08-18,2509,2247,277,592,92,13,51,267,201,20,323,8,37,16,40,50,42,26
67,34,32,3,7,1,0,3,3,2,0,4,0,0,0,0,1,1,1,1981,1981-08-19,2543,2279,280,599,93,13,54,270,203,20,327,8,37,16,40,51,43,27
68,35,33,4,10,1,0,1,3,2,0,3,0,0,0,0,0,1,3,1981,1981-08-21,2578,2312,284,609,94,13,55,273,205,20,330,8,37,16,40,51,44,30
69,37,35,3,10,1,0,1,3,2,1,3,0,0,0,0,0,1,0,1981,1981-08-22,2615,2347,287,619,95,13,56,276,207,21,333,8,37,16,40,51,45,30
70,38,34,7,9,2,0,1,6,4,0,2,0,0,0,0,0,1,0,1981,1981-08-23,2653,2381,294,628,97,13,57,282,211,21,335,8,37,16,40,51,46,30
71,36,35,3,7,2,0,2,3,1,0,5,0,0,0,2,0,0,0,1981,1981-08-24,2689,2416,297,635,99,13,59,285,212,21,340,8,37,16,42,51,46,30
72,54,47,9,18,2,0,0,8,4,2,10,2,1,0,1,0,2,2,1981,1981-08-25,2743,2463,306,653,101,13,59,293,216,23,350,10,38,16,43,51,48,32
73,53,46,16,19,5,1,0,13,5,0,5,0,1,1,2,0,1,0,1981,1981-08-26,2796,2509,322,672,106,14,59,306,221,23,355,10,39,17,45,51,49,32
74,37,32,6,9,2,1,0,6,4,0,2,0,1,0,0,1,2,0,1981,1981-08-27,2833,2541,328,681,108,15,59,312,225,23,357,10,40,17,45,52,51,32
75,38,32,6,13,0,0,1,5,4,1,8,0,2,0,0,1,1,2,1981,1981-08-28,2871,2573,334,694,108,15,60,317,229,24,365,10,42,17,45,53,52,34
76,35,34,1,7,0,0,0,1,1,0,6,0,0,0,0,0,0,0,1981,1981-08-29,2906,2607,335,701,108,15,60,318,230,24,371,10,42,17,45,53,52,34
77,34,34,1,7,0,1,0,1,0,0,6,0,0,0,1,0,0,0,1981,1981-08-30,2940,2641,336,708,108,16,60,319,230,24,377,10,42,17,46,53,52,34
78,46,36,4,9,1,0,1,4,5,1,5,1,3,1,2,0,0,1,1981,1981-08-31,2986,2677,340,717,109,16,61,323,235,25,382,11,45,18,48,53,52,35
79,59,50,3,16,1,0,0,3,5,3,4,1,3,0,1,1,0,1,1981,1981-09-01,3045,2727,343,733,110,16,61,326,240,28,386,12,48,18,49,54,52,36
80,39,35,6,14,1,1,1,5,2,0,4,0,1,1,1,1,3,0,1981,1981-09-02,3084,2762,349,747,111,17,62,331,242,28,390,12,49,19,50,55,55,36
81,36,32,3,6,1,0,1,3,4,0,2,0,0,0,0,1,0,0,1981,1981-09-03,3120,2794,352,753,112,17,63,334,246,28,392,12,49,19,50,56,55,36
82,33,31,2,5,0,0,1,2,1,0,1,0,1,0,1,0,0,1,1981,1981-09-04,3153,2825,354,758,112,17,64,336,247,28,393,12,50,19,51,56,55,37
83,46,42,4,14,1,0,1,4,4,1,2,0,0,0,1,2,1,1,1981,1981-09-05,3199,2867,358,772,113,17,65,340,251,29,395,12,50,19,52,58,56,38
84,35,33,5,11,0,2,0,5,0,0,4,1,1,0,0,1,2,0,1981,1981-09-06,3234,2900,363,783,113,19,65,345,251,29,399,13,51,19,52,59,58,38
85,33,27,5,7,1,0,1,4,3,1,2,1,1,1,0,1,1,0,1981,1981-09-07,3267,2927,368,790,114,19,66,349,254,30,401,14,52,20,52,60,59,38
86,33,30,4,8,0,0,2,4,3,0,3,0,0,0,0,1,0,0,1981,1981-09-08,3300,2957,372,798,114,19,68,353,257,30,404,14,52,20,52,61,59,38
87,45,42,3,11,0,0,1,3,2,0,8,1,0,0,1,3,0,0,1981,1981-09-09,3345,2999,375,809,114,19,69,356,259,30,412,15,52,20,53,64,59,38
88,37,35,2,7,0,0,2,2,1,1,9,0,1,0,0,1,0,0,1981,1981-09-11,3382,3034,377,816,114,19,71,358,260,31,421,15,53,20,53,65,59,38
89,47,41,5,10,2,0,2,5,5,1,4,0,0,1,1,2,1,0,1981,1981-09-12,3429,3075,382,826,116,19,73,363,265,32,425,15,53,21,54,67,60,38
90,35,29,4,6,0,0,1,4,4,0,2,0,1,1,0,1,1,1,1981,1981-09-13,3464,3104,386,832,116,19,74,367,269,32,427,15,54,22,54,68,61,39
91,47,40,10,17,2,0,1,10,7,1,6,0,0,0,0,3,2,0,1981,1981-09-14,3511,3144,396,849,118,19,75,377,276,33,433,15,54,22,54,71,63,39
92,37,32,2,8,0,0,0,2,3,0,10,0,0,1,0,1,1,0,1981,1981-09-15,3548,3176,398,857,118,19,75,379,279,33,443,15,54,23,54,72,64,39
93,32,27,3,8,0,0,0,3,3,0,6,0,2,0,0,0,0,2,1981,1981-09-16,3580,3203,401,865,118,19,75,382,282,33,449,15,56,23,54,72,64,41
94,38,30,2,6,1,0,0,2,6,1,4,0,1,1,2,0,2,0,1981,1981-09-17,3618,3233,403,871,119,19,75,384,288,34,453,15,57,24,56,72,66,41
95,34,32,4,6,0,0,1,4,0,0,5,0,0,2,1,0,0,0,1981,1981-09-18,3652,3265,407,877,119,19,76,388,288,34,458,15,57,26,57,72,66,41
96,35,30,3,3,1,0,0,3,5,0,7,0,0,0,0,1,2,0,1981,1981-09-19,3687,3295,410,880,120,19,76,391,293,34,465,15,57,26,57,73,68,41
97,35,33,1,7,0,0,0,1,2,0,9,0,0,0,0,1,0,0,1981,1981-09-20,3722,3328,411,887,120,19,76,392,295,34,474,15,57,26,57,74,68,41
98,38,33,2,7,2,0,1,2,5,0,6,0,0,0,0,1,0,0,1981,1981-09-22,3760,3361,413,894,122,19,77,394,300,34,480,15,57,26,57,75,68,41
99,41,37,4,10,0,0,1,4,4,0,2,0,0,0,0,0,0,0,1981,1981-09-23,3801,3398,417,904,122,19,78,398,304,34,482,15,57,26,57,75,68,41
100,44,39,7,15,2,0,1,7,2,1,4,1,2,0,3,1,1,0,1981,1981-09-24,3845,3437,424,919,124,19,79,405,306,35,486,16,59,26,60,76,69,41
101,36,34,3,10,1,0,0,3,0,0,2,0,1,1,1,0,1,1,1981,1981-09-25,3881,3471,427,929,125,19,79,408,306,35,488,16,60,27,61,76,70,42
102,30,27,0,0,0,0,0,0,3,0,11,0,0,0,0,0,2,0,1981,1981-09-26,3911,3498,427,929,125,19,79,408,309,35,499,16,60,27,61,76,72,42
103,29,28,1,2,0,0,1,1,1,0,9,0,0,0,0,0,0,0,1981,1981-09-27,3940,3526,428,931,125,19,80,409,310,35,508,16,60,27,61,76,72,42
104,32,32,1,6,1,0,1,1,0,0,5,0,0,0,0,1,0,0,1981,1981-09-28,3972,3558,429,937,126,19,81,410,310,35,513,16,60,27,61,77,72,42
105,38,33,5,6,0,1,0,4,5,0,9,0,0,0,2,0,0,2,1981,1981-09-29,4010,3591,434,943,126,20,81,414,315,35,522,16,60,27,63,77,72,44
106,35,31,0,6,1,0,0,0,3,0,8,0,1,0,0,0,0,1,1981,1981-09-30,4045,3622,434,949,127,20,81,414,318,35,530,16,61,27,63,77,72,45
107,32,30,0,5,2,0,0,0,2,1,2,0,0,0,0,2,0,0,1981,1981-10-01,4077,3652,434,954,129,20,81,414,320,36,532,16,61,27,63,79,72,45
108,38,33,6,13,3,0,0,4,4,2,5,0,1,0,0,1,0,1,1981,1981-10-02,4115,3685,440,967,132,20,81,418,324,38,537,16,62,27,63,80,72,46
109,42,36,7,13,1,0,0,6,6,0,5,0,0,0,0,1,1,0,1981,1981-10-03,4157,3721,447,980,133,20,81,424,330,38,542,16,62,27,63,81,73,46
110,32,30,3,4,0,0,1,3,1,0,8,1,0,0,1,2,0,0,1981,1981-10-04,4189,3751,450,984,133,20,82,427,331,38,550,17,62,27,64,83,73,46
1,30,29,2,2,1,0,0,2,0,0,13,0,0,1,1,0,1,0,1980,1980-04-10,30,29,2,2,1,0,0,2,0,0,13,0,0,1,1,0,1,0
2,43,36,6,9,1,0,0,6,6,0,7,0,0,1,3,1,0,1,1980,1980-04-11,73,65,8,11,2,0,0,8,6,0,20,0,0,2,4,1,1,1
3,72,62,6,15,1,0,2,6,9,0,8,0,1,0,0,2,2,0,1980,1980-04-12,145,127,14,26,3,0,2,14,15,0,28,0,1,2,4,3,3,1
4,36,32,2,7,2,0,0,2,3,0,4,1,0,0,0,1,0,0,1980,1980-04-13,181,159,16,33,5,0,2,16,18,0,32,1,1,2,4,4,3,1
5,33,32,1,7,0,0,0,1,0,0,5,0,0,1,0,1,0,0,1980,1980-04-14,214,191,17,40,5,0,2,17,18,0,37,1,1,3,4,5,3,1
6,39,35,5,10,1,1,1,5,3,0,2,0,0,1,1,2,2,0,1980,1980-04-15,253,226,22,50,6,1,3,22,21,0,39,1,1,4,5,7,5,1
7,51,41,10,14,2,1,2,9,10,1,6,0,0,0,2,2,0,0,1980,1980-04-16,304,267,32,64,8,2,5,31,31,1,45,1,1,4,7,9,5,1
8,36,32,6,12,3,1,1,6,3,0,6,0,1,0,0,0,0,3,1980,1980-04-17,340,299,38,76,11,3,6,37,34,1,51,1,2,4,7,9,5,4
9,41,40,4,14,0,0,1,3,0,0,7,0,0,1,1,0,0,0,1980,1980-04-18,381,339,42,90,11,3,7,40,34,1,58,1,2,5,8,9,5,4
10,32,28,0,1,0,0,0,0,3,0,12,0,1,0,1,0,1,0,1980,1980-04-19,413,367,42,91,11,3,7,40,37,1,70,1,3,5,9,9,6,4
11,33,25,4,5,1,1,0,3,3,2,3,1,2,2,1,1,3,0,1980,1980-04-20,446,392,46,96,12,4,7,43,40,3,73,2,5,7,10,10,9,4
12,34,30,4,7,1,0,2,4,3,0,2,0,1,0,0,0,1,0,1980,1980-04-21,480,422,50,103,13,4,9,47,43,3,75,2,6,7,10,10,10,4
13,42,37,6,12,1,0,1,5,4,0,8,0,0,1,2,0,3,0,1980,1980-04-22,522,459,56,115,14,4,10,52,47,3,83,2,6,8,12,10,13,4
14,38,32,4,10,0,0,0,4,3,1,5,1,0,2,1,0,4,0,1980,1980-04-23,560,491,60,125,14,4,10,56,50,4,88,3,6,10,13,10,17,4
15,41,37,5,11,2,0,2,5,4,1,1,0,0,0,0,0,1,1,1980,1980-04-24,601,528,65,136,16,4,12,61,54,5,89,3,6,10,13,10,18,5
16,36,32,6,11,1,0,3,6,3,1,6,0,1,0,0,1,0,1,1980,1980-04-25,637,560,71,147,17,4,15,67,57,6,95,3,7,10,13,11,18,6
17,36,34,4,11,0,0,0,4,1,0,1,0,1,0,0,0,0,1,1980,1980-04-26,673,594,75,158,17,4,15,71,58,6,96,3,8,10,13,11,18,7
18,34,32,3,9,2,0,1,3,2,0,2,0,0,0,1,0,1,1,1980,1980-04-27,707,626,78,167,19,4,16,74,60,6,98,3,8,10,14,11,19,8
19,34,32,5,10,0,0,2,5,1,0,5,0,0,1,0,1,0,1,1980,1980-04-29,741,658,83,177,19,4,18,79,61,6,103,3,8,11,14,12,19,9
20,39,36,4,9,0,1,0,4,2,0,3,0,1,0,2,0,1,0,1980,1980-04-30,780,694,87,186,19,5,18,83,63,6,106,3,9,11,16,12,20,9
21,40,36,5,9,3,0,2,5,4,0,3,0,0,0,0,0,0,0,1980,1980-05-02,820,730,92,195,22,5,20,88,67,6,109,3,9,11,16,12,20,9
22,38,35,3,8,0,1,0,3,3,0,7,0,0,0,1,1,1,0,1980,1980-05-03,858,765,95,203,22,6,20,91,70,6,116,3,9,11,17,13,21,9
23,46,40,12,15,3,0,2,10,4,2,6,0,1,1,1,1,1,0,1980,1980-05-04,904,805,107,218,25,6,22,101,74,8,122,3,10,12,18,14,22,9
24,33,30,1,7,0,0,0,1,2,0,2,0,1,0,1,4,0,0,1980,1980-05-06,937,835,108,225,25,6,22,102,76,8,124,3,11,12,19,18,22,9
25,39,35,6,11,0,0,0,4,2,0,6,1,0,1,1,1,0,2,1980,1980-05-07,976,870,114,236,25,6,22,106,78,8,130,4,11,13,20,19,22,11
26,44,39,7,13,3,1,0,6,3,0,5,0,0,2,1,0,2,0,1980,1980-05-09,1020,909,121,249,28,7,22,112,81,8,135,4,11,15,21,19,24,11
27,39,33,5,10,2,0,0,5,5,2,2,0,1,0,0,1,0,1,1980,1980-05-10,1059,942,126,259,30,7,22,117,86,10,137,4,12,15,21,20,24,12
28,38,34,4,9,0,1,0,4,3,1,4,0,1,0,1,2,0,0,1980,1980-05-11,1097,976,130,268,30,8,22,121,89,11,141,4,13,15,22,22,24,12
29,33,29,2,6,2,0,0,2,2,0,6,1,1,0,1,0,5,1,1980,1980-05-12,1130,1005,132,274,32,8,22,123,91,11,147,5,14,15,23,22,29,13
30,36,31,4,8,1,0,1,4,5,0,6,0,0,0,0,1,1,0,1980,1980-05-13,1166,1036,136,282,33,8,23,127,96,11,153,5,14,15,23,23,30,13
31,31,30,2,4,0,0,1,2,1,0,7,0,0,0,0,0,0,0,1980,1980-05-14,1197,1066,138,286,33,8,24,129,97,11,160,5,14,15,23,23,30,13
32,36,33,8,11,2,0,1,8,3,0,1,0,0,0,0,0,0,0,1980,1980-05-16,1233,1099,146,297,35,8,25,137,100,11,161,5,14,15,23,23,30,13
33,37,31,3,9,0,0,0,3,5,1,5,0,1,0,0,0,1,0,1980,1980-05-17,1270,1130,149,306,35,8,25,140,105,12,166,5,15,15,23,23,31,13
34,35,30,2,8,0,0,1,2,4,0,6,0,1,0,1,0,1,1,1980,1980-05-18,1305,1160,151,314,35,8,26,142,109,12,172,5,16,15,24,23,32,14
35,36,28,5,7,1,0,2,5,6,1,1,0,1,1,0,0,1,2,1980,1980-05-19,1341,1188,156,321,36,8,28,147,115,13,173,5,17,16,24,23,33,16
36,31,27,4,3,0,0,2,4,4,0,4,0,0,0,0,0,1,0,1980,1980-05-20,1372,1215,160,324,36,8,30,151,119,13,177,5,17,16,24,23,34,16
37,33,28,5,6,0,0,1,5,3,0,6,0,1,1,1,1,1,0,1980,1980-05-21,1405,1243,165,330,36,8,31,156,122,13,183,5,18,17,25,24,35,16
38,34,29,0,4,2,0,0,0,4,1,6,0,1,0,1,1,0,1,1980,1980-05-23,1439,1272,165,334,38,8,31,156,126,14,189,5,19,17,26,25,35,17
39,38,33,4,7,0,0,2,2,5,0,11,0,0,0,0,0,2,1,1980,1980-05-24,1477,1305,169,341,38,8,33,158,131,14,200,5,19,17,26,25,37,18
40,38,34,1,10,0,0,0,1,3,0,7,0,1,0,0,0,2,1,1980,1980-05-25,1515,1339,170,351,38,8,33,159,134,14,207,5,20,17,26,25,39,19
41,41,31,4,8,3,0,1,4,8,0,11,0,0,2,0,2,1,0,1980,,1556,1370,174,359,41,8,34,163,142,14,218,5,20,19,26,27,40,19
42,38,34,4,10,0,1,0,4,1,0,11,0,2,1,0,0,0,0,1980,,1594,1404,178,369,41,9,34,167,143,14,229,5,22,20,26,27,40,19
43,35,34,1,7,1,0,0,1,1,1,1,0,0,0,1,1,0,0,1980,1980-05-27,1629,1438,179,376,42,9,34,168,144,15,230,5,22,20,27,28,40,19
44,35,31,3,9,1,0,2,2,3,0,6,0,1,0,0,1,0,0,1980,1980-05-29,1664,1469,182,385,43,9,36,170,147,15,236,5,23,20,27,29,40,19
45,36,30,8,8,1,0,1,7,4,1,5,0,1,1,1,1,0,0,1980,1980-05-30,1700,1499,190,393,44,9,37,177,151,16,241,5,24,21,28,30,40,19
46,40,36,5,9,1,0,1,5,4,0,6,0,0,0,0,0,1,0,1980,1980-05-31,1740,1535,195,402,45,9,38,182,155,16,247,5,24,21,28,30,41,19
47,43,38,5,12,0,0,2,5,4,0,4,0,1,0,0,0,0,0,1980,1980-06-01,1783,1573,200,414,45,9,40,187,159,16,251,5,25,21,28,30,41,19
48,35,33,3,10,0,0,2,3,1,0,5,0,1,0,0,1,2,0,1980,1980-06-02,1818,1606,203,424,45,9,42,190,160,16,256,5,26,21,28,31,43,19
49,33,31,5,7,0,0,1,5,2,0,4,0,0,0,0,0,1,0,1980,1980-06-03,1851,1637,208,431,45,9,43,195,162,16,260,5,26,21,28,31,44,19
50,43,39,4,14,3,0,0,4,4,0,6,0,0,0,0,2,1,0,1980,1980-06-04,1894,1676,212,445,48,9,43,199,166,16,266,5,26,21,28,33,45,19
51,38,34,5,8,2,0,2,5,3,0,7,0,1,0,2,1,0,0,1980,1980-06-06,1932,1710,217,453,50,9,45,204,169,16,273,5,27,21,30,34,45,19
52,38,36,1,10,4,0,1,1,1,0,1,1,0,0,1,2,0,0,1980,1980-06-07,1970,1746,218,463,54,9,46,205,170,16,274,6,27,21,31,36,45,19
53,34,30,3,4,2,0,1,3,3,0,3,0,1,0,0,0,2,0,1980,1980-06-08,2004,1776,221,467,56,9,47,208,173,16,277,6,28,21,31,36,47,19
54,36,35,4,8,1,0,3,4,0,0,5,1,0,0,0,0,1,0,1980,1980-06-10,2040,1811,225,475,57,9,50,212,173,16,282,7,28,21,31,36,48,19
55,37,35,2,6,1,0,2,2,1,0,6,0,1,0,0,0,0,0,1980,1980-06-11,2077,1846,227,481,58,9,52,214,174,16,288,7,29,21,31,36,48,19
56,41,36,5,12,3,0,1,5,5,0,8,0,0,0,0,0,0,2,1980,1980-06-12,2118,1882,232,493,61,9,53,219,179,16,296,7,29,21,31,36,48,21
57,36,32,3,7,0,0,1,3,2,0,2,0,2,0,1,0,2,1,1980,1980-06-13,2154,1914,235,500,61,9,54,222,181,16,298,7,31,21,32,36,50,22
58,39,36,8,13,3,0,3,8,0,0,3,0,2,1,1,0,0,1,1980,1980-06-14,2193,1950,243,513,64,9,57,230,181,16,301,7,33,22,33,36,50,23
59,34,30,1,4,0,0,0,1,3,0,3,0,1,0,0,0,5,0,1980,1980-06-15,2227,1980,244,517,64,9,57,231,184,16,304,7,34,22,33,36,55,23
60,45,43,2,8,2,0,0,2,2,0,6,0,0,0,1,0,0,1,1980,1980-06-16,2272,2023,246,525,66,9,57,233,186,16,310,7,34,22,34,36,55,24
61,39,32,5,8,1,0,3,5,4,1,10,0,3,0,1,0,0,1,1980,1980-06-17,2311,2055,251,533,67,9,60,238,190,17,320,7,37,22,35,36,55,25
62,37,33,8,10,2,0,2,8,4,0,6,0,0,0,0,0,0,1,1980,1980-06-18,2348,2088,259,543,69,9,62,246,194,17,326,7,37,22,35,36,55,26
63,42,35,5,9,2,0,1,5,3,0,4,1,2,1,0,0,2,0,1980,1980-06-19,2390,2123,264,552,71,9,63,251,197,17,330,8,39,23,35,36,57,26
64,41,37,4,12,2,0,0,4,3,0,1,0,1,0,0,0,1,0,1980,1980-06-20,2431,2160,268,564,73,9,63,255,200,17,331,8,40,23,35,36,58,26
65,37,35,5,13,2,0,2,5,1,0,6,0,1,0,0,0,2,1,1980,1980-06-21,2468,2195,273,577,75,9,65,260,201,17,337,8,41,23,35,36,60,27
66,42,36,6,11,4,0,0,5,5,0,6,0,0,1,1,0,0,1,1980,1980-06-22,2510,2231,279,588,79,9,65,265,206,17,343,8,41,24,36,36,60,28
67,35,33,3,8,3,0,0,3,2,0,4,0,0,0,0,0,1,1,1980,1980-06-23,2545,2264,282,596,82,9,65,268,208,17,347,8,41,24,36,36,61,29
68,50,45,4,8,2,0,0,3,3,0,8,1,1,0,3,0,1,0,1980,1980-06-24,2595,2309,286,604,84,9,65,271,211,17,355,9,42,24,39,36,62,29
69,52,47,9,19,4,0,1,9,4,0,4,1,0,0,3,1,4,0,1980,1980-06-25,2647,2356,295,623,88,9,66,280,215,17,359,10,42,24,42,37,66,29
70,44,43,8,17,4,1,2,8,1,1,4,0,0,0,0,0,1,1,1980,1980-06-27,2691,2399,303,640,92,10,68,288,216,18,363,10,42,24,42,37,67,30
71,50,39,3,7,1,0,1,3,8,2,11,2,1,0,1,0,2,1,1980,1980-06-28,2741,2438,306,647,93,10,69,291,224,20,374,12,43,24,43,37,69,31
72,34,31,3,6,0,0,2,3,2,1,4,0,1,0,0,0,0,0,1980,,2775,2469,309,653,93,10,71,294,226,21,378,12,44,24,43,37,69,31
73,39,31,3,6,1,0,0,2,5,2,6,0,3,0,1,0,0,0,1980,,2814,2500,312,659,94,10,71,296,231,23,384,12,47,24,44,37,69,31
74,38,33,3,7,0,0,2,3,5,0,6,0,0,0,1,0,1,2,1980,1980-06-30,2852,2533,315,666,94,10,73,299,236,23,390,12,47,24,45,37,70,33
75,40,33,1,10,1,0,1,1,7,0,8,0,0,0,0,2,0,1,1980,1980-07-01,2892,2566,316,676,95,10,74,300,243,23,398,12,47,24,45,39,70,34
76,40,32,10,11,1,0,3,10,7,0,4,0,1,0,1,0,0,2,1980,1980-07-02,2932,2598,326,687,96,10,77,310,250,23,402,12,48,24,46,39,70,36
77,41,36,5,11,4,0,0,5,3,2,4,0,1,1,0,2,0,0,1980,1980-07-03,2973,2634,331,698,100,10,77,315,253,25,406,12,49,25,46,41,70,36
78,34,30,4,7,2,0,2,3,2,0,4,1,1,0,1,0,1,1,1980,1980-07-04,3007,2664,335,705,102,10,79,318,255,25,410,13,50,25,47,41,71,37
79,31,28,3,6,2,0,1,3,2,0,4,0,0,1,0,1,1,0,1980,1980-07-05,3038,2692,338,711,104,10,80,321,257,25,414,13,50,26,47,42,72,37
80,43,38,4,10,2,0,2,4,4,1,7,0,1,0,0,1,1,0,1980,1980-07-06,3081,2730,342,721,106,10,82,325,261,26,421,13,51,26,47,43,73,37
81,37,35,4,10,2,0,0,4,2,1,8,0,0,0,0,1,0,0,1980,1980-07-10,3118,2765,346,731,108,10,82,329,263,27,429,13,51,26,47,44,73,37
82,35,32,3,9,0,0,1,2,3,0,5,0,0,0,1,1,2,0,1980,1980-07-11,3153,2797,349,740,108,10,83,331,266,27,434,13,51,26,48,45,75,37
83,47,45,2,11,1,1,0,2,2,0,3,0,0,0,0,1,1,0,1980,1980-07-12,3200,2842,351,751,109,11,83,333,268,27,437,13,51,26,48,46,76,37
84,66,56,3,15,3,0,0,2,6,2,9,0,3,1,2,1,1,0,1980,1980-07-13,3266,2898,354,766,112,11,83,335,274,29,446,13,54,27,50,47,77,37
85,36,33,3,6,1,0,0,3,3,0,6,0,0,0,1,1,1,0,1980,1980-07-14,3302,2931,357,772,113,11,83,338,277,29,452,13,54,27,51,48,78,37
86,40,35,6,11,2,0,1,6,3,1,5,0,2,0,1,0,0,2,1980,1980-07-15,3342,2966,363,783,115,11,84,344,280,30,457,13,56,27,52,48,78,39
87,36,31,1,7,0,0,0,1,4,1,8,0,0,1,0,1,1,1,1980,1980-07-16,3378,2997,364,790,115,11,84,345,284,31,465,13,56,28,52,49,79,40
88,38,34,3,8,1,1,0,3,3,1,5,0,1,0,0,0,0,0,1980,1980-07-17,3416,3031,367,798,116,12,84,348,287,32,470,13,57,28,52,49,79,40
89,38,34,4,10,0,0,0,4,2,0,4,1,0,1,1,2,2,0,1980,1980-07-18,3454,3065,371,808,116,12,84,352,289,32,474,14,57,29,53,51,81,40
90,38,31,3,6,2,0,1,3,5,0,3,1,1,0,0,2,0,0,1980,1980-07-19,3492,3096,374,814,118,12,85,355,294,32,477,15,58,29,53,53,81,40
91,36,32,4,8,2,1,1,4,3,0,0,0,1,0,1,1,0,2,1980,,3528,3128,378,822,120,13,86,359,297,32,477,15,59,29,54,54,81,42
92,36,33,7,6,1,1,3,7,2,0,9,0,0,1,1,0,0,0,1980,,3564,3161,385,828,121,14,89,366,299,32,486,15,59,30,55,54,81,42
93,33,31,2,7,3,0,1,2,2,0,4,0,0,0,0,1,0,1,1980,1980-07-21,3597,3192,387,835,124,14,90,368,301,32,490,15,59,30,55,55,81,43
94,37,33,2,9,0,0,1,2,3,0,5,0,1,0,0,2,0,0,1980,1980-07-22,3634,3225,389,844,124,14,91,370,304,32,495,15,60,30,55,57,81,43
95,40,33,3,7,3,0,0,3,6,0,3,0,0,1,0,0,0,0,1980,1980-07-23,3674,3258,392,851,127,14,91,373,310,32,498,15,60,31,55,57,81,43
96,41,34,7,13,1,0,0,6,6,1,7,0,1,0,0,0,2,1,1980,1980-07-25,3715,3292,399,864,128,14,91,379,316,33,505,15,61,31,55,57,83,44
97,39,35,3,9,2,0,0,3,4,0,6,0,0,0,0,1,0,0,1980,1980-07-26,3754,3327,402,873,130,14,91,382,320,33,511,15,61,31,55,58,83,44
98,44,42,3,9,0,0,0,3,0,0,9,0,0,2,2,0,2,2,1980,1980-07-27,3798,3369,405,882,130,14,91,385,320,33,520,15,61,33,57,58,85,46
99,38,36,4,10,0,0,1,4,2,0,6,0,0,0,1,0,1,1,1980,1980-07-28,3836,3405,409,892,130,14,92,389,322,33,526,15,61,33,58,58,86,47
100,38,34,10,13,6,0,2,10,2,1,4,1,1,0,0,0,1,2,1980,1980-07-29,3874,3439,419,905,136,14,94,399,324,34,530,16,62,33,58,58,87,49
101,35,34,3,11,1,0,1,3,0,0,2,0,1,0,1,1,1,0,1980,1980-07-30,3909,3473,422,916,137,14,95,402,324,34,532,16,63,33,59,59,88,49
102,35,34,2,9,1,0,2,2,1,1,4,0,0,0,0,2,0,0,1980,1980-08-01,3944,3507,424,925,138,14,97,404,325,35,536,16,63,33,59,61,88,49
103,31,29,3,6,0,0,2,3,2,0,2,0,0,0,0,1,1,0,1980,1980-08-02,3975,3536,427,931,138,14,99,407,327,35,538,16,63,33,59,62,89,49
104,34,31,1,7,1,0,0,1,2,0,4,0,0,1,0,2,1,0,1980,1980-08-03,4009,3567,428,938,139,14,99,408,329,35,542,16,63,34,59,64,90,49
105,39,33,5,10,1,0,2,5,3,0,5,0,2,1,1,1,1,1,1980,1980-08-04,4048,3600,433,948,140,14,101,413,332,35,547,16,65,35,60,65,91,50
106,37,33,4,5,0,0,1,4,4,0,3,0,0,0,2,1,0,0,1980,1980-08-05,4085,3633,437,953,140,14,102,417,336,35,550,16,65,35,62,66,91,50
107,42,40,6,14,1,0,2,6,1,0,3,0,0,1,1,1,0,0,1980,1980-08-06,4127,3673,443,967,141,14,104,423,337,35,553,16,65,36,63,67,91,50
108,34,33,3,8,0,0,0,3,1,0,5,0,0,0,0,1,1,1,1980,1980-08-07,4161,3706,446,975,141,14,104,426,338,35,558,16,65,36,63,68,92,51
109,38,34,5,10,2,0,0,5,2,0,5,0,0,2,0,1,1,0,1980,1980-08-08,4199,3740,451,985,143,14,104,431,340,35,563,16,65,38,63,69,93,51
110,41,39,9,12,3,0,2,9,2,0,3,0,0,0,0,0,0,0,1980,1980-08-09,4240,3779,460,997,146,14,106,440,342,35,566,16,65,38,63,69,93,51
111,43,34,7,10,0,0,2,7,6,0,2,1,2,0,0,1,0,0,1980,1980-08-10,4283,3813,467,1007,146,14,108,447,348,35,568,17,67,38,63,70,93,51
112,35,30,2,5,0,0,0,2,5,0,4,0,0,0,0,1,1,1,1980,1980-08-11,4318,3843,469,1012,146,14,108,449,353,35,572,17,67,38,63,71,94,52
113,39,37,6,10,1,0,1,6,2,0,5,0,0,0,2,1,1,1,1980,1980-08-12,4357,3880,475,1022,147,14,109,455,355,35,577,17,67,38,65,72,95,53
114,32,30,0,5,0,0,0,0,1,0,4,1,0,0,0,2,0,0,1980,1980-08-13,4389,3910,475,1027,147,14,109,455,356,35,581,18,67,38,65,74,95,53
115,31,28,3,4,0,0,2,3,3,1,8,0,0,0,0,0,1,0,1980,1980-08-15,4420,3938,478,1031,147,14,111,458,359,36,589,18,67,38,65,74,96,53
116,33,31,2,6,0,0,0,2,1,0,6,0,0,1,0,1,1,0,1980,1980-08-16,4453,3969,480,1037,147,14,111,460,360,36,595,18,67,39,65,75,97,53
117,40,31,2,6,2,0,0,2,7,1,6,0,1,1,0,0,1,0,1980,1980-08-17,4493,4000,482,1043,149,14,111,462,367,37,601,18,68,40,65,75,98,53
118,37,36,3,10,1,1,0,3,1,0,7,0,0,0,0,0,0,0,1980,1980-08-19,4530,4036,485,1053,150,15,111,465,368,37,608,18,68,40,65,75,98,53
119,35,31,5,7,2,1,0,4,3,0,8,0,1,0,0,0,0,0,1980,1980-08-20,4565,4067,490,1060,152,16,111,469,371,37,616,18,69,40,65,75,98,53
120,45,41,5,12,1,0,1,5,4,0,11,0,0,0,0,1,1,0,1980,1980-08-21,4610,4108,495,1072,153,16,112,474,375,37,627,18,69,40,65,76,99,53
121,35,34,2,9,3,0,0,2,1,0,4,0,0,0,0,2,0,0,1980,1980-08-22,4645,4142,497,1081,156,16,112,476,376,37,631,18,69,40,65,78,99,53
122,38,36,4,11,3,0,0,4,2,1,11,0,0,0,0,1,0,1,1980,1980-08-23,4683,4178,501,1092,159,16,112,480,378,38,642,18,69,40,65,79,99,54
123,44,38,3,12,2,0,2,3,6,1,5,0,0,0,0,0,1,1,1980,1980-08-24,4727,4216,504,1104,161,16,114,483,384,39,647,18,69,40,65,79,100,55
124,45,40,8,16,3,2,1,8,3,1,6,1,1,0,0,0,1,1,1980,1980-08-25,4772,4256,512,1120,164,18,115,491,387,40,653,19,70,40,65,79,101,56
125,40,34,8,10,0,1,2,8,6,0,3,0,0,0,1,3,0,0,1980,1980-08-26,4812,4290,520,1130,164,19,117,499,393,40,656,19,70,40,66,82,101,56
126,38,35,3,8,4,0,1,3,3,1,10,0,0,0,0,0,0,0,1980,1980-08-27,4850,4325,523,1138,168,19,118,502,396,41,666,19,70,40,66,82,101,56
127,36,30,5,7,4,1,0,5,5,0,4,0,1,0,0,0,0,0,1980,1980-08-29,4886,4355,528,1145,172,20,118,507,401,41,670,19,71,40,66,82,101,56
128,34,33,4,8,1,0,1,4,1,0,8,0,0,0,1,0,0,0,1980,1980-08-30,4920,4388,532,1153,173,20,119,511,402,41,678,19,71,40,67,82,101,56
129,30,28,2,6,1,0,0,2,1,0,3,0,1,0,0,0,1,1,1980,,4950,4416,534,1159,174,20,119,513,403,41,681,19,72,40,67,82,102,57
130,38,36,7,14,1,0,4,7,2,0,4,0,0,0,0,1,0,1,1980,,4988,4452,541,1173,175,20,123,520,405,41,685,19,72,40,67,83,102,58
131,32,29,5,9,1,0,2,5,2,0,1,0,1,0,0,0,0,1,1980,1980-09-01,5020,4481,546,1182,176,20,125,525,407,41,686,19,73,40,67,83,102,59
132,34,29,6,7,0,0,0,6,3,1,3,0,2,0,0,0,1,1,1980,1980-09-02,5054,4510,552,1189,176,20,125,531,410,42,689,19,75,40,67,83,103,60
133,30,27,2,5,1,0,1,2,0,0,5,1,2,0,1,1,0,0,1980,1980-09-03,5084,4537,554,1194,177,20,126,533,410,42,694,20,77,40,68,84,103,60
134,38,35,2,8,1,0,1,2,3,0,4,0,0,0,1,1,0,0,1980,1980-09-04,5122,4572,556,1202,178,20,127,535,413,42,698,20,77,40,69,85,103,60
135,29,27,1,6,2,0,1,1,2,0,6,0,0,0,0,1,0,2,1980,1980-09-05,5151,4599,557,1208,180,20,128,536,415,42,704,20,77,40,69,86,103,62
136,40,35,7,13,1,0,1,7,3,0,4,0,2,0,0,0,0,0,1980,1980-09-06,5191,4634,564,1221,181,20,129,543,418,42,708,20,79,40,69,86,103,62
137,34,32,6,10,1,0,0,5,1,0,2,0,1,0,1,1,2,1,1980,1980-09-07,5225,4666,570,1231,182,20,129,548,419,42,710,20,80,40,70,87,105,63
138,38,32,4,8,1,0,0,4,4,0,2,0,2,0,0,1,0,0,1980,1980-09-09,5263,4698,574,1239,183,20,129,552,423,42,712,20,82,40,70,88,105,63
139,50,46,5,11,2,0,1,5,3,0,9,0,1,0,2,2,2,0,1980,1980-09-10,5313,4744,579,1250,185,20,130,557,426,42,721,20,83,40,72,90,107,63
140,38,33,5,6,1,1,0,4,4,0,9,1,0,0,0,0,0,0,1980,1980-09-12,5351,4777,584,1256,186,21,130,561,430,42,730,21,83,40,72,90,107,63
141,36,33,3,6,1,1,1,2,3,0,10,0,0,0,0,0,0,0,1980,1980-09-13,5387,4810,587,1262,187,22,131,563,433,42,740,21,83,40,72,90,107,63
142,35,33,3,8,2,0,1,3,2,0,7,0,0,0,0,1,0,0,1980,1980-09-14,5422,4843,590,1270,189,22,132,566,435,42,747,21,83,40,72,91,107,63
143,32,31,0,5,0,0,0,0,1,0,2,0,0,0,0,1,0,0,1980,1980-09-15,5454,4874,590,1275,189,22,132,566,436,42,749,21,83,40,72,92,107,63
144,32,32,1,6,3,0,0,1,0,0,6,0,0,0,0,0,1,0,1980,1980-09-16,5486,4906,591,1281,192,22,132,567,436,42,755,21,83,40,72,92,108,63
145,32,29,2,8,0,0,0,2,3,0,4,0,0,0,0,1,2,0,1980,1980-09-17,5518,4935,593,1289,192,22,132,569,439,42,759,21,83,40,72,93,110,63
146,36,35,7,13,1,0,3,7,1,0,3,0,0,0,1,1,2,0,1980,1980-09-18,5554,4970,600,1302,193,22,135,576,440,42,762,21,83,40,73,94,112,63
147,39,37,7,13,0,0,2,7,2,0,1,0,0,0,0,4,1,0,1980,1980-09-19,5593,5007,607,1315,193,22,137,583,442,42,763,21,83,40,73,98,113,63
148,35,34,2,7,1,0,1,2,1,0,4,0,0,0,0,0,0,0,1980,1980-09-20,5628,5041,609,1322,194,22,138,585,443,42,767,21,83,40,73,98,113,63
149,46,38,2,7,1,0,0,1,5,2,13,1,1,1,1,0,0,1,1980,1980-09-21,5674,5079,611,1329,195,22,138,586,448,44,780,22,84,41,74,98,113,64
150,37,34,2,7,0,0,0,2,3,0,3,0,0,0,1,1,0,0,1980,1980-09-22,5711,5113,613,1336,195,22,138,588,451,44,783,22,84,41,75,99,113,64
151,37,36,4,13,3,0,0,4,1,0,2,0,0,0,1,1,2,0,1980,1980-09-23,5748,5149,617,1349,198,22,138,592,452,44,785,22,84,41,76,100,115,64
152,52,40,5,10,1,0,1,5,8,3,4,1,3,0,2,0,1,3,1980,1980-09-24,5800,5189,622,1359,199,22,139,597,460,47,789,23,87,41,78,100,116,67
153,38,35,2,10,1,0,1,2,2,0,3,0,1,0,0,1,3,0,1980,1980-09-25,5838,5224,624,1369,200,22,140,599,462,47,792,23,88,41,78,101,119,67
154,38,35,2,10,1,0,0,2,2,0,3,0,1,0,0,1,2,0,1980,1980-09-26,5876,5259,626,1379,201,22,140,601,464,47,795,23,89,41,78,102,121,67
155,44,38,6,15,3,0,1,6,5,2,4,0,1,0,0,2,1,1,1980,1980-09-27,5920,5297,632,1394,204,22,141,607,469,49,799,23,90,41,78,104,122,68
156,40,29,5,7,2,0,1,5,9,1,4,0,2,0,0,1,0,0,1980,1980-09-28,5960,5326,637,1401,206,22,142,612,478,50,803,23,92,41,78,105,122,68
157,47,40,6,13,0,0,1,6,5,0,11,1,1,0,0,1,1,1,1980,1980-09-30,6007,5366,643,1414,206,22,143,618,483,50,814,24,93,41,78,106,123,69
158,41,37,8,13,0,2,1,8,2,1,1,0,2,0,0,1,0,0,1980,1980-10-01,6048,5403,651,1427,206,24,144,626,485,51,815,24,95,41,78,107,123,69
159,36,33,2,5,1,0,1,2,3,1,7,0,0,0,1,0,0,1,1980,1980-10-02,6084,5436,653,1432,207,24,145,628,488,52,822,24,95,41,79,107,123,70
160,34,34,3,7,2,0,1,3,0,0,2,0,0,0,1,0,0,1,1980,1980-10-03,6118,5470,656,1439,209,24,146,631,488,52,824,24,95,41,80,107,123,71
161,31,31,2,6,0,0,1,2,0,0,10,0,0,0,1,0,0,0,1980,1980-10-04,6149,5501,658,1445,209,24,147,633,488,52,834,24,95,41,81,107,123,71
162,36,33,4,11,0,0,1,4,2,0,6,0,1,0,1,1,0,1,1980,1980-10-05,6185,5534,662,1456,209,24,148,637,490,52,840,24,96,41,82,108,123,72
163,36,34,1,6,0,0,0,1,2,0,6,0,0,0,0,0,0,0,1980,1980-10-06,6221,5568,663,1462,209,24,148,638,492,52,846,24,96,41,82,108,123,72
1,33,32,3,6,1,0,1,3,1,1,4,0,0,0,0,0,1,1,1979,1979-04-05,33,32,3,6,1,0,1,3,1,1,4,0,0,0,0,0,1,1
2,39,31,10,10,2,0,2,10,5,1,6,1,2,0,1,1,0,0,1979,1979-04-06,72,63,13,16,3,0,3,13,6,2,10,1,2,0,1,1,1,1
3,42,34,5,11,2,0,0,5,6,0,5,1,1,0,0,0,0,0,1979,1979-04-07,114,97,18,27,5,0,3,18,12,2,15,2,3,0,1,1,1,1
4,46,40,6,10,4,0,1,6,5,1,2,0,1,0,0,2,0,1,1979,1979-04-08,160,137,24,37,9,0,4,24,17,3,17,2,4,0,1,3,1,2
5,36,31,2,5,1,0,1,2,2,1,9,2,1,0,0,0,2,0,1979,1979-04-09,196,168,26,42,10,0,5,26,19,4,26,4,5,0,1,3,3,2
6,37,33,1,6,2,0,0,1,4,0,13,0,0,0,0,0,3,1,1979,1979-04-10,233,201,27,48,12,0,5,27,23,4,39,4,5,0,1,3,6,3
7,38,35,3,10,1,0,0,2,3,0,6,0,0,0,0,1,1,0,1979,1979-04-11,271,236,30,58,13,0,5,29,26,4,45,4,5,0,1,4,7,3
8,33,31,2,4,0,0,1,2,2,0,5,0,0,0,0,0,0,0,1979,1979-04-12,304,267,32,62,13,0,6,31,28,4,50,4,5,0,1,4,7,3
9,35,34,1,8,1,0,0,1,1,0,6,0,0,0,0,1,0,0,1979,1979-04-13,339,301,33,70,14,0,6,32,29,4,56,4,5,0,1,5,7,3
10,34,28,6,7,1,0,0,4,5,0,4,0,1,0,0,2,1,0,1979,1979-04-14,373,329,39,77,15,0,6,36,34,4,60,4,6,0,1,7,8,3
11,41,37,4,10,1,0,1,4,4,0,4,0,0,0,2,2,1,0,1979,1979-04-15,414,366,43,87,16,0,7,40,38,4,64,4,6,0,3,9,9,3
12,32,31,0,5,1,0,0,0,1,0,3,0,0,0,0,1,0,0,1979,1979-04-16,446,397,43,92,17,0,7,40,39,4,67,4,6,0,3,10,9,3
13,40,33,10,11,0,0,4,9,5,0,1,1,0,1,1,0,3,2,1979,1979-04-17,486,430,53,103,17,0,11,49,44,4,68,5,6,1,4,10,12,5
14,32,31,0,6,1,0,0,0,1,0,2,0,0,0,0,2,0,0,1979,1979-04-18,518,461,53,109,18,0,11,49,45,4,70,5,6,1,4,12,12,5
15,36,31,2,8,1,0,0,2,3,0,4,0,1,1,0,2,0,0,1979,1979-04-20,554,492,55,117,19,0,11,51,48,4,74,5,7,2,4,14,12,5
16,43,38,2,11,1,0,0,2,4,0,3,0,1,0,0,0,1,1,1979,1979-04-21,597,530,57,128,20,0,11,53,52,4,77,5,8,2,4,14,13,6
17,47,41,9,15,2,1,2,9,5,1,8,0,0,1,0,0,3,0,1979,1979-04-22,644,571,66,143,22,1,13,62,57,5,85,5,8,3,4,14,16,6
18,39,36,3,10,3,1,0,3,0,0,6,1,0,2,0,1,0,1,1979,1979-04-23,683,607,69,153,25,2,13,65,57,5,91,6,8,5,4,15,16,7
19,43,35,6,9,1,1,1,6,7,2,6,0,0,1,0,3,0,0,1979,1979-04-24,726,642,75,162,26,3,14,71,64,7,97,6,8,6,4,18,16,7
20,39,36,4,10,2,0,0,4,2,0,6,0,1,0,0,0,1,0,1979,1979-04-25,765,678,79,172,28,3,14,75,66,7,103,6,9,6,4,18,17,7
21,36,30,3,4,1,0,1,3,6,1,5,0,0,0,0,1,0,0,1979,1979-04-28,801,708,82,176,29,3,15,78,72,8,108,6,9,6,4,19,17,7
22,45,35,8,9,3,0,1,8,9,1,5,0,1,0,0,0,0,0,1979,,846,743,90,185,32,3,16,86,81,9,113,6,10,6,4,19,17,7
23,37,37,3,10,0,0,0,3,0,0,4,0,0,0,2,1,1,0,1979,,883,780,93,195,32,3,16,89,81,9,117,6,10,6,6,20,18,7
24,35,32,4,7,1,1,0,4,2,0,4,0,0,1,0,1,0,0,1979,1979-04-30,918,812,97,202,33,4,16,93,83,9,121,6,10,7,6,21,18,7
25,36,35,3,9,0,1,2,3,1,0,4,0,0,0,0,0,0,1,1979,1979-05-01,954,847,100,211,33,5,18,96,84,9,125,6,10,7,6,21,18,8
26,36,33,5,12,2,0,0,5,3,1,5,0,0,0,0,1,0,0,1979,1979-05-03,990,880,105,223,35,5,18,101,87,10,130,6,10,7,6,22,18,8
27,35,31,2,6,1,0,1,2,4,0,1,0,0,0,0,0,0,2,1979,1979-05-04,1025,911,107,229,36,5,19,103,91,10,131,6,10,7,6,22,18,10
28,33,30,0,4,1,0,0,0,2,0,3,1,0,0,0,1,0,0,1979,1979-05-05,1058,941,107,233,37,5,19,103,93,10,134,7,10,7,6,23,18,10
29,34,32,0,6,1,0,0,0,2,1,6,0,0,0,0,0,1,1,1979,1979-05-06,1092,973,107,239,38,5,19,103,95,11,140,7,10,7,6,23,19,11
30,36,29,5,7,1,0,1,5,6,0,5,0,1,0,0,1,0,1,1979,1979-05-07,1128,1002,112,246,39,5,20,108,101,11,145,7,11,7,6,24,19,12
31,31,25,3,6,1,1,0,3,4,0,3,0,1,1,0,1,1,1,1979,1979-05-08,1159,1027,115,252,40,6,20,111,105,11,148,7,12,8,6,25,20,13
32,42,34,7,11,1,0,2,7,8,1,6,0,0,0,0,1,1,0,1979,1979-05-09,1201,1061,122,263,41,6,22,118,113,12,154,7,12,8,6,26,21,13
33,43,36,14,14,2,1,3,14,6,1,5,0,0,1,0,0,3,0,1979,1979-05-10,1244,1097,136,277,43,7,25,132,119,13,159,7,12,9,6,26,24,13
34,35,33,7,9,1,1,4,7,2,0,4,0,0,0,0,0,0,0,1979,1979-05-11,1279,1130,143,286,44,8,29,139,121,13,163,7,12,9,6,26,24,13
35,42,40,4,10,0,0,3,4,2,1,14,0,0,0,0,0,0,1,1979,1979-05-12,1321,1170,147,296,44,8,32,143,123,14,177,7,12,9,6,26,24,14
36,38,37,8,13,4,0,2,8,1,0,7,0,0,0,1,1,0,0,1979,1979-05-13,1359,1207,155,309,48,8,34,151,124,14,184,7,12,9,7,27,24,14
37,44,41,5,12,3,0,1,5,3,1,3,0,0,0,0,1,1,0,1979,1979-05-15,1403,1248,160,321,51,8,35,156,127,15,187,7,12,9,7,28,25,14
38,34,33,2,7,2,0,1,2,1,0,6,0,0,0,0,0,2,0,1979,1979-05-16,1437,1281,162,328,53,8,36,158,128,15,193,7,12,9,7,28,27,14
39,37,33,3,7,1,0,2,3,3,0,3,0,1,0,1,0,2,0,1979,1979-05-17,1474,1314,165,335,54,8,38,161,131,15,196,7,13,9,8,28,29,14
40,37,33,6,9,1,1,3,6,3,0,5,0,1,0,0,1,0,1,1979,1979-05-18,1511,1347,171,344,55,9,41,167,134,15,201,7,14,9,8,29,29,15
41,42,34,4,11,4,0,0,4,5,0,7,0,2,1,2,1,0,0,1979,1979-05-19,1553,1381,175,355,59,9,41,171,139,15,208,7,16,10,10,30,29,15
42,38,32,6,10,2,0,2,6,4,0,4,0,1,1,1,1,0,1,1979,1979-05-20,1591,1413,181,365,61,9,43,177,143,15,212,7,17,11,11,31,29,16
43,34,31,2,5,2,0,0,2,2,0,1,0,1,0,0,0,1,0,1979,1979-05-21,1625,1444,183,370,63,9,43,179,145,15,213,7,18,11,11,31,30,16
44,44,38,6,9,3,0,1,5,6,1,6,0,0,0,0,0,2,1,1979,1979-05-22,1669,1482,189,379,66,9,44,184,151,16,219,7,18,11,11,31,32,17
45,42,37,4,14,1,1,0,4,3,0,2,1,1,0,0,2,0,0,1979,1979-05-23,1711,1519,193,393,67,10,44,188,154,16,221,8,19,11,11,33,32,17
46,48,43,17,20,1,0,7,17,5,0,4,0,0,0,1,2,1,0,1979,1979-05-25,1759,1562,210,413,68,10,51,205,159,16,225,8,19,11,12,35,33,17
47,34,33,1,6,2,0,0,1,1,0,6,0,0,0,0,0,0,0,1979,1979-05-26,1793,1595,211,419,70,10,51,206,160,16,231,8,19,11,12,35,33,17
48,39,33,8,11,1,0,2,7,4,0,5,0,1,1,0,0,0,0,1979,1979-05-27,1832,1628,219,430,71,10,53,213,164,16,236,8,20,12,12,35,33,17
49,57,49,2,12,3,0,1,2,6,2,5,0,2,0,0,1,0,0,1979,1979-05-28,1889,1677,221,442,74,10,54,215,170,18,241,8,22,12,12,36,33,17
50,42,37,6,13,1,0,2,6,5,0,5,0,0,0,0,0,1,0,1979,1979-05-29,1931,1714,227,455,75,10,56,221,175,18,246,8,22,12,12,36,34,17
51,36,34,6,9,2,0,2,6,1,1,6,0,0,1,2,0,0,0,1979,1979-05-30,1967,1748,233,464,77,10,58,227,176,19,252,8,22,13,14,36,34,17
52,45,37,12,16,5,1,1,12,7,2,3,0,1,0,0,0,0,0,1979,1979-05-31,2012,1785,245,480,82,11,59,239,183,21,255,8,23,13,14,36,34,17
53,50,43,7,13,2,0,3,7,5,2,7,0,2,0,0,0,0,0,1979,1979-06-01,2062,1828,252,493,84,11,62,246,188,23,262,8,25,13,14,36,34,17
54,35,33,5,10,3,0,1,5,2,0,4,0,0,0,0,3,0,1,1979,1979-06-02,2097,1861,257,503,87,11,63,251,190,23,266,8,25,13,14,39,34,18
55,35,34,4,7,3,0,2,4,1,0,12,0,0,0,0,0,0,0,1979,1979-06-03,2132,1895,261,510,90,11,65,255,191,23,278,8,25,13,14,39,34,18
56,37,33,4,8,3,0,1,4,4,1,5,0,0,0,0,0,2,1,1979,1979-06-04,2169,1928,265,518,93,11,66,259,195,24,283,8,25,13,14,39,36,19
57,38,31,1,7,0,0,1,1,7,0,5,0,0,0,0,3,2,0,1979,1979-06-05,2207,1959,266,525,93,11,67,260,202,24,288,8,25,13,14,42,38,19
58,34,31,4,7,0,0,3,4,3,0,5,0,0,0,0,2,0,0,1979,1979-06-06,2241,1990,270,532,93,11,70,264,205,24,293,8,25,13,14,44,38,19
59,36,30,11,10,1,0,3,11,6,2,8,0,0,0,0,0,1,1,1979,1979-06-08,2277,2020,281,542,94,11,73,275,211,26,301,8,25,13,14,44,39,20
60,36,30,3,8,1,0,1,3,4,0,3,1,1,0,0,1,0,1,1979,1979-06-09,2313,2050,284,550,95,11,74,278,215,26,304,9,26,13,14,45,39,21
61,36,31,3,7,4,1,0,3,4,0,7,0,0,1,0,1,0,0,1979,1979-06-10,2349,2081,287,557,99,12,74,281,219,26,311,9,26,14,14,46,39,21
62,40,36,7,11,2,0,3,7,3,0,6,1,0,0,1,2,0,0,1979,1979-06-11,2389,2117,294,568,101,12,77,288,222,26,317,10,26,14,15,48,39,21
63,41,36,9,15,2,0,0,9,4,2,7,0,1,0,0,2,0,0,1979,1979-06-12,2430,2153,303,583,103,12,77,297,226,28,324,10,27,14,15,50,39,21
64,42,35,9,14,2,0,2,8,5,1,6,1,1,0,0,1,1,1,1979,1979-06-13,2472,2188,312,597,105,12,79,305,231,29,330,11,28,14,15,51,40,22
65,38,33,2,6,0,0,1,2,5,1,6,0,0,0,0,0,2,0,1979,1979-06-15,2510,2221,314,603,105,12,80,307,236,30,336,11,28,14,15,51,42,22
66,35,30,3,5,2,0,1,3,5,0,6,0,0,0,0,1,0,0,1979,1979-06-16,2545,2251,317,608,107,12,81,310,241,30,342,11,28,14,15,52,42,22
67,32,30,1,2,0,0,1,1,2,0,8,0,0,0,1,0,1,0,1979,1979-06-17,2577,2281,318,610,107,12,82,311,243,30,350,11,28,14,16,52,43,22
68,40,34,7,11,0,0,4,7,6,0,8,0,0,0,0,1,1,0,1979,1979-06-18,2617,2315,325,621,107,12,86,318,249,30,358,11,28,14,16,53,44,22
69,41,37,4,10,1,0,2,4,4,0,4,0,0,0,1,0,0,0,1979,1979-06-19,2658,2352,329,631,108,12,88,322,253,30,362,11,28,14,17,53,44,22
70,40,34,6,7,1,0,2,6,6,0,6,0,0,0,0,0,2,0,1979,1979-06-21,2698,2386,335,638,109,12,90,328,259,30,368,11,28,14,17,53,46,22
71,38,35,2,8,0,0,0,2,3,0,7,0,0,0,1,1,1,0,1979,1979-06-22,2736,2421,337,646,109,12,90,330,262,30,375,11,28,14,18,54,47,22
72,38,32,3,7,2,0,1,3,5,0,4,0,0,1,0,2,0,0,1979,1979-06-23,2774,2453,340,653,111,12,91,333,267,30,379,11,28,15,18,56,47,22
73,34,33,2,7,1,0,1,2,1,0,7,0,0,0,0,0,1,1,1979,1979-06-24,2808,2486,342,660,112,12,92,335,268,30,386,11,28,15,18,56,48,23
74,34,30,4,6,0,0,3,4,3,0,5,0,1,0,0,0,0,0,1979,1979-06-25,2842,2516,346,666,112,12,95,339,271,30,391,11,29,15,18,56,48,23
75,39,37,1,11,0,0,0,1,2,0,5,0,0,0,1,2,0,0,1979,1979-06-26,2881,2553,347,677,112,12,95,340,273,30,396,11,29,15,19,58,48,23
76,32,32,1,6,2,0,0,0,0,0,3,0,0,0,0,0,0,1,1979,1979-06-27,2913,2585,348,683,114,12,95,340,273,30,399,11,29,15,19,58,48,24
77,34,31,1,6,1,0,0,1,1,0,5,0,1,1,1,1,0,0,1979,1979-06-28,2947,2616,349,689,115,12,95,341,274,30,404,11,30,16,20,59,48,24
78,31,29,2,4,1,0,1,2,2,0,4,0,0,0,0,1,0,1,1979,1979-06-29,2978,2645,351,693,116,12,96,343,276,30,408,11,30,16,20,60,48,25
79,39,35,4,5,1,0,0,4,4,1,7,0,0,0,1,0,2,0,1979,1979-06-30,3017,2680,355,698,117,12,96,347,280,31,415,11,30,16,21,60,50,25
80,35,33,1,6,1,0,1,1,2,0,3,0,0,0,1,1,1,0,1979,1979-07-01,3052,2713,356,704,118,12,97,348,282,31,418,11,30,16,22,61,51,25
81,54,44,6,12,0,1,2,6,7,0,5,0,3,0,0,0,1,0,1979,1979-07-02,3106,2757,362,716,118,13,99,354,289,31,423,11,33,16,22,61,52,25
82,40,35,2,9,0,0,0,2,4,0,9,1,0,0,0,0,0,1,1979,1979-07-03,3146,2792,364,725,118,13,99,356,293,31,432,12,33,16,22,61,52,26
83,30,29,0,2,0,1,0,0,1,0,5,0,0,0,0,0,0,0,1979,1979-07-04,3176,2821,364,727,118,14,99,356,294,31,437,12,33,16,22,61,52,26
84,38,34,4,8,1,0,0,4,3,0,4,0,1,0,0,0,0,0,1979,1979-07-06,3214,2855,368,735,119,14,99,360,297,31,441,12,34,16,22,61,52,26
85,36,31,1,4,0,0,1,1,5,0,5,0,0,0,1,1,0,0,1979,1979-07-07,3250,2886,369,739,119,14,100,361,302,31,446,12,34,16,23,62,52,26
86,41,36,8,12,4,1,2,8,3,1,3,0,2,0,0,0,0,0,1979,1979-07-08,3291,2922,377,751,123,15,102,369,305,32,449,12,36,16,23,62,52,26
87,32,31,0,7,1,0,0,0,0,0,1,0,1,0,0,2,0,0,1979,1979-07-09,3323,2953,377,758,124,15,102,369,305,32,450,12,37,16,23,64,52,26
88,47,37,7,12,4,0,0,7,7,3,8,0,2,1,2,1,0,0,1979,1979-07-10,3370,2990,384,770,128,15,102,376,312,35,458,12,39,17,25,65,52,26
89,40,37,3,10,3,0,1,3,3,1,8,0,0,0,0,2,0,1,1979,1979-07-11,3410,3027,387,780,131,15,103,379,315,36,466,12,39,17,25,67,52,27
90,38,35,5,9,0,0,1,5,2,0,5,0,0,1,1,1,0,0,1979,1979-07-12,3448,3062,392,789,131,15,104,384,317,36,471,12,39,18,26,68,52,27
91,39,32,2,10,3,0,0,2,6,0,1,0,0,1,0,2,0,0,1979,1979-07-13,3487,3094,394,799,134,15,104,386,323,36,472,12,39,19,26,70,52,27
92,45,42,7,16,4,1,1,6,3,0,1,0,0,0,1,1,1,0,1979,1979-07-14,3532,3136,401,815,138,16,105,392,326,36,473,12,39,19,27,71,53,27
93,35,31,3,7,1,0,2,3,4,0,3,0,0,0,0,3,0,0,1979,1979-07-15,3567,3167,404,822,139,16,107,395,330,36,476,12,39,19,27,74,53,27
94,38,36,7,13,0,0,3,7,2,0,6,0,0,0,0,1,2,0,1979,1979-07-19,3605,3203,411,835,139,16,110,402,332,36,482,12,39,19,27,75,55,27
95,47,34,6,5,0,0,2,6,11,1,10,0,2,0,0,0,0,0,1979,1979-07-20,3652,3237,417,840,139,16,112,408,343,37,492,12,41,19,27,75,55,27
96,35,32,2,6,1,0,1,2,3,0,0,0,0,0,0,1,1,0,1979,1979-07-21,3687,3269,419,846,140,16,113,410,346,37,492,12,41,19,27,76,56,27
97,37,31,4,9,1,0,0,4,4,0,5,0,1,1,1,0,2,1,1979,1979-07-22,3724,3300,423,855,141,16,113,414,350,37,497,12,42,20,28,76,58,28
98,33,29,3,6,0,0,1,3,4,2,8,0,0,0,0,0,1,1,1979,1979-07-23,3757,3329,426,861,141,16,114,417,354,39,505,12,42,20,28,76,59,29
99,47,43,15,22,0,0,2,15,1,0,1,0,1,2,1,2,1,0,1979,1979-07-24,3804,3372,441,883,141,16,116,432,355,39,506,12,43,22,29,78,60,29
100,44,38,16,15,3,0,2,16,5,1,3,1,0,0,0,1,1,0,1979,1979-07-25,3848,3410,457,898,144,16,118,448,360,40,509,13,43,22,29,79,61,29
101,37,30,6,6,0,1,0,3,5,0,3,0,2,0,1,1,0,0,1979,1979-07-26,3885,3440,463,904,144,17,118,451,365,40,512,13,45,22,30,80,61,29
102,46,39,11,15,0,0,1,9,5,1,3,0,2,0,0,0,3,0,1979,1979-07-27,3931,3479,474,919,144,17,119,460,370,41,515,13,47,22,30,80,64,29
103,30,30,2,3,1,0,0,2,0,0,3,0,0,0,0,0,0,0,1979,1979-07-28,3961,3509,476,922,145,17,119,462,370,41,518,13,47,22,30,80,64,29
104,35,29,3,5,1,0,1,2,5,0,8,0,1,0,0,1,1,0,1979,1979-07-29,3996,3538,479,927,146,17,120,464,375,41,526,13,48,22,30,81,65,29
105,39,32,4,7,2,1,0,4,6,1,8,0,1,0,0,1,2,0,1979,1979-07-30,4035,3570,483,934,148,18,120,468,381,42,534,13,49,22,30,82,67,29
106,42,37,7,11,0,1,0,7,4,1,1,0,1,0,0,1,0,0,1979,1979-07-31,4077,3607,490,945,148,19,120,475,385,43,535,13,50,22,30,83,67,29
107,42,39,5,13,2,0,1,5,3,0,7,0,0,0,1,2,1,0,1979,1979-08-01,4119,3646,495,958,150,19,121,480,388,43,542,13,50,22,31,85,68,29
108,46,36,11,11,0,0,3,11,8,1,7,1,1,0,1,0,1,0,1979,1979-08-03,4165,3682,506,969,150,19,124,491,396,44,549,14,51,22,32,85,69,29
109,45,40,4,14,0,0,0,4,3,0,3,1,1,0,0,2,0,0,1979,1979-08-04,4210,3722,510,983,150,19,124,495,399,44,552,15,52,22,32,87,69,29
110,39,32,8,12,0,0,2,8,4,1,6,0,2,1,1,3,1,0,1979,1979-08-05,4249,3754,518,995,150,19,126,503,403,45,558,15,54,23,33,90,70,29
111,36,33,1,7,1,0,0,1,3,0,4,0,0,0,0,0,1,1,1979,1979-08-06,4285,3787,519,1002,151,19,126,504,406,45,562,15,54,23,33,90,71,30
112,38,34,10,14,0,0,4,10,2,0,1,0,2,0,0,3,1,0,1979,1979-08-07,4323,3821,529,1016,151,19,130,514,408,45,563,15,56,23,33,93,72,30
113,35,33,1,6,1,0,0,1,2,0,12,0,0,0,0,0,0,0,1979,1979-08-08,4358,3854,530,1022,152,19,130,515,410,45,575,15,56,23,33,93,72,30
114,36,31,4,8,1,0,1,4,5,1,5,0,0,0,0,0,1,1,1979,1979-08-09,4394,3885,534,1030,153,19,131,519,415,46,580,15,56,23,33,93,73,31
115,47,40,9,14,2,0,4,9,6,0,7,0,1,0,2,1,0,1,1979,1979-08-10,4441,3925,543,1044,155,19,135,528,421,46,587,15,57,23,35,94,73,32
116,38,38,7,8,3,0,2,6,0,0,3,0,0,0,3,1,1,0,1979,1979-08-11,4479,3963,550,1052,158,19,137,534,421,46,590,15,57,23,38,95,74,32
117,33,32,1,4,1,1,0,1,1,0,4,0,0,0,1,0,0,1,1979,1979-08-12,4512,3995,551,1056,159,20,137,535,422,46,594,15,57,23,39,95,74,33
118,45,36,9,13,2,0,2,8,7,2,4,0,2,0,0,2,2,0,1979,1979-08-14,4557,4031,560,1069,161,20,139,543,429,48,598,15,59,23,39,97,76,33
119,43,37,6,12,3,0,0,6,5,0,2,0,1,0,1,1,1,1,1979,1979-08-15,4600,4068,566,1081,164,20,139,549,434,48,600,15,60,23,40,98,77,34
120,58,51,4,10,1,0,1,4,5,1,11,0,2,0,0,3,2,0,1979,1979-08-16,4658,4119,570,1091,165,20,140,553,439,49,611,15,62,23,40,101,79,34
121,40,32,7,9,2,0,1,7,5,0,6,1,2,0,0,1,2,0,1979,1979-08-17,4698,4151,577,1100,167,20,141,560,444,49,617,16,64,23,40,102,81,34
122,35,34,5,8,2,0,2,5,0,0,8,0,0,1,0,0,0,0,1979,1979-08-18,4733,4185,582,1108,169,20,143,565,444,49,625,16,64,24,40,102,81,34
123,31,29,0,4,0,0,0,0,2,0,3,0,0,0,0,1,0,1,1979,1979-08-19,4764,4214,582,1112,169,20,143,565,446,49,628,16,64,24,40,103,81,35
124,36,32,1,9,2,0,1,1,3,1,5,0,1,0,0,3,0,0,1979,1979-08-20,4800,4246,583,1121,171,20,144,566,449,50,633,16,65,24,40,106,81,35
125,40,34,4,7,2,0,2,4,4,2,4,1,1,0,3,0,0,1,1979,1979-08-21,4840,4280,587,1128,173,20,146,570,453,52,637,17,66,24,43,106,81,36
126,42,37,7,9,3,1,1,7,4,2,5,0,1,0,2,0,0,0,1979,1979-08-22,4882,4317,594,1137,176,21,147,577,457,54,642,17,67,24,45,106,81,36
127,40,35,5,10,0,0,1,5,4,0,8,0,0,1,0,1,2,0,1979,1979-08-24,4922,4352,599,1147,176,21,148,582,461,54,650,17,67,25,45,107,83,36
128,36,31,4,5,0,0,3,4,4,0,6,0,1,0,0,0,1,0,1979,1979-08-25,4958,4383,603,1152,176,21,151,586,465,54,656,17,68,25,45,107,84,36
129,33,32,4,10,1,0,2,4,1,0,4,0,0,0,0,2,2,0,1979,1979-08-26,4991,4415,607,1162,177,21,153,590,466,54,660,17,68,25,45,109,86,36
130,36,33,4,9,1,0,1,4,2,0,3,0,1,0,0,1,0,0,1979,1979-08-27,5027,4448,611,1171,178,21,154,594,468,54,663,17,69,25,45,110,86,36
131,30,30,1,4,0,0,1,1,0,0,3,0,0,0,1,1,0,0,1979,1979-08-28,5057,4478,612,1175,178,21,155,595,468,54,666,17,69,25,46,111,86,36
132,37,33,1,7,2,0,1,1,2,0,9,1,1,0,0,0,1,0,1979,1979-08-29,5094,4511,613,1182,180,21,156,596,470,54,675,18,70,25,46,111,87,36
133,34,30,1,6,0,0,1,1,3,1,7,0,1,0,0,1,1,1,1979,1979-08-30,5128,4541,614,1188,180,21,157,597,473,55,682,18,71,25,46,112,88,37
134,33,28,6,7,0,0,4,6,2,0,7,1,2,0,0,0,0,1,1979,1979-08-31,5161,4569,620,1195,180,21,161,603,475,55,689,19,73,25,46,112,88,38
135,33,29,5,6,1,0,0,3,4,0,1,0,0,0,1,2,1,0,1979,1979-09-01,5194,4598,625,1201,181,21,161,606,479,55,690,19,73,25,47,114,89,38
136,37,32,6,8,1,0,1,6,3,0,11,0,2,0,0,0,0,0,1979,1979-09-02,5231,4630,631,1209,182,21,162,612,482,55,701,19,75,25,47,114,89,38
137,32,29,1,5,0,1,0,1,3,0,2,0,0,0,0,1,0,0,1979,1979-09-03,5263,4659,632,1214,182,22,162,613,485,55,703,19,75,25,47,115,89,38
138,37,33,4,9,0,0,1,4,2,0,6,0,1,1,1,2,0,0,1979,1979-09-04,5300,4692,636,1223,182,22,163,617,487,55,709,19,76,26,48,117,89,38
139,41,37,5,12,3,0,0,3,2,0,4,1,0,1,0,3,1,0,1979,1979-09-05,5341,4729,641,1235,185,22,163,620,489,55,713,20,76,27,48,120,90,38
140,36,33,2,9,2,0,0,1,3,0,5,0,0,0,0,3,1,0,1979,1979-09-06,5377,4762,643,1244,187,22,163,621,492,55,718,20,76,27,48,123,91,38
141,45,34,6,11,2,0,1,5,7,2,5,1,1,2,0,1,1,0,1979,1979-09-07,5422,4796,649,1255,189,22,164,626,499,57,723,21,77,29,48,124,92,38
142,37,31,1,6,1,0,0,1,6,0,2,0,0,0,1,3,0,0,1979,1979-09-08,5459,4827,650,1261,190,22,164,627,505,57,725,21,77,29,49,127,92,38
143,35,30,3,7,3,0,1,3,2,0,7,1,0,2,0,2,0,0,1979,1979-09-09,5494,4857,653,1268,193,22,165,630,507,57,732,22,77,31,49,129,92,38
144,34,31,1,6,0,0,1,1,2,0,2,0,1,0,1,0,0,2,1979,1979-09-11,5528,4888,654,1274,193,22,166,631,509,57,734,22,78,31,50,129,92,40
145,36,34,5,11,3,1,0,4,2,0,5,0,0,0,0,1,1,0,1979,1979-09-12,5564,4922,659,1285,196,23,166,635,511,57,739,22,78,31,50,130,93,40
146,37,31,8,11,3,0,1,8,4,0,3,0,0,2,0,1,0,0,1979,1979-09-13,5601,4953,667,1296,199,23,167,643,515,57,742,22,78,33,50,131,93,40
147,35,31,2,8,0,0,0,2,4,1,3,0,0,0,2,2,1,1,1979,1979-09-14,5636,4984,669,1304,199,23,167,645,519,58,745,22,78,33,52,133,94,41
148,33,32,1,6,1,0,1,1,1,0,7,0,0,0,0,0,0,1,1979,1979-09-15,5669,5016,670,1310,200,23,168,646,520,58,752,22,78,33,52,133,94,42
149,29,27,0,3,0,0,0,0,2,0,4,0,0,0,0,3,0,0,1979,1979-09-16,5698,5043,670,1313,200,23,168,646,522,58,756,22,78,33,52,136,94,42
150,38,35,9,11,1,0,4,8,1,0,5,1,1,0,1,0,1,0,1979,1979-09-17,5736,5078,679,1324,201,23,172,654,523,58,761,23,79,33,53,136,95,42
151,36,34,6,12,2,0,0,6,1,0,5,0,1,0,0,0,0,0,1979,1979-09-18,5772,5112,685,1336,203,23,172,660,524,58,766,23,80,33,53,136,95,42
152,38,36,7,13,1,0,1,7,2,1,3,0,0,0,0,0,0,1,1979,1979-09-19,5810,5148,692,1349,204,23,173,667,526,59,769,23,80,33,53,136,95,43
153,34,29,3,6,3,0,0,3,4,0,4,0,0,1,0,0,3,0,1979,1979-09-20,5844,5177,695,1355,207,23,173,670,530,59,773,23,80,34,53,136,98,43
154,32,28,1,4,0,0,0,1,4,0,7,0,0,0,0,3,1,0,1979,1979-09-21,5876,5205,696,1359,207,23,173,671,534,59,780,23,80,34,53,139,99,43
155,40,37,8,13,0,1,3,8,3,0,5,0,0,0,0,1,1,1,1979,1979-09-22,5916,5242,704,1372,207,24,176,679,537,59,785,23,80,34,53,140,100,44
156,38,34,5,10,1,0,2,4,1,1,5,0,2,1,3,2,1,0,1979,1979-09-23,5954,5276,709,1382,208,24,178,683,538,60,790,23,82,35,56,142,101,44
157,45,43,11,14,6,0,2,11,2,0,9,0,0,0,2,0,1,0,1979,1979-09-25,5999,5319,720,1396,214,24,180,694,540,60,799,23,82,35,58,142,102,44
158,49,42,8,16,3,0,0,8,7,2,9,0,0,0,0,1,1,0,1979,1979-09-26,6048,5361,728,1412,217,24,180,702,547,62,808,23,82,35,58,143,103,44
159,37,29,3,8,1,0,1,3,6,0,6,0,1,1,0,1,0,2,1979,1979-09-27,6085,5390,731,1420,218,24,181,705,553,62,814,23,83,36,58,144,103,46
160,33,32,6,8,1,0,2,6,1,0,3,0,0,0,0,0,1,0,1979,1979-09-28,6118,5422,737,1428,219,24,183,711,554,62,817,23,83,36,58,144,104,46
161,33,31,0,5,1,0,0,0,2,0,11,0,0,0,1,1,1,0,1979,1979-09-29,6151,5453,737,1433,220,24,183,711,556,62,828,23,83,36,59,145,105,46
162,37,37,2,10,0,0,0,2,0,0,6,0,0,0,0,0,1,0,1979,1979-09-30,6188,5490,739,1443,220,24,183,713,556,62,834,23,83,36,59,145,106,46
1,45,38,13,14,2,0,2,12,5,2,5,0,2,0,2,0,4,1,1978,1978-04-07,45,38,13,14,2,0,2,12,5,2,5,0,2,0,2,0,4,1
2,44,39,6,15,2,0,1,6,4,0,4,0,1,0,0,1,0,0,1978,1978-04-08,89,77,19,29,4,0,3,18,9,2,9,0,3,0,2,1,4,1
3,40,39,7,13,1,0,1,6,1,0,1,0,0,0,1,1,0,0,1978,1978-04-09,129,116,26,42,5,0,4,24,10,2,10,0,3,0,3,2,4,1
4,43,34,5,8,1,1,1,5,8,1,3,0,1,0,1,1,0,0,1978,1978-04-10,172,150,31,50,6,1,5,29,18,3,13,0,4,0,4,3,4,1
5,33,28,0,2,1,0,0,0,4,0,8,0,1,0,0,0,0,0,1978,1978-04-11,205,178,31,52,7,1,5,29,22,3,21,0,5,0,4,3,4,1
6,47,40,10,14,4,0,1,10,6,0,2,0,0,1,0,0,1,0,1978,1978-04-12,252,218,41,66,11,1,6,39,28,3,23,0,5,1,4,3,5,1
7,34,31,5,9,2,0,1,5,2,0,0,0,1,0,0,0,2,1,1978,1978-04-14,286,249,46,75,13,1,7,44,30,3,23,0,6,1,4,3,7,2
8,42,33,8,10,2,0,0,8,9,1,5,0,0,0,1,1,1,0,1978,1978-04-16,328,282,54,85,15,1,7,52,39,4,28,0,6,1,5,4,8,2
9,36,32,2,5,0,0,1,1,4,0,11,0,0,0,1,1,0,0,1978,1978-04-17,364,314,56,90,15,1,8,53,43,4,39,0,6,1,6,5,8,2
10,38,37,3,9,2,0,1,3,1,0,1,0,0,0,2,1,0,0,1978,1978-04-18,402,351,59,99,17,1,9,56,44,4,40,0,6,1,8,6,8,2
11,35,34,5,13,1,0,3,5,1,0,1,0,0,0,0,1,0,1,1978,1978-04-19,437,385,64,112,18,1,12,61,45,4,41,0,6,1,8,7,8,3
12,38,34,5,10,4,0,0,5,3,1,3,0,1,0,1,0,1,0,1978,1978-04-20,475,419,69,122,22,1,12,66,48,5,44,0,7,1,9,7,9,3
13,40,31,6,11,0,0,2,6,6,0,6,0,2,1,1,2,0,1,1978,1978-04-21,515,450,75,133,22,1,14,72,54,5,50,0,9,2,10,9,9,4
14,38,26,5,6,0,0,1,5,9,0,0,0,2,1,0,1,0,0,1978,1978-04-22,553,476,80,139,22,1,15,77,63,5,50,0,11,3,10,10,9,4
15,41,34,7,12,1,0,1,7,4,0,1,0,1,2,1,0,1,0,1978,1978-04-23,594,510,87,151,23,1,16,84,67,5,51,0,12,5,11,10,10,4
16,35,32,4,7,0,0,1,4,1,0,6,0,1,1,0,0,0,0,1978,1978-04-25,629,542,91,158,23,1,17,88,68,5,57,0,13,6,11,10,10,4
17,49,43,14,19,4,0,3,14,4,2,11,0,0,2,0,0,0,0,1978,1978-04-26,678,585,105,177,27,1,20,102,72,7,68,0,13,8,11,10,10,4
18,45,40,7,13,3,0,1,6,5,2,8,0,0,0,2,1,1,1,1978,1978-04-28,723,625,112,190,30,1,21,108,77,9,76,0,13,8,13,11,11,5
19,32,30,0,4,0,0,0,0,2,0,2,0,0,0,0,1,0,0,1978,1978-04-29,755,655,112,194,30,1,21,108,79,9,78,0,13,8,13,12,11,5
20,34,29,0,4,1,0,0,0,3,0,5,2,0,0,0,2,5,0,1978,1978-04-30,789,684,112,198,31,1,21,108,82,9,83,2,13,8,13,14,16,5
21,42,37,4,9,3,0,1,4,5,1,6,0,0,0,0,2,1,0,1978,1978-05-02,831,721,116,207,34,1,22,112,87,10,89,2,13,8,13,16,17,5
22,51,39,9,15,3,2,1,9,7,2,2,1,3,1,1,0,2,0,1978,1978-05-03,882,760,125,222,37,3,23,121,94,12,91,3,16,9,14,16,19,5
23,40,33,4,10,1,1,1,3,4,0,4,0,2,1,2,3,0,0,1978,1978-05-04,922,793,129,232,38,4,24,124,98,12,95,3,18,10,16,19,19,5
24,40,34,7,13,2,0,1,6,1,0,3,1,2,2,0,0,1,0,1978,1978-05-05,962,827,136,245,40,4,25,130,99,12,98,4,20,12,16,19,20,5
25,35,35,2,8,1,0,1,2,0,0,6,0,0,0,0,0,0,0,1978,1978-05-06,997,862,138,253,41,4,26,132,99,12,104,4,20,12,16,19,20,5
26,40,32,4,6,2,0,1,4,8,0,6,0,0,0,1,2,0,0,1978,1978-05-07,1037,894,142,259,43,4,27,136,107,12,110,4,20,12,17,21,20,5
27,34,29,3,8,2,0,1,3,2,0,7,0,2,1,0,1,0,0,1978,1978-05-09,1071,923,145,267,45,4,28,139,109,12,117,4,22,13,17,22,20,5
28,38,34,5,10,3,0,0,5,4,0,10,0,0,0,0,2,0,1,1978,1978-05-10,1109,957,150,277,48,4,28,144,113,12,127,4,22,13,17,24,20,6
29,32,27,0,3,1,0,0,0,3,0,4,0,2,0,0,1,0,0,1978,1978-05-11,1141,984,150,280,49,4,28,144,116,12,131,4,24,13,17,25,20,6
30,45,39,7,10,4,0,1,7,6,1,7,0,0,0,2,0,0,0,1978,1978-05-12,1186,1023,157,290,53,4,29,151,122,13,138,4,24,13,19,25,20,6
31,40,28,5,7,3,0,0,4,10,3,5,0,1,1,0,0,3,1,1978,1978-05-13,1226,1051,162,297,56,4,29,155,132,16,143,4,25,14,19,25,23,7
32,67,60,7,16,2,0,0,6,6,1,10,0,1,0,1,1,1,0,1978,1978-05-14,1293,1111,169,313,58,4,29,161,138,17,153,4,26,14,20,26,24,7
33,39,37,7,12,4,0,1,7,2,0,9,0,0,0,0,0,2,0,1978,1978-05-15,1332,1148,176,325,62,4,30,168,140,17,162,4,26,14,20,26,26,7
34,34,32,3,10,3,0,0,2,2,0,5,0,0,0,1,2,0,1,1978,1978-05-16,1366,1180,179,335,65,4,30,170,142,17,167,4,26,14,21,28,26,8
35,39,30,10,11,1,0,3,10,7,0,2,0,2,0,1,2,0,1,1978,1978-05-17,1405,1210,189,346,66,4,33,180,149,17,169,4,28,14,22,30,26,9
36,37,35,7,9,2,0,2,7,1,0,11,0,1,0,0,0,1,0,1978,1978-05-19,1442,1245,196,355,68,4,35,187,150,17,180,4,29,14,22,30,27,9
37,38,34,3,7,2,0,1,2,2,2,1,1,1,0,3,0,1,0,1978,1978-05-20,1480,1279,199,362,70,4,36,189,152,19,181,5,30,14,25,30,28,9
38,38,34,4,11,1,0,2,4,3,0,4,0,1,0,1,0,1,1,1978,1978-05-21,1518,1313,203,373,71,4,38,193,155,19,185,5,31,14,26,30,29,10
39,48,36,8,9,4,0,0,6,10,3,6,0,2,0,2,0,1,1,1978,1978-05-22,1566,1349,211,382,75,4,38,199,165,22,191,5,33,14,28,30,30,11
40,33,32,2,8,3,1,0,2,1,1,2,0,0,0,0,0,0,1,1978,1978-05-23,1599,1381,213,390,78,5,38,201,166,23,193,5,33,14,28,30,30,12
41,41,38,3,11,2,1,0,3,3,0,12,0,0,0,0,0,0,0,1978,1978-05-24,1640,1419,216,401,80,6,38,204,169,23,205,5,33,14,28,30,30,12
42,33,31,1,6,1,0,1,1,2,0,2,0,0,0,0,2,1,0,1978,1978-05-26,1673,1450,217,407,81,6,39,205,171,23,207,5,33,14,28,32,31,12
43,37,32,3,9,3,0,0,2,3,0,5,0,1,1,0,2,1,0,1978,1978-05-27,1710,1482,220,416,84,6,39,207,174,23,212,5,34,15,28,34,32,12
44,40,36,5,10,3,0,1,5,4,1,4,0,0,0,2,0,0,2,1978,1978-05-28,1750,1518,225,426,87,6,40,212,178,24,216,5,34,15,30,34,32,14
45,38,32,9,11,1,1,1,8,5,0,6,0,1,0,1,1,1,0,1978,1978-05-29,1788,1550,234,437,88,7,41,220,183,24,222,5,35,15,31,35,33,14
46,39,35,10,13,3,0,2,10,3,0,3,0,0,1,1,0,0,0,1978,1978-05-30,1827,1585,244,450,91,7,43,230,186,24,225,5,35,16,32,35,33,14
47,36,34,1,8,0,0,0,1,1,0,7,0,1,0,0,0,0,0,1978,1978-05-31,1863,1619,245,458,91,7,43,231,187,24,232,5,36,16,32,35,33,14
48,38,36,2,11,1,0,2,2,2,0,5,0,0,0,0,2,0,0,1978,1978-06-02,1901,1655,247,469,92,7,45,233,189,24,237,5,36,16,32,37,33,14
49,32,27,1,2,1,1,0,1,3,0,4,0,1,1,0,0,1,0,1978,1978-06-03,1933,1682,248,471,93,8,45,234,192,24,241,5,37,17,32,37,34,14
50,36,35,4,8,2,1,0,3,1,1,2,0,0,0,1,1,2,0,1978,1978-06-04,1969,1717,252,479,95,9,45,237,193,25,243,5,37,17,33,38,36,14
51,38,37,8,9,2,0,1,8,1,0,7,0,0,0,1,0,2,0,1978,1978-06-05,2007,1754,260,488,97,9,46,245,194,25,250,5,37,17,34,38,38,14
52,42,32,8,9,2,1,1,8,7,2,2,0,2,1,0,0,0,0,1978,1978-06-06,2049,1786,268,497,99,10,47,253,201,27,252,5,39,18,34,38,38,14
53,33,30,2,3,0,0,1,2,3,0,6,0,0,0,0,0,1,0,1978,1978-06-07,2082,1816,270,500,99,10,48,255,204,27,258,5,39,18,34,38,39,14
54,29,29,1,1,0,0,1,1,0,0,6,0,0,0,1,0,0,0,1978,1978-06-08,2111,1845,271,501,99,10,49,256,204,27,264,5,39,18,35,38,39,14
55,48,37,9,10,2,0,1,6,10,0,2,0,1,0,2,0,1,1,1978,1978-06-09,2159,1882,280,511,101,10,50,262,214,27,266,5,40,18,37,38,40,15
56,44,39,5,13,2,0,1,5,3,1,6,1,1,0,0,0,3,0,1978,1978-06-10,2203,1921,285,524,103,10,51,267,217,28,272,6,41,18,37,38,43,15
57,47,44,11,21,3,0,1,10,1,0,2,0,2,0,1,0,4,1,1978,1978-06-11,2250,1965,296,545,106,10,52,277,218,28,274,6,43,18,38,38,47,16
58,35,33,6,11,1,0,2,6,1,0,7,1,0,0,0,2,0,0,1978,1978-06-12,2285,1998,302,556,107,10,54,283,219,28,281,7,43,18,38,40,47,16
59,31,30,5,6,1,0,2,5,1,0,3,0,0,0,2,0,0,1,1978,1978-06-13,2316,2028,307,562,108,10,56,288,220,28,284,7,43,18,40,40,47,17
60,34,28,5,6,1,1,2,5,4,1,8,0,2,0,0,0,0,0,1978,1978-06-14,2350,2056,312,568,109,11,58,293,224,29,292,7,45,18,40,40,47,17
61,36,30,3,8,0,0,0,3,6,0,2,0,0,0,0,1,1,1,1978,1978-06-15,2386,2086,315,576,109,11,58,296,230,29,294,7,45,18,40,41,48,18
62,33,31,2,10,1,0,1,2,1,0,5,0,1,0,0,0,0,1,1978,1978-06-16,2419,2117,317,586,110,11,59,298,231,29,299,7,46,18,40,41,48,19
63,43,33,3,8,2,0,0,3,8,0,3,1,0,1,0,1,0,0,1978,1978-06-17,2462,2150,320,594,112,11,59,301,239,29,302,8,46,19,40,42,48,19
64,39,29,5,8,1,1,0,4,7,0,1,0,1,2,0,0,5,0,1978,1978-06-18,2501,2179,325,602,113,12,59,305,246,29,303,8,47,21,40,42,53,19
65,40,34,3,8,3,1,0,3,6,0,7,0,0,0,0,1,0,0,1978,1978-06-20,2541,2213,328,610,116,13,59,308,252,29,310,8,47,21,40,43,53,19
66,45,41,5,14,3,0,1,5,3,0,8,0,1,0,0,0,0,3,1978,1978-06-21,2586,2254,333,624,119,13,60,313,255,29,318,8,48,21,40,43,53,22
67,37,30,3,6,0,0,1,3,5,0,6,0,1,1,1,0,1,1,1978,1978-06-22,2623,2284,336,630,119,13,61,316,260,29,324,8,49,22,41,43,54,23
68,33,29,1,7,1,0,1,1,2,0,1,0,2,0,1,1,0,0,1978,1978-06-23,2656,2313,337,637,120,13,62,317,262,29,325,8,51,22,42,44,54,23
69,35,32,4,9,2,0,0,4,3,1,7,0,0,0,0,0,0,1,1978,1978-06-24,2691,2345,341,646,122,13,62,321,265,30,332,8,51,22,42,44,54,24
70,38,33,4,8,2,0,1,4,4,0,4,0,0,1,0,0,0,0,1978,1978-06-25,2729,2378,345,654,124,13,63,325,269,30,336,8,51,23,42,44,54,24
71,33,30,2,5,1,0,1,2,2,0,4,0,0,1,0,1,0,0,1978,1978-06-26,2762,2408,347,659,125,13,64,327,271,30,340,8,51,24,42,45,54,24
72,39,36,3,9,1,0,1,3,3,1,5,0,0,0,0,0,0,0,1978,1978-06-27,2801,2444,350,668,126,13,65,330,274,31,345,8,51,24,42,45,54,24
73,35,28,3,3,0,0,1,3,5,1,7,1,1,0,0,1,1,0,1978,1978-06-28,2836,2472,353,671,126,13,66,333,279,32,352,9,52,24,42,46,55,24
74,39,32,7,9,1,0,0,7,6,0,4,0,1,0,0,1,2,0,1978,1978-06-29,2875,2504,360,680,127,13,66,340,285,32,356,9,53,24,42,47,57,24
75,36,33,5,8,1,0,3,5,3,0,8,0,0,0,0,1,0,0,1978,,2911,2537,365,688,128,13,69,345,288,32,364,9,53,24,42,48,57,24
76,36,30,5,7,2,0,1,5,3,0,7,0,1,2,0,0,1,0,1978,,2947,2567,370,695,130,13,70,350,291,32,371,9,54,26,42,48,58,24
77,34,32,2,6,1,0,1,2,2,0,9,0,0,0,1,1,0,0,1978,1978-07-01,2981,2599,372,701,131,13,71,352,293,32,380,9,54,26,43,49,58,24
78,42,38,6,14,8,1,0,6,4,0,8,0,0,0,1,2,0,1,1978,1978-07-02,3023,2637,378,715,139,14,71,358,297,32,388,9,54,26,44,51,58,25
79,41,36,2,9,0,0,0,2,5,0,7,0,0,0,1,0,1,0,1978,1978-07-03,3064,2673,380,724,139,14,71,360,302,32,395,9,54,26,45,51,59,25
80,36,32,4,9,4,0,0,4,2,1,6,1,1,0,0,0,2,0,1978,1978-07-04,3100,2705,384,733,143,14,71,364,304,33,401,10,55,26,45,51,61,25
81,41,32,8,8,2,0,2,7,7,0,3,0,2,0,0,1,2,0,1978,1978-07-05,3141,2737,392,741,145,14,73,371,311,33,404,10,57,26,45,52,63,25
82,46,41,5,10,0,0,1,5,3,1,10,0,2,0,2,0,3,0,1978,1978-07-06,3187,2778,397,751,145,14,74,376,314,34,414,10,59,26,47,52,66,25
83,45,38,7,13,3,0,2,7,5,1,3,1,1,0,0,1,0,0,1978,1978-07-07,3232,2816,404,764,148,14,76,383,319,35,417,11,60,26,47,53,66,25
84,46,39,7,14,3,1,1,5,5,0,7,0,2,0,2,1,2,0,1978,,3278,2855,411,778,151,15,77,388,324,35,424,11,62,26,49,54,68,25
85,38,33,7,7,1,0,0,6,2,0,7,0,1,2,2,0,0,0,1978,,3316,2888,418,785,152,15,77,394,326,35,431,11,63,28,51,54,68,25
86,39,33,1,4,1,0,0,1,6,0,12,0,0,0,2,0,1,0,1978,1978-07-09,3355,2921,419,789,153,15,77,395,332,35,443,11,63,28,53,54,69,25
87,33,32,1,5,0,0,0,1,1,0,4,0,0,0,1,1,0,0,1978,1978-07-13,3388,2953,420,794,153,15,77,396,333,35,447,11,63,28,54,55,69,25
88,30,29,1,3,0,0,1,1,1,0,8,0,0,0,0,0,0,1,1978,1978-07-14,3418,2982,421,797,153,15,78,397,334,35,455,11,63,28,54,55,69,26
89,33,31,2,4,1,0,0,2,2,0,6,0,0,0,0,0,2,0,1978,1978-07-15,3451,3013,423,801,154,15,78,399,336,35,461,11,63,28,54,55,71,26
90,34,30,2,6,2,0,0,1,3,0,5,0,1,0,0,2,0,0,1978,,3485,3043,425,807,156,15,78,400,339,35,466,11,64,28,54,57,71,26
91,42,34,5,10,2,1,1,5,7,1,8,0,1,0,1,1,1,1,1978,,3527,3077,430,817,158,16,79,405,346,36,474,11,65,28,55,58,72,27
92,35,33,4,10,1,0,2,4,0,0,3,0,1,1,0,1,0,1,1978,1978-07-17,3562,3110,434,827,159,16,81,409,346,36,477,11,66,29,55,59,72,28
93,44,35,7,11,1,0,2,7,6,0,8,0,2,1,1,1,1,0,1978,1978-07-18,3606,3145,441,838,160,16,83,416,352,36,485,11,68,30,56,60,73,28
94,38,34,3,9,1,1,1,3,4,0,4,0,0,0,0,1,3,0,1978,1978-07-19,3644,3179,444,847,161,17,84,419,356,36,489,11,68,30,56,61,76,28
95,43,36,6,10,0,0,1,4,5,0,7,0,1,1,1,2,3,0,1978,1978-07-20,3687,3215,450,857,161,17,85,423,361,36,496,11,69,31,57,63,79,28
96,35,28,7,8,1,1,2,6,6,0,1,0,0,1,0,1,1,2,1978,1978-07-21,3722,3243,457,865,162,18,87,429,367,36,497,11,69,32,57,64,80,30
97,39,32,4,11,3,0,1,4,6,2,5,0,1,0,0,2,0,0,1978,1978-07-22,3761,3275,461,876,165,18,88,433,373,38,502,11,70,32,57,66,80,30
98,37,29,0,3,0,0,0,0,7,0,6,0,1,0,1,0,2,1,1978,1978-07-23,3798,3304,461,879,165,18,88,433,380,38,508,11,71,32,58,66,82,31
99,37,31,3,5,1,0,1,3,4,2,4,1,1,0,1,0,4,1,1978,1978-07-24,3835,3335,464,884,166,18,89,436,384,40,512,12,72,32,59,66,86,32
100,33,31,3,7,2,0,1,3,2,0,5,0,0,0,2,2,1,0,1978,1978-07-25,3868,3366,467,891,168,18,90,439,386,40,517,12,72,32,61,68,87,32
101,40,30,8,8,2,0,2,8,9,0,4,0,1,0,0,0,0,0,1978,1978-07-26,3908,3396,475,899,170,18,92,447,395,40,521,12,73,32,61,68,87,32
102,40,35,7,12,2,0,0,7,5,0,5,0,0,0,0,1,1,0,1978,1978-07-28,3948,3431,482,911,172,18,92,454,400,40,526,12,73,32,61,69,88,32
103,35,27,2,4,0,0,0,2,6,1,2,0,2,0,1,0,0,0,1978,1978-07-29,3983,3458,484,915,172,18,92,456,406,41,528,12,75,32,62,69,88,32
104,42,38,3,10,1,0,1,3,4,0,3,0,0,0,1,0,1,0,1978,1978-07-30,4025,3496,487,925,173,18,93,459,410,41,531,12,75,32,63,69,89,32
105,36,33,3,7,1,0,1,3,3,0,3,0,0,0,0,1,3,0,1978,1978-07-31,4061,3529,490,932,174,18,94,462,413,41,534,12,75,32,63,70,92,32
106,32,31,0,7,1,0,0,0,1,0,3,0,0,0,0,1,1,2,1978,1978-08-01,4093,3560,490,939,175,18,94,462,414,41,537,12,75,32,63,71,93,34
107,34,32,1,6,1,0,0,1,2,0,7,0,0,0,0,1,1,0,1978,1978-08-02,4127,3592,491,945,176,18,94,463,416,41,544,12,75,32,63,72,94,34
108,38,38,4,12,2,1,1,4,0,0,3,0,0,0,1,2,1,0,1978,1978-08-03,4165,3630,495,957,178,19,95,467,416,41,547,12,75,32,64,74,95,34
109,31,29,1,2,1,0,1,1,2,0,5,0,0,0,0,0,0,0,1978,1978-08-04,4196,3659,496,959,179,19,96,468,418,41,552,12,75,32,64,74,95,34
110,35,31,2,5,1,0,0,2,3,1,4,0,1,0,0,0,0,0,1978,1978-08-05,4231,3690,498,964,180,19,96,470,421,42,556,12,76,32,64,74,95,34
111,38,34,5,7,3,0,1,5,4,1,7,0,0,0,0,0,1,0,1978,1978-08-06,4269,3724,503,971,183,19,97,475,425,43,563,12,76,32,64,74,96,34
112,34,28,3,6,1,0,2,3,5,0,4,0,1,0,0,0,0,0,1978,1978-08-07,4303,3752,506,977,184,19,99,478,430,43,567,12,77,32,64,74,96,34
113,32,32,3,8,1,0,2,3,0,0,5,0,0,0,2,0,0,1,1978,1978-08-08,4335,3784,509,985,185,19,101,481,430,43,572,12,77,32,66,74,96,35
114,34,32,3,8,2,0,1,3,2,1,3,0,0,0,0,0,1,0,1978,1978-08-09,4369,3816,512,993,187,19,102,484,432,44,575,12,77,32,66,74,97,35
115,46,39,12,16,1,1,2,11,6,1,5,0,1,0,2,2,0,0,1978,1978-08-10,4415,3855,524,1009,188,20,104,495,438,45,580,12,78,32,68,76,97,35
116,38,34,4,9,1,0,1,4,2,0,4,1,1,0,0,0,2,0,1978,1978-08-11,4453,3889,528,1018,189,20,105,499,440,45,584,13,79,32,68,76,99,35
117,36,34,2,7,0,0,1,2,2,0,4,0,0,0,0,0,1,0,1978,1978-08-12,4489,3923,530,1025,189,20,106,501,442,45,588,13,79,32,68,76,100,35
118,51,49,6,16,0,0,3,5,2,0,9,0,0,0,1,1,0,0,1978,1978-08-13,4540,3972,536,1041,189,20,109,506,444,45,597,13,79,32,69,77,100,35
119,40,33,5,10,2,1,2,5,3,1,3,0,3,1,0,0,0,0,1978,1978-08-15,4580,4005,541,1051,191,21,111,511,447,46,600,13,82,33,69,77,100,35
120,36,32,5,6,1,0,1,5,3,2,6,0,1,0,0,0,1,0,1978,1978-08-16,4616,4037,546,1057,192,21,112,516,450,48,606,13,83,33,69,77,101,35
121,37,29,5,4,0,1,0,4,6,2,5,0,2,0,0,0,4,0,1978,1978-08-17,4653,4066,551,1061,192,22,112,520,456,50,611,13,85,33,69,77,105,35
122,45,38,7,11,2,0,1,7,7,1,6,0,0,0,2,0,1,1,1978,1978-08-18,4698,4104,558,1072,194,22,113,527,463,51,617,13,85,33,71,77,106,36
123,40,31,4,8,2,0,1,3,7,1,9,0,1,1,0,0,2,0,1978,1978-08-19,4738,4135,562,1080,196,22,114,530,470,52,626,13,86,34,71,77,108,36
124,36,34,5,9,1,0,1,5,1,0,12,0,0,1,0,0,0,0,1978,1978-08-20,4774,4169,567,1089,197,22,115,535,471,52,638,13,86,35,71,77,108,36
125,34,34,2,8,1,0,0,2,0,0,1,0,0,0,0,0,0,0,1978,1978-08-21,4808,4203,569,1097,198,22,115,537,471,52,639,13,86,35,71,77,108,36
126,37,32,4,8,3,0,0,2,3,0,5,0,2,0,2,0,0,2,1978,1978-08-23,4845,4235,573,1105,201,22,115,539,474,52,644,13,88,35,73,77,108,38
127,38,36,5,14,4,0,0,5,1,0,6,1,0,0,1,1,0,1,1978,1978-08-24,4883,4271,578,1119,205,22,115,544,475,52,650,14,88,35,74,78,108,39
128,44,39,6,16,1,0,2,6,2,0,3,1,1,1,0,1,3,0,1978,1978-08-25,4927,4310,584,1135,206,22,117,550,477,52,653,15,89,36,74,79,111,39
129,33,29,1,4,1,0,0,1,4,0,2,0,0,0,1,2,0,0,1978,1978-08-26,4960,4339,585,1139,207,22,117,551,481,52,655,15,89,36,75,81,111,39
130,36,35,3,10,3,0,0,3,1,0,5,0,0,0,0,0,1,1,1978,1978-08-27,4996,4374,588,1149,210,22,117,554,482,52,660,15,89,36,75,81,112,40
131,36,34,4,9,2,0,2,4,1,0,3,0,1,0,2,0,0,0,1978,1978-08-28,5032,4408,592,1158,212,22,119,558,483,52,663,15,90,36,77,81,112,40
132,36,30,4,7,1,0,1,4,5,0,5,0,0,1,0,0,1,0,1978,1978-08-29,5068,4438,596,1165,213,22,120,562,488,52,668,15,90,37,77,81,113,40
133,40,34,4,10,0,0,2,4,5,1,3,0,1,0,0,1,0,0,1978,1978-08-30,5108,4472,600,1175,213,22,122,566,493,53,671,15,91,37,77,82,113,40
134,51,41,4,12,1,0,0,4,7,2,6,0,2,1,0,1,0,1,1978,1978-09-01,5159,4513,604,1187,214,22,122,570,500,55,677,15,93,38,77,83,113,41
135,33,27,3,8,3,0,0,3,2,1,3,0,2,2,0,1,1,0,1978,,5192,4540,607,1195,217,22,122,573,502,56,680,15,95,40,77,84,114,41
136,37,36,3,9,1,0,1,3,1,0,3,0,0,0,1,0,1,1,1978,,5229,4576,610,1204,218,22,123,576,503,56,683,15,95,40,78,84,115,42
137,38,33,5,9,1,0,2,5,4,0,2,0,0,1,1,3,0,0,1978,1978-09-03,5267,4609,615,1213,219,22,125,581,507,56,685,15,95,41,79,87,115,42
138,38,34,5,11,2,0,1,4,4,0,6,0,0,0,0,0,1,1,1978,1978-09-04,5305,4643,620,1224,221,22,126,585,511,56,691,15,95,41,79,87,116,43
139,39,32,9,13,2,0,2,9,6,1,0,0,1,0,0,2,1,0,1978,1978-09-06,5344,4675,629,1237,223,22,128,594,517,57,691,15,96,41,79,89,117,43
140,40,34,3,11,2,0,1,3,3,0,4,1,1,1,0,1,1,1,1978,1978-09-07,5384,4709,632,1248,225,22,129,597,520,57,695,16,97,42,79,90,118,44
141,29,28,0,2,0,0,0,0,1,0,5,0,0,0,0,1,0,0,1978,1978-09-08,5413,4737,632,1250,225,22,129,597,521,57,700,16,97,42,79,91,118,44
142,39,34,4,8,0,0,1,3,5,1,5,0,0,0,0,1,1,0,1978,1978-09-09,5452,4771,636,1258,225,22,130,600,526,58,705,16,97,42,79,92,119,44
143,50,40,11,16,1,0,3,11,8,0,3,0,2,0,0,0,1,1,1978,1978-09-10,5502,4811,647,1274,226,22,133,611,534,58,708,16,99,42,79,92,120,45
144,39,34,7,9,2,1,2,7,5,0,6,0,0,0,0,2,1,0,1978,1978-09-11,5541,4845,654,1283,228,23,135,618,539,58,714,16,99,42,79,94,121,45
145,38,33,8,6,2,0,1,8,4,1,5,1,0,0,0,0,2,0,1978,1978-09-12,5579,4878,662,1289,230,23,136,626,543,59,719,17,99,42,79,94,123,45
146,37,34,6,12,1,0,1,6,1,1,4,0,1,1,0,0,1,0,1978,1978-09-13,5616,4912,668,1301,231,23,137,632,544,60,723,17,100,43,79,94,124,45
147,32,27,2,5,1,0,2,2,3,0,6,1,1,0,0,0,0,1,1978,1978-09-14,5648,4939,670,1306,232,23,139,634,547,60,729,18,101,43,79,94,124,46
148,36,28,5,6,0,1,1,4,6,2,4,0,1,1,1,0,3,1,1978,1978-09-15,5684,4967,675,1312,232,24,140,638,553,62,733,18,102,44,80,94,127,47
149,34,28,2,4,1,0,0,2,6,2,2,0,0,0,0,0,1,0,1978,1978-09-16,5718,4995,677,1316,233,24,140,640,559,64,735,18,102,44,80,94,128,47
150,42,36,2,10,1,1,0,1,4,0,6,1,1,0,0,0,0,0,1978,1978-09-17,5760,5031,679,1326,234,25,140,641,563,64,741,19,103,44,80,94,128,47
151,36,34,0,7,0,0,0,0,2,0,6,0,0,0,0,0,0,0,1978,1978-09-18,5796,5065,679,1333,234,25,140,641,565,64,747,19,103,44,80,94,128,47
152,41,34,8,14,4,0,0,7,5,4,2,0,1,1,1,2,0,0,1978,1978-09-19,5837,5099,687,1347,238,25,140,648,570,68,749,19,104,45,81,96,128,47
153,38,33,3,6,0,0,2,3,5,0,14,0,0,0,0,0,0,0,1978,1978-09-20,5875,5132,690,1353,238,25,142,651,575,68,763,19,104,45,81,96,128,47
154,37,34,3,9,1,0,0,3,1,0,1,0,1,1,1,1,1,0,1978,1978-09-22,5912,5166,693,1362,239,25,142,654,576,68,764,19,105,46,82,97,129,47
155,36,31,5,10,1,0,1,5,4,0,7,0,1,0,0,1,2,1,1978,1978-09-23,5948,5197,698,1372,240,25,143,659,580,68,771,19,106,46,82,98,131,48
156,37,31,4,10,4,0,0,4,5,3,4,1,0,0,0,1,0,1,1978,1978-09-24,5985,5228,702,1382,244,25,143,663,585,71,775,20,106,46,82,99,131,49
157,37,35,4,8,1,0,2,4,2,0,8,0,0,0,0,0,0,0,1978,1978-09-26,6022,5263,706,1390,245,25,145,667,587,71,783,20,106,46,82,99,131,49
158,40,32,3,5,1,0,1,3,8,2,9,0,0,0,0,0,2,0,1978,1978-09-27,6062,5295,709,1395,246,25,146,670,595,73,792,20,106,46,82,99,133,49
159,44,35,7,10,0,0,1,5,8,2,3,0,1,0,0,0,1,0,1978,1978-09-28,6106,5330,716,1405,246,25,147,675,603,75,795,20,107,46,82,99,134,49
160,37,31,1,6,2,0,1,1,5,0,4,0,1,0,0,1,1,0,1978,1978-09-29,6143,5361,717,1411,248,25,148,676,608,75,799,20,108,46,82,100,135,49
161,39,38,7,14,2,2,1,7,0,0,7,0,1,0,1,1,0,1,1978,1978-09-30,6182,5399,724,1425,250,27,149,683,608,75,806,20,109,46,83,101,135,50
162,43,38,3,10,1,0,0,3,2,1,12,0,2,1,1,0,2,2,1978,1978-10-01,6225,5437,727,1435,251,27,149,686,610,76,818,20,111,47,84,101,137,52
1,38,33,5,9,2,0,0,5,4,1,8,0,0,1,1,0,1,0,1977,1977-04-07,38,33,5,9,2,0,0,5,4,1,8,0,0,1,1,0,1,0
2,41,31,8,14,4,0,0,8,7,3,3,0,1,2,0,1,0,2,1977,1977-04-09,79,64,13,23,6,0,0,13,11,4,11,0,1,3,1,1,1,2
3,42,39,4,11,4,0,1,4,3,0,9,0,0,0,1,0,1,0,1977,1977-04-10,121,103,17,34,10,0,1,17,14,4,20,0,1,3,2,1,2,2
4,50,39,6,14,6,0,0,6,8,1,4,1,1,1,0,0,2,0,1977,1977-04-11,171,142,23,48,16,0,1,23,22,5,24,1,2,4,2,1,4,2
5,45,40,14,14,2,2,2,14,3,0,4,2,0,0,2,0,2,0,1977,1977-04-12,216,182,37,62,18,2,3,37,25,5,28,3,2,4,4,1,6,2
6,36,32,4,9,0,0,2,4,4,0,4,0,0,0,1,1,2,1,1977,1977-04-13,252,214,41,71,18,2,5,41,29,5,32,3,2,4,5,2,8,3
7,40,36,7,10,2,0,2,7,4,2,4,0,0,0,0,1,0,0,1977,1977-04-15,292,250,48,81,20,2,7,48,33,7,36,3,2,4,5,3,8,3
8,44,34,5,11,4,0,1,5,8,1,2,0,2,0,0,1,1,1,1977,1977-04-16,336,284,53,92,24,2,8,53,41,8,38,3,4,4,5,4,9,4
9,40,33,7,7,2,1,2,7,5,1,9,0,1,1,1,0,1,1,1977,1977-04-17,376,317,60,99,26,3,10,60,46,9,47,3,5,5,6,4,10,5
10,42,35,7,10,3,1,1,5,5,1,3,0,1,1,1,0,1,1,1977,1977-04-18,418,352,67,109,29,4,11,65,51,10,50,3,6,6,7,4,11,6
11,35,31,3,5,0,0,2,3,4,0,10,0,0,0,0,1,0,0,1977,1977-04-20,453,383,70,114,29,4,13,68,55,10,60,3,6,6,7,5,11,6
12,43,35,5,11,1,0,0,3,7,0,8,0,1,0,0,2,1,0,1977,1977-04-22,496,418,75,125,30,4,13,71,62,10,68,3,7,6,7,7,12,6
13,41,34,6,10,2,0,2,6,5,2,5,0,1,1,0,1,0,0,1977,1977-04-23,537,452,81,135,32,4,15,77,67,12,73,3,8,7,7,8,12,6
14,50,43,16,16,3,0,5,16,6,2,7,0,1,0,2,0,0,0,1977,1977-04-24,587,495,97,151,35,4,20,93,73,14,80,3,9,7,9,8,12,6
15,39,34,7,10,3,0,3,7,4,1,5,0,1,0,0,0,1,2,1977,1977-04-25,626,529,104,161,38,4,23,100,77,15,85,3,10,7,9,8,13,8
16,39,35,4,9,1,0,1,4,3,2,8,0,0,1,0,0,2,0,1977,1977-04-26,665,564,108,170,39,4,24,104,80,17,93,3,10,8,9,8,15,8
17,44,41,7,15,1,0,2,7,2,1,7,1,0,0,1,1,2,0,1977,1977-04-27,709,605,115,185,40,4,26,111,82,18,100,4,10,8,10,9,17,8
18,38,36,7,9,1,0,2,7,2,0,3,0,0,0,0,0,1,0,1977,1977-04-28,747,641,122,194,41,4,28,118,84,18,103,4,10,8,10,9,18,8
19,40,32,4,11,3,0,0,4,5,2,5,0,2,1,0,0,1,0,1977,1977-04-29,787,673,126,205,44,4,28,122,89,20,108,4,12,9,10,9,19,8
20,36,34,6,11,2,0,1,5,2,0,3,0,0,0,3,0,0,2,1977,1977-04-30,823,707,132,216,46,4,29,127,91,20,111,4,12,9,13,9,19,10
21,36,33,2,7,3,0,0,2,3,0,6,0,0,0,0,0,0,1,1977,1977-05-01,859,740,134,223,49,4,29,129,94,20,117,4,12,9,13,9,19,11
22,34,30,3,7,1,0,0,3,3,0,8,0,0,1,1,1,0,0,1977,1977-05-02,893,770,137,230,50,4,29,132,97,20,125,4,12,10,14,10,19,11
23,35,33,4,9,3,0,0,4,2,1,4,0,0,0,1,0,0,1,1977,1977-05-03,928,803,141,239,53,4,29,136,99,21,129,4,12,10,15,10,19,12
24,32,31,3,7,0,0,1,3,1,0,7,0,0,0,1,1,1,0,1977,1977-05-04,960,834,144,246,53,4,30,139,100,21,136,4,12,10,16,11,20,12
25,35,34,7,10,2,0,2,7,1,1,5,0,0,0,0,0,1,0,1977,1977-05-05,995,868,151,256,55,4,32,146,101,22,141,4,12,10,16,11,21,12
26,38,32,9,13,1,1,3,9,3,0,8,0,3,0,0,1,0,0,1977,1977-05-06,1033,900,160,269,56,5,35,155,104,22,149,4,15,10,16,12,21,12
27,57,48,4,12,1,0,0,4,9,1,7,0,0,0,1,1,0,0,1977,1977-05-07,1090,948,164,281,57,5,35,159,113,23,156,4,15,10,17,13,21,12
28,36,35,3,9,1,0,1,3,1,0,8,0,0,0,0,1,1,0,1977,1977-05-10,1126,983,167,290,58,5,36,162,114,23,164,4,15,10,17,14,22,12
29,41,37,5,10,1,0,0,5,4,0,5,0,0,0,0,1,1,0,1977,1977-05-11,1167,1020,172,300,59,5,36,167,118,23,169,4,15,10,17,15,23,12
30,50,41,8,14,3,0,2,7,7,0,6,0,1,1,2,0,0,0,1977,1977-05-12,1217,1061,180,314,62,5,38,174,125,23,175,4,16,11,19,15,23,12
31,33,32,0,7,0,0,0,0,1,0,4,0,0,0,0,1,2,1,1977,1977-05-13,1250,1093,180,321,62,5,38,174,126,23,179,4,16,11,19,16,25,13
32,36,34,5,8,1,0,2,5,1,0,10,1,0,0,0,0,0,1,1977,1977-05-14,1286,1127,185,329,63,5,40,179,127,23,189,5,16,11,19,16,25,14
33,53,47,4,13,2,0,1,4,5,1,7,0,0,1,0,0,0,1,1977,1977-05-15,1339,1174,189,342,65,5,41,183,132,24,196,5,16,12,19,16,25,15
34,38,33,6,9,3,0,2,5,3,0,5,0,1,1,1,1,1,0,1977,1977-05-16,1377,1207,195,351,68,5,43,188,135,24,201,5,17,13,20,17,26,15
35,42,38,6,12,4,1,2,5,4,0,6,0,0,0,0,0,0,1,1977,1977-05-17,1419,1245,201,363,72,6,45,193,139,24,207,5,17,13,20,17,26,16
36,40,37,6,13,4,0,1,6,3,0,4,0,0,0,0,1,0,2,1977,1977-05-18,1459,1282,207,376,76,6,46,199,142,24,211,5,17,13,20,18,26,18
37,40,36,5,7,3,0,1,5,1,0,14,1,0,2,1,0,1,0,1977,1977-05-19,1499,1318,212,383,79,6,47,204,143,24,225,6,17,15,21,18,27,18
38,42,36,6,11,1,0,2,6,5,0,6,0,1,0,0,1,1,0,1977,1977-05-20,1541,1354,218,394,80,6,49,210,148,24,231,6,18,15,21,19,28,18
39,36,34,4,8,0,0,2,4,2,0,4,0,0,0,1,2,0,0,1977,1977-05-21,1577,1388,222,402,80,6,51,214,150,24,235,6,18,15,22,21,28,18
40,40,37,4,12,0,0,2,4,3,0,5,0,0,0,0,0,0,1,1977,1977-05-22,1617,1425,226,414,80,6,53,218,153,24,240,6,18,15,22,21,28,19
41,35,30,4,11,3,0,0,4,3,0,3,0,1,1,0,1,0,2,1977,1977-05-24,1652,1455,230,425,83,6,53,222,156,24,243,6,19,16,22,22,28,21
42,42,37,6,10,1,0,1,6,4,0,4,0,1,0,2,0,2,0,1977,1977-05-25,1694,1492,236,435,84,6,54,228,160,24,247,6,20,16,24,22,30,21
43,43,33,4,8,2,0,0,4,8,0,8,0,0,2,0,2,0,0,1977,1977-05-26,1737,1525,240,443,86,6,54,232,168,24,255,6,20,18,24,24,30,21
44,45,39,10,17,3,0,2,10,6,0,1,0,0,0,2,2,0,1,1977,1977-05-27,1782,1564,250,460,89,6,56,242,174,24,256,6,20,18,26,26,30,22
45,36,32,3,5,1,0,2,3,4,0,1,0,0,0,1,1,0,0,1977,1977-05-28,1818,1596,253,465,90,6,58,245,178,24,257,6,20,18,27,27,30,22
46,37,34,1,8,1,0,0,1,3,0,5,0,0,0,0,0,0,0,1977,1977-05-29,1855,1630,254,473,91,6,58,246,181,24,262,6,20,18,27,27,30,22
47,36,30,3,5,0,1,1,3,3,0,7,1,1,1,0,0,0,0,1977,1977-05-30,1891,1660,257,478,91,7,59,249,184,24,269,7,21,19,27,27,30,22
48,35,32,2,7,1,0,0,2,2,0,2,0,1,0,0,0,1,1,1977,1977-05-31,1926,1692,259,485,92,7,59,251,186,24,271,7,22,19,27,27,31,23
49,43,35,6,11,2,0,0,6,7,1,5,0,1,0,2,2,1,0,1977,1977-06-01,1969,1727,265,496,94,7,59,257,193,25,276,7,23,19,29,29,32,23
50,44,32,0,2,0,0,0,0,9,4,3,0,3,0,0,0,1,0,1977,1977-06-03,2013,1759,265,498,94,7,59,257,202,29,279,7,26,19,29,29,33,23
51,43,36,9,12,0,1,3,9,6,0,4,1,0,0,1,1,2,0,1977,1977-06-04,2056,1795,274,510,94,8,62,266,208,29,283,8,26,19,30,30,35,23
52,36,27,4,4,2,0,1,3,8,1,3,0,0,1,0,0,1,0,1977,1977-06-05,2092,1822,278,514,96,8,63,269,216,30,286,8,26,20,30,30,36,23
53,34,32,1,4,0,0,0,0,2,0,11,0,0,0,2,0,0,1,1977,1977-06-06,2126,1854,279,518,96,8,63,269,218,30,297,8,26,20,32,30,36,24
54,39,36,4,11,2,0,1,4,2,0,9,0,1,0,1,2,0,0,1977,1977-06-07,2165,1890,283,529,98,8,64,273,220,30,306,8,27,20,33,32,36,24
55,35,31,4,6,2,0,1,3,3,1,4,0,1,0,2,1,0,1,1977,1977-06-08,2200,1921,287,535,100,8,65,276,223,31,310,8,28,20,35,33,36,25
56,37,34,3,9,2,0,1,2,3,0,7,0,0,0,0,1,2,0,1977,1977-06-09,2237,1955,290,544,102,8,66,278,226,31,317,8,28,20,35,34,38,25
57,50,45,7,9,2,0,2,7,4,1,10,0,0,1,1,0,0,0,1977,1977-06-10,2287,2000,297,553,104,8,68,285,230,32,327,8,28,21,36,34,38,25
58,42,33,9,9,2,1,1,8,5,0,4,2,2,0,1,1,1,0,1977,1977-06-11,2329,2033,306,562,106,9,69,293,235,32,331,10,30,21,37,35,39,25
59,35,32,2,10,2,0,1,2,1,0,5,0,1,1,0,2,1,1,1977,1977-06-12,2364,2065,308,572,108,9,70,295,236,32,336,10,31,22,37,37,40,26
60,37,32,3,7,0,0,1,2,5,0,4,0,0,0,2,1,0,0,1977,1977-06-14,2401,2097,311,579,108,9,71,297,241,32,340,10,31,22,39,38,40,26
61,38,34,10,11,1,0,2,8,3,1,6,0,1,0,0,0,1,0,1977,1977-06-15,2439,2131,321,590,109,9,73,305,244,33,346,10,32,22,39,38,41,26
62,42,36,3,7,1,0,1,3,3,1,8,0,2,1,0,0,0,0,1977,1977-06-16,2481,2167,324,597,110,9,74,308,247,34,354,10,34,23,39,38,41,26
63,33,30,3,6,0,0,1,3,2,0,9,0,1,0,1,2,0,1,1977,1977-06-17,2514,2197,327,603,110,9,75,311,249,34,363,10,35,23,40,40,41,27
64,33,29,2,6,0,1,1,2,4,0,6,0,0,0,0,1,0,0,1977,1977-06-18,2547,2226,329,609,110,10,76,313,253,34,369,10,35,23,40,41,41,27
65,34,28,3,6,1,0,2,3,3,0,7,1,2,0,0,0,0,0,1977,1977-06-19,2581,2254,332,615,111,10,78,316,256,34,376,11,37,23,40,41,41,27
66,38,34,9,11,2,0,4,9,3,0,6,0,1,0,0,0,0,0,1977,1977-06-20,2619,2288,341,626,113,10,82,325,259,34,382,11,38,23,40,41,41,27
67,41,33,3,7,2,0,3,3,8,1,4,0,0,0,0,0,0,3,1977,1977-06-21,2660,2321,344,633,115,10,85,328,267,35,386,11,38,23,40,41,41,30
68,49,35,12,15,0,1,1,12,10,0,5,0,3,1,1,1,1,0,1977,1977-06-22,2709,2356,356,648,115,11,86,340,277,35,391,11,41,24,41,42,42,30
69,37,35,3,9,1,0,0,3,2,0,4,0,0,0,0,0,1,1,1977,1977-06-24,2746,2391,359,657,116,11,86,343,279,35,395,11,41,24,41,42,43,31
70,45,38,6,15,0,1,2,5,6,1,4,0,1,0,0,1,0,1,1977,1977-06-25,2791,2429,365,672,116,12,88,348,285,36,399,11,42,24,41,43,43,32
71,40,37,4,11,3,0,1,4,3,0,3,0,0,0,0,0,0,0,1977,,2831,2466,369,683,119,12,89,352,288,36,402,11,42,24,41,43,43,32
72,48,41,9,15,3,0,2,9,7,0,3,0,0,0,1,2,0,0,1977,,2879,2507,378,698,122,12,91,361,295,36,405,11,42,24,42,45,43,32
73,41,33,2,8,3,0,1,2,7,0,5,0,1,0,0,0,0,0,1977,1977-06-27,2920,2540,380,706,125,12,92,363,302,36,410,11,43,24,42,45,43,32
74,41,35,3,9,1,0,1,3,3,0,3,0,2,1,2,0,3,0,1977,1977-06-28,2961,2575,383,715,126,12,93,366,305,36,413,11,45,25,44,45,46,32
75,46,41,13,15,2,0,3,12,5,0,6,0,0,0,0,0,1,0,1977,1977-06-29,3007,2616,396,730,128,12,96,378,310,36,419,11,45,25,44,45,47,32
76,38,33,4,9,1,0,2,4,5,0,4,0,0,0,0,1,1,1,1977,1977-06-30,3045,2649,400,739,129,12,98,382,315,36,423,11,45,25,44,46,48,33
77,46,44,10,17,2,3,2,10,2,0,4,0,0,0,0,0,1,0,1977,1977-07-01,3091,2693,410,756,131,15,100,392,317,36,427,11,45,25,44,46,49,33
78,46,38,10,13,1,2,1,10,4,0,6,0,2,2,2,0,1,0,1977,1977-07-02,3137,2731,420,769,132,17,101,402,321,36,433,11,47,27,46,46,50,33
79,46,43,10,18,4,1,0,9,3,1,7,0,0,0,0,2,0,0,1977,1977-07-03,3183,2774,430,787,136,18,101,411,324,37,440,11,47,27,46,48,50,33
80,42,37,4,12,1,1,2,4,2,1,8,1,2,0,1,0,1,0,1977,1977-07-04,3225,2811,434,799,137,19,103,415,326,38,448,12,49,27,47,48,51,33
81,53,48,1,9,1,0,1,1,5,1,14,0,0,0,0,1,0,2,1977,1977-07-06,3278,2859,435,808,138,19,104,416,331,39,462,12,49,27,47,49,51,35
82,36,32,7,9,2,0,2,7,4,0,4,0,0,0,0,0,1,1,1977,1977-07-07,3314,2891,442,817,140,19,106,423,335,39,466,12,49,27,47,49,52,36
83,35,30,5,9,1,0,2,5,3,1,8,1,1,0,0,0,0,2,1977,1977-07-08,3349,2921,447,826,141,19,108,428,338,40,474,13,50,27,47,49,52,38
84,32,31,1,2,0,0,1,1,1,0,8,0,0,0,0,1,0,0,1977,1977-07-09,3381,2952,448,828,141,19,109,429,339,40,482,13,50,27,47,50,52,38
85,39,37,5,12,0,0,2,5,2,0,7,0,0,0,0,2,0,0,1977,,3420,2989,453,840,141,19,111,434,341,40,489,13,50,27,47,52,52,38
86,36,30,4,6,1,0,0,4,5,0,9,0,1,0,0,2,0,0,1977,,3456,3019,457,846,142,19,111,438,346,40,498,13,51,27,47,54,52,38
87,43,38,8,13,1,0,1,7,3,0,5,0,1,1,2,2,0,0,1977,1977-07-12,3499,3057,465,859,143,19,112,445,349,40,503,13,52,28,49,56,52,38
88,46,42,2,7,0,1,0,2,2,0,2,0,1,1,0,1,0,1,1977,1977-07-13,3545,3099,467,866,143,20,112,447,351,40,505,13,53,29,49,57,52,39
89,34,30,3,6,0,0,2,3,4,0,3,0,0,0,0,2,1,0,1977,1977-07-14,3579,3129,470,872,143,20,114,450,355,40,508,13,53,29,49,59,53,39
90,35,32,3,6,1,0,0,1,3,0,3,0,0,0,0,1,1,0,1977,1977-07-15,3614,3161,473,878,144,20,114,451,358,40,511,13,53,29,49,60,54,39
91,30,30,1,3,0,0,0,1,0,0,2,0,0,0,0,0,0,0,1977,1977-07-16,3644,3191,474,881,144,20,114,452,358,40,513,13,53,29,49,60,54,39
92,43,34,4,11,2,0,2,4,7,0,6,0,1,1,1,2,0,0,1977,1977-07-17,3687,3225,478,892,146,20,116,456,365,40,519,13,54,30,50,62,54,39
93,30,29,0,4,0,0,0,0,1,0,8,0,0,0,0,1,0,1,1977,1977-07-21,3717,3254,478,896,146,20,116,456,366,40,527,13,54,30,50,63,54,40
94,36,29,1,4,0,0,0,1,5,0,4,0,1,1,0,0,2,0,1977,1977-07-22,3753,3283,479,900,146,20,116,457,371,40,531,13,55,31,50,63,56,40
95,37,34,4,7,0,0,1,4,3,0,7,0,0,0,0,0,2,0,1977,1977-07-23,3790,3317,483,907,146,20,117,461,374,40,538,13,55,31,50,63,58,40
96,37,35,5,9,1,0,2,5,2,0,4,0,0,0,0,0,0,0,1977,1977-07-24,3827,3352,488,916,147,20,119,466,376,40,542,13,55,31,50,63,58,40
97,34,29,0,3,0,0,0,0,5,0,2,0,0,0,0,1,2,0,1977,1977-07-25,3861,3381,488,919,147,20,119,466,381,40,544,13,55,31,50,64,60,40
98,35,26,5,5,2,0,1,3,8,2,5,0,1,0,0,2,4,1,1977,,3896,3407,493,924,149,20,120,469,389,42,549,13,56,31,50,66,64,41
99,31,29,1,2,0,0,0,0,2,0,6,0,0,0,0,0,0,0,1977,,3927,3436,494,926,149,20,120,469,391,42,555,13,56,31,50,66,64,41
100,36,33,7,11,0,0,3,7,1,0,6,1,1,0,0,1,0,0,1977,1977-07-27,3963,3469,501,937,149,20,123,476,392,42,561,14,57,31,50,67,64,41
101,32,26,2,4,1,1,1,2,5,2,5,0,1,0,0,0,0,0,1977,1977-07-28,3995,3495,503,941,150,21,124,478,397,44,566,14,58,31,50,67,64,41
102,26,23,4,6,1,1,0,4,2,0,3,0,0,1,0,0,2,0,1977,1977-07-29,4021,3518,507,947,151,22,124,482,399,44,569,14,58,32,50,67,66,41
103,40,33,7,8,1,0,1,7,7,0,9,0,0,0,0,2,4,0,1977,1977-07-30,4061,3551,514,955,152,22,125,489,406,44,578,14,58,32,50,69,70,41
104,43,39,8,11,0,0,1,8,3,1,4,0,1,0,1,1,0,0,1977,1977-07-31,4104,3590,522,966,152,22,126,497,409,45,582,14,59,32,51,70,70,41
105,52,48,7,12,2,1,3,7,3,1,12,1,0,0,1,0,0,0,1977,1977-08-01,4156,3638,529,978,154,23,129,504,412,46,594,15,59,32,52,70,70,41
106,43,38,7,13,2,0,2,7,4,1,7,0,1,0,0,0,0,0,1977,1977-08-02,4199,3676,536,991,156,23,131,511,416,47,601,15,60,32,52,70,70,41
107,56,54,3,14,2,0,1,2,1,1,11,0,1,0,0,0,0,0,1977,1977-08-03,4255,3730,539,1005,158,23,132,513,417,48,612,15,61,32,52,70,70,41
108,40,37,3,10,4,0,0,3,2,2,4,0,0,1,0,0,0,0,1977,1977-08-05,4295,3767,542,1015,162,23,132,516,419,50,616,15,61,33,52,70,70,41
109,33,30,0,6,1,0,0,0,1,0,1,0,1,0,0,2,0,0,1977,1977-08-06,4328,3797,542,1021,163,23,132,516,420,50,617,15,62,33,52,72,70,41
110,32,31,1,7,1,0,0,1,1,0,8,0,0,0,0,1,0,1,1977,1977-08-07,4360,3828,543,1028,164,23,132,517,421,50,625,15,62,33,52,73,70,42
111,32,31,4,7,1,0,2,4,1,0,2,0,0,0,0,0,0,0,1977,1977-08-08,4392,3859,547,1035,165,23,134,521,422,50,627,15,62,33,52,73,70,42
112,31,28,0,1,0,0,0,0,3,0,7,0,0,0,1,1,0,0,1977,1977-08-09,4423,3887,547,1036,165,23,134,521,425,50,634,15,62,33,53,74,70,42
113,32,27,1,6,0,0,0,1,3,1,4,0,2,0,0,1,0,1,1977,1977-08-10,4455,3914,548,1042,165,23,134,522,428,51,638,15,64,33,53,75,70,43
114,33,32,4,6,1,0,2,4,1,0,7,0,0,0,0,1,0,0,1977,1977-08-11,4488,3946,552,1048,166,23,136,526,429,51,645,15,64,33,53,76,70,43
115,36,31,2,6,0,0,1,2,4,0,7,0,1,0,0,1,2,0,1977,1977-08-12,4524,3977,554,1054,166,23,137,528,433,51,652,15,65,33,53,77,72,43
116,41,38,11,15,1,1,2,9,2,0,7,0,0,1,0,0,0,0,1977,1977-08-13,4565,4015,565,1069,167,24,139,537,435,51,659,15,65,34,53,77,72,43
117,34,29,1,6,1,0,0,1,3,0,7,2,0,0,0,0,1,1,1977,1977-08-14,4599,4044,566,1075,168,24,139,538,438,51,666,17,65,34,53,77,73,44
118,35,32,3,5,0,0,2,3,3,0,6,0,0,0,0,0,1,0,1977,1977-08-15,4634,4076,569,1080,168,24,141,541,441,51,672,17,65,34,53,77,74,44
119,34,31,3,7,0,0,0,2,1,0,5,0,2,0,1,0,1,1,1977,1977-08-16,4668,4107,572,1087,168,24,141,543,442,51,677,17,67,34,54,77,75,45
120,38,32,7,12,2,1,2,7,5,1,2,0,0,1,0,1,0,0,1977,1977-08-18,4706,4139,579,1099,170,25,143,550,447,52,679,17,67,35,54,78,75,45
121,32,29,2,3,2,0,1,2,3,1,7,0,0,0,0,0,0,0,1977,1977-08-19,4738,4168,581,1102,172,25,144,552,450,53,686,17,67,35,54,78,75,45
122,41,36,4,9,3,0,0,4,4,2,8,1,0,0,1,0,1,1,1977,1977-08-20,4779,4204,585,1111,175,25,144,556,454,55,694,18,67,35,55,78,76,46
123,38,33,5,11,2,0,1,5,3,1,2,0,1,1,0,2,0,1,1977,1977-08-21,4817,4237,590,1122,177,25,145,561,457,56,696,18,68,36,55,80,76,47
124,44,38,6,12,1,0,1,6,4,0,5,1,1,0,1,0,1,0,1977,1977-08-22,4861,4275,596,1134,178,25,146,567,461,56,701,19,69,36,56,80,77,47
125,34,32,1,3,1,0,0,1,2,0,8,0,0,0,2,0,0,0,1977,1977-08-23,4895,4307,597,1137,179,25,146,568,463,56,709,19,69,36,58,80,77,47
126,39,35,2,9,1,0,1,2,4,0,8,0,0,0,0,0,1,0,1977,1977-08-24,4934,4342,599,1146,180,25,147,570,467,56,717,19,69,36,58,80,78,47
127,33,28,1,6,1,0,1,1,4,0,2,0,1,0,0,2,0,1,1977,1977-08-25,4967,4370,600,1152,181,25,148,571,471,56,719,19,70,36,58,82,78,48
128,33,31,5,9,0,0,2,5,1,0,6,0,0,1,0,0,1,1,1977,1977-08-26,5000,4401,605,1161,181,25,150,576,472,56,725,19,70,37,58,82,79,49
129,41,31,4,9,1,0,0,4,6,1,3,0,2,2,0,0,0,0,1977,1977-08-27,5041,4432,609,1170,182,25,150,580,478,57,728,19,72,39,58,82,79,49
130,45,39,11,17,3,1,2,9,5,0,5,0,1,0,1,1,1,0,1977,1977-08-28,5086,4471,620,1187,185,26,152,589,483,57,733,19,73,39,59,83,80,49
131,37,33,4,9,1,0,1,4,4,0,6,0,0,0,0,0,3,0,1977,1977-08-29,5123,4504,624,1196,186,26,153,593,487,57,739,19,73,39,59,83,83,49
132,34,32,1,6,2,0,0,1,2,0,5,0,0,0,1,1,0,1,1977,1977-08-30,5157,4536,625,1202,188,26,153,594,489,57,744,19,73,39,60,84,83,50
133,39,32,5,10,2,0,0,4,5,3,2,0,2,0,1,0,2,0,1977,1977-08-31,5196,4568,630,1212,190,26,153,598,494,60,746,19,75,39,61,84,85,50
134,44,39,10,18,3,0,1,10,4,1,3,0,1,0,0,1,0,0,1977,1977-09-02,5240,4607,640,1230,193,26,154,608,498,61,749,19,76,39,61,85,85,50
135,32,31,6,7,0,0,3,5,0,0,5,0,0,1,2,0,1,1,1977,1977-09-03,5272,4638,646,1237,193,26,157,613,498,61,754,19,76,40,63,85,86,51
136,36,30,8,8,0,0,3,7,5,0,5,0,0,1,0,0,0,1,1977,1977-09-04,5308,4668,654,1245,193,26,160,620,503,61,759,19,76,41,63,85,86,52
137,30,29,0,2,0,0,0,0,1,0,6,0,0,0,0,0,0,0,1977,1977-09-05,5338,4697,654,1247,193,26,160,620,504,61,765,19,76,41,63,85,86,52
138,42,37,3,9,0,0,1,2,4,1,6,0,1,0,1,1,2,1,1977,1977-09-06,5380,4734,657,1256,193,26,161,622,508,62,771,19,77,41,64,86,88,53
139,39,36,5,10,0,0,3,4,3,0,4,0,0,0,0,1,0,0,1977,1977-09-07,5419,4770,662,1266,193,26,164,626,511,62,775,19,77,41,64,87,88,53
140,47,42,5,11,0,0,2,4,4,1,8,0,0,1,0,0,1,1,1977,1977-09-08,5466,4812,667,1277,193,26,166,630,515,63,783,19,77,42,64,87,89,54
141,39,35,4,9,1,0,1,4,4,0,8,0,0,0,0,0,2,0,1977,1977-09-09,5505,4847,671,1286,194,26,167,634,519,63,791,19,77,42,64,87,91,54
142,40,38,4,12,2,2,0,3,1,0,5,1,0,0,0,0,1,0,1977,1977-09-10,5545,4885,675,1298,196,28,167,637,520,63,796,20,77,42,64,87,92,54
143,37,31,2,7,1,0,0,2,4,0,4,1,0,1,0,1,0,0,1977,1977-09-11,5582,4916,677,1305,197,28,167,639,524,63,800,21,77,43,64,88,92,54
144,40,36,7,8,2,0,2,7,4,0,11,0,0,0,0,1,2,0,1977,1977-09-12,5622,4952,684,1313,199,28,169,646,528,63,811,21,77,43,64,89,94,54
145,46,38,18,19,3,0,1,18,7,0,5,0,1,0,0,2,2,0,1977,1977-09-13,5668,4990,702,1332,202,28,170,664,535,63,816,21,78,43,64,91,96,54
146,49,44,8,16,2,0,3,8,5,0,4,0,0,0,1,0,0,0,1977,1977-09-14,5717,5034,710,1348,204,28,173,672,540,63,820,21,78,43,65,91,96,54
147,37,31,2,6,1,0,1,2,5,0,6,0,1,0,1,1,2,0,1977,1977-09-15,5754,5065,712,1354,205,28,174,674,545,63,826,21,79,43,66,92,98,54
148,37,33,3,8,0,0,0,2,3,0,5,0,1,0,1,1,0,0,1977,1977-09-16,5791,5098,715,1362,205,28,174,676,548,63,831,21,80,43,67,93,98,54
149,38,33,7,8,1,0,1,7,4,1,6,1,0,0,1,0,1,0,1977,1977-09-17,5829,5131,722,1370,206,28,175,683,552,64,837,22,80,43,68,93,99,54
150,49,42,8,15,3,0,4,8,6,1,4,0,1,0,1,0,1,0,1977,1977-09-18,5878,5173,730,1385,209,28,179,691,558,65,841,22,81,43,69,93,100,54
151,33,32,3,7,3,0,1,3,1,0,2,0,0,0,0,1,1,1,1977,1977-09-20,5911,5205,733,1392,212,28,180,694,559,65,843,22,81,43,69,94,101,55
152,35,32,4,6,2,0,0,3,3,0,0,0,0,0,1,1,0,0,1977,1977-09-21,5946,5237,737,1398,214,28,180,697,562,65,843,22,81,43,70,95,101,55
153,51,48,3,15,1,0,1,3,2,0,8,0,1,0,1,0,5,2,1977,1977-09-23,5997,5285,740,1413,215,28,181,700,564,65,851,22,82,43,71,95,106,57
154,36,31,1,5,1,0,0,1,5,1,7,0,0,0,0,0,0,1,1977,1977-09-24,6033,5316,741,1418,216,28,181,701,569,66,858,22,82,43,71,95,106,58
155,38,31,5,7,2,0,2,5,6,0,4,0,0,1,0,2,3,0,1977,1977-09-25,6071,5347,746,1425,218,28,183,706,575,66,862,22,82,44,71,97,109,58
156,32,32,1,6,1,0,0,1,0,0,2,0,0,0,0,1,1,0,1977,1977-09-26,6103,5379,747,1431,219,28,183,707,575,66,864,22,82,44,71,98,110,58
157,32,29,5,8,0,0,2,5,1,0,2,1,1,0,0,1,1,1,1977,1977-09-27,6135,5408,752,1439,219,28,185,712,576,66,866,23,83,44,71,99,111,59
158,34,33,2,12,1,0,0,2,1,0,3,0,0,0,0,2,0,0,1977,1977-09-28,6169,5441,754,1451,220,28,185,714,577,66,869,23,83,44,71,101,111,59
159,32,30,2,5,1,0,1,2,2,0,4,0,0,0,0,1,0,1,1977,1977-09-29,6201,5471,756,1456,221,28,186,716,579,66,873,23,83,44,71,102,111,60
160,58,55,6,16,1,0,0,6,3,0,6,0,0,0,2,1,3,2,1977,1977-09-30,6259,5526,762,1472,222,28,186,722,582,66,879,23,83,44,73,103,114,62
161,36,32,4,8,1,0,2,4,4,1,3,0,0,0,0,0,0,0,1977,1977-10-01,6295,5558,766,1480,223,28,188,726,586,67,882,23,83,44,73,103,114,62
162,33,31,3,4,0,0,3,3,2,0,14,0,0,0,0,0,0,0,1977,1977-10-02,6328,5589,769,1484,223,28,191,729,588,67,896,23,83,44,73,103,114,62
1,36,33,2,6,2,0,1,2,2,0,6,1,0,0,0,0,0,0,1976,1976-04-09,36,33,2,6,2,0,1,2,2,0,6,1,0,0,0,0,0,0
2,36,34,4,9,1,1,2,4,2,0,4,0,0,0,0,1,0,0,1976,1976-04-11,72,67,6,15,3,1,3,6,4,0,10,1,0,0,0,1,0,0
3,41,37,5,10,2,0,0,5,3,0,4,0,0,1,2,0,1,0,1976,1976-04-13,113,104,11,25,5,1,3,11,7,0,14,1,0,1,2,1,1,0
4,35,33,1,7,0,0,0,1,2,0,7,0,0,0,0,1,0,0,1976,1976-04-14,148,137,12,32,5,1,3,12,9,0,21,1,0,1,2,2,1,0
5,38,33,1,7,0,1,0,1,4,0,6,1,0,0,1,2,0,0,1976,1976-04-16,186,170,13,39,5,2,3,13,13,0,27,2,0,1,3,4,1,0
6,35,32,5,8,2,0,0,4,1,0,4,0,1,1,0,0,1,0,1976,1976-04-17,221,202,18,47,7,2,3,17,14,0,31,2,1,2,3,4,2,0
7,40,35,6,9,3,0,0,5,5,0,7,0,0,0,1,0,0,0,1976,1976-04-18,261,237,24,56,10,2,3,22,19,0,38,2,1,2,4,4,2,0
8,42,35,3,7,1,0,0,2,6,0,5,1,0,0,1,0,0,0,1976,1976-04-19,303,272,27,63,11,2,3,24,25,0,43,3,1,2,5,4,2,0
9,42,39,6,12,2,1,0,6,3,1,7,0,0,0,0,0,3,0,1976,1976-04-20,345,311,33,75,13,3,3,30,28,1,50,3,1,2,5,4,5,0
10,62,54,0,9,1,0,0,0,6,1,10,0,2,0,0,1,3,0,1976,1976-04-21,407,365,33,84,14,3,3,30,34,2,60,3,3,2,5,5,8,0
11,41,33,7,8,2,0,1,6,7,0,2,1,0,0,0,1,4,1,1976,1976-04-22,448,398,40,92,16,3,4,36,41,2,62,4,3,2,5,6,12,1
12,46,38,3,6,0,0,0,2,8,0,4,0,0,0,1,0,2,2,1976,1976-04-23,494,436,43,98,16,3,4,38,49,2,66,4,3,2,6,6,14,3
13,37,30,2,8,2,1,0,1,6,0,3,0,1,0,1,0,0,2,1976,1976-04-24,531,466,45,106,18,4,4,39,55,2,69,4,4,2,7,6,14,5
14,41,35,5,8,1,0,1,5,4,2,3,0,2,0,2,0,2,1,1976,1976-04-25,572,501,50,114,19,4,5,44,59,4,72,4,6,2,9,6,16,6
15,41,34,7,12,2,0,1,7,4,2,4,0,3,0,3,0,1,1,1976,1976-04-26,613,535,57,126,21,4,6,51,63,6,76,4,9,2,12,6,17,7
16,35,33,5,9,0,1,0,5,1,0,6,0,1,0,1,0,0,0,1976,1976-04-27,648,568,62,135,21,5,6,56,64,6,82,4,10,2,13,6,17,7
17,32,31,2,5,0,0,1,1,1,0,2,0,0,0,2,1,1,0,1976,1976-04-28,680,599,64,140,21,5,7,57,65,6,84,4,10,2,15,7,18,7
18,32,26,4,7,0,0,0,3,5,0,3,0,1,0,0,3,1,1,1976,1976-04-29,712,625,68,147,21,5,7,60,70,6,87,4,11,2,15,10,19,8
19,37,35,5,12,3,0,1,4,1,1,3,0,1,0,1,0,1,1,1976,1976-04-30,749,660,73,159,24,5,8,64,71,7,90,4,12,2,16,10,20,9
20,42,34,4,6,1,0,0,4,8,1,5,0,0,0,2,2,0,0,1976,1976-05-01,791,694,77,165,25,5,8,68,79,8,95,4,12,2,18,12,20,9
21,32,30,3,10,1,0,1,3,2,0,6,0,0,0,0,0,1,2,1976,1976-05-02,823,724,80,175,26,5,9,71,81,8,101,4,12,2,18,12,21,11
22,42,38,9,13,3,1,2,8,4,0,4,0,0,0,2,0,1,2,1976,1976-05-04,865,762,89,188,29,6,11,79,85,8,105,4,12,2,20,12,22,13
23,47,43,14,16,1,1,7,14,3,0,3,0,0,1,2,1,0,0,1976,1976-05-05,912,805,103,204,30,7,18,93,88,8,108,4,12,3,22,13,22,13
24,48,44,10,18,2,1,1,10,2,1,5,1,1,0,0,0,0,0,1976,1976-05-07,960,849,113,222,32,8,19,103,90,9,113,5,13,3,22,13,22,13
25,38,37,4,9,2,0,0,3,1,0,8,0,0,0,1,1,0,0,1976,1976-05-08,998,886,117,231,34,8,19,106,91,9,121,5,13,3,23,14,22,13
26,34,32,3,6,2,0,1,3,2,0,9,0,0,0,0,0,0,0,1976,1976-05-09,1032,918,120,237,36,8,20,109,93,9,130,5,13,3,23,14,22,13
27,34,31,4,5,0,0,2,4,2,0,6,0,1,0,0,0,1,0,1976,1976-05-10,1066,949,124,242,36,8,22,113,95,9,136,5,14,3,23,14,23,13
28,36,34,4,11,1,0,3,4,0,0,4,0,1,1,0,2,0,0,1976,1976-05-11,1102,983,128,253,37,8,25,117,95,9,140,5,15,4,23,16,23,13
29,41,36,6,10,2,0,1,5,4,1,7,0,0,1,1,0,1,1,1976,1976-05-12,1143,1019,134,263,39,8,26,122,99,10,147,5,15,5,24,16,24,14
30,31,31,3,4,0,0,2,3,0,0,5,0,0,0,0,0,0,0,1976,1976-05-14,1174,1050,137,267,39,8,28,125,99,10,152,5,15,5,24,16,24,14
31,34,31,2,6,1,0,0,2,2,0,1,0,0,1,0,1,0,0,1976,1976-05-15,1208,1081,139,273,40,8,28,127,101,10,153,5,15,6,24,17,24,14
32,39,33,6,10,3,0,0,6,5,1,6,0,1,0,1,2,1,0,1976,1976-05-16,1247,1114,145,283,43,8,28,133,106,11,159,5,16,6,25,19,25,14
33,39,37,3,11,0,0,0,3,1,0,9,0,0,1,1,1,1,0,1976,1976-05-17,1286,1151,148,294,43,8,28,136,107,11,168,5,16,7,26,20,26,14
34,37,33,5,10,2,0,1,5,4,0,3,0,0,0,0,1,0,0,1976,1976-05-18,1323,1184,153,304,45,8,29,141,111,11,171,5,16,7,26,21,26,14
35,34,29,4,6,2,0,1,4,4,0,5,1,0,0,0,0,1,1,1976,1976-05-19,1357,1213,157,310,47,8,30,145,115,11,176,6,16,7,26,21,27,15
36,40,40,3,15,1,0,0,3,0,0,7,0,0,0,0,1,0,0,1976,1976-05-20,1397,1253,160,325,48,8,30,148,115,11,183,6,16,7,26,22,27,15
37,32,31,2,8,0,0,1,2,0,0,7,0,1,0,0,0,2,0,1976,1976-05-21,1429,1284,162,333,48,8,31,150,115,11,190,6,17,7,26,22,29,15
38,54,48,6,14,1,1,0,6,4,2,6,0,1,1,2,1,2,1,1976,1976-05-22,1483,1332,168,347,49,9,31,156,119,13,196,6,18,8,28,23,31,16
39,45,40,6,13,1,0,0,6,4,1,4,0,1,0,2,1,1,1,1976,1976-05-23,1528,1372,174,360,50,9,31,162,123,14,200,6,19,8,30,24,32,17
40,34,32,0,6,1,0,0,0,2,0,2,0,0,0,0,1,0,0,1976,1976-05-24,1562,1404,174,366,51,9,31,162,125,14,202,6,19,8,30,25,32,17
41,36,36,2,10,0,0,0,2,0,0,2,0,0,0,1,1,0,0,1976,1976-05-25,1598,1440,176,376,51,9,31,164,125,14,204,6,19,8,31,26,32,17
42,43,36,8,11,2,1,2,6,5,1,2,0,0,2,2,1,2,0,1976,1976-05-26,1641,1476,184,387,53,10,33,170,130,15,206,6,19,10,33,27,34,17
43,34,32,0,5,1,0,0,0,2,0,9,0,0,0,0,0,0,0,1976,1976-05-28,1675,1508,184,392,54,10,33,170,132,15,215,6,19,10,33,27,34,17
44,38,32,5,8,0,1,1,5,2,0,6,1,2,1,1,1,3,0,1976,1976-05-29,1713,1540,189,400,54,11,34,175,134,15,221,7,21,11,34,28,37,17
45,44,40,6,15,4,0,1,6,4,0,2,0,0,0,0,2,1,0,1976,,1757,1580,195,415,58,11,35,181,138,15,223,7,21,11,34,30,38,17
46,38,33,2,7,1,0,1,2,4,0,3,0,1,0,1,1,1,0,1976,,1795,1613,197,422,59,11,36,183,142,15,226,7,22,11,35,31,39,17
47,43,42,1,10,3,0,0,1,1,0,3,0,0,0,1,4,0,0,1976,1976-05-31,1838,1655,198,432,62,11,36,184,143,15,229,7,22,11,36,35,39,17
48,29,28,0,2,0,0,0,0,1,0,6,0,0,0,1,0,1,0,1976,1976-06-01,1867,1683,198,434,62,11,36,184,144,15,235,7,22,11,37,35,40,17
49,46,43,11,18,4,0,0,11,2,0,2,0,1,0,1,0,1,0,1976,1976-06-02,1913,1726,209,452,66,11,36,195,146,15,237,7,23,11,38,35,41,17
50,44,38,3,12,0,0,0,2,4,1,3,0,2,0,2,1,1,1,1976,1976-06-03,1957,1764,212,464,66,11,36,197,150,16,240,7,25,11,40,36,42,18
51,29,28,0,3,0,0,0,0,1,0,8,0,0,0,0,1,0,1,1976,1976-06-04,1986,1792,212,467,66,11,36,197,151,16,248,7,25,11,40,37,42,19
52,30,29,1,6,1,0,1,1,1,0,4,0,0,0,0,3,0,0,1976,1976-06-05,2016,1821,213,473,67,11,37,198,152,16,252,7,25,11,40,40,42,19
53,45,36,10,15,5,0,0,9,6,1,2,2,1,0,0,1,3,0,1976,1976-06-06,2061,1857,223,488,72,11,37,207,158,17,254,9,26,11,40,41,45,19
54,36,34,6,10,2,0,1,6,0,0,4,0,0,2,1,1,0,1,1976,1976-06-07,2097,1891,229,498,74,11,38,213,158,17,258,9,26,13,41,42,45,20
55,36,33,2,8,1,0,0,2,3,0,1,0,0,0,0,1,2,1,1976,1976-06-08,2133,1924,231,506,75,11,38,215,161,17,259,9,26,13,41,43,47,21
56,36,33,3,10,2,1,0,2,1,0,7,1,1,0,1,1,0,0,1976,1976-06-09,2169,1957,234,516,77,12,38,217,162,17,266,10,27,13,42,44,47,21
57,54,49,6,15,0,0,1,6,4,1,7,0,0,1,1,1,1,1,1976,1976-06-10,2223,2006,240,531,77,12,39,223,166,18,273,10,27,14,43,45,48,22
58,36,32,7,6,2,1,0,6,3,0,6,1,0,0,2,0,2,0,1976,1976-06-11,2259,2038,247,537,79,13,39,229,169,18,279,11,27,14,45,45,50,22
59,33,29,4,7,1,0,3,4,3,0,4,0,1,0,0,0,0,1,1976,1976-06-12,2292,2067,251,544,80,13,42,233,172,18,283,11,28,14,45,45,50,23
60,36,31,6,9,2,0,1,6,4,1,4,0,0,1,0,1,2,0,1976,1976-06-13,2328,2098,257,553,82,13,43,239,176,19,287,11,28,15,45,46,52,23
61,34,33,1,6,0,0,0,1,1,0,3,0,0,0,2,0,0,0,1976,1976-06-15,2362,2131,258,559,82,13,43,240,177,19,290,11,28,15,47,46,52,23
62,35,31,4,7,1,0,0,4,3,1,6,0,1,0,0,1,0,1,1976,1976-06-16,2397,2162,262,566,83,13,43,244,180,20,296,11,29,15,47,47,52,24
63,45,43,0,3,0,0,0,0,1,0,14,0,1,0,0,0,0,1,1976,1976-06-17,2442,2205,262,569,83,13,43,244,181,20,310,11,30,15,47,47,52,25
64,45,39,6,13,3,0,0,6,5,1,3,0,1,0,1,0,0,0,1976,1976-06-18,2487,2244,268,582,86,13,43,250,186,21,313,11,31,15,48,47,52,25
65,36,32,1,9,1,0,0,1,3,0,4,0,1,0,0,3,0,0,1976,1976-06-19,2523,2276,269,591,87,13,43,251,189,21,317,11,32,15,48,50,52,25
66,36,35,4,11,5,0,0,4,0,0,3,0,1,0,0,0,0,1,1976,1976-06-20,2559,2311,273,602,92,13,43,255,189,21,320,11,33,15,48,50,52,26
67,30,28,1,4,1,0,0,1,2,0,8,0,0,0,0,0,0,2,1976,1976-06-21,2589,2339,274,606,93,13,43,256,191,21,328,11,33,15,48,50,52,28
68,31,30,0,4,1,0,0,0,1,0,6,0,0,0,0,1,0,0,1976,1976-06-22,2620,2369,274,610,94,13,43,256,192,21,334,11,33,15,48,51,52,28
69,33,27,1,2,1,0,0,1,5,1,6,0,0,1,1,2,0,0,1976,1976-06-23,2653,2396,275,612,95,13,43,257,197,22,340,11,33,16,49,53,52,28
70,40,33,5,8,1,0,0,4,5,3,4,0,2,0,1,0,1,0,1976,1976-06-24,2693,2429,280,620,96,13,43,261,202,25,344,11,35,16,50,53,53,28
71,34,33,0,7,0,0,0,0,1,1,10,0,0,0,0,0,2,0,1976,1976-06-25,2727,2462,280,627,96,13,43,261,203,26,354,11,35,16,50,53,55,28
72,37,30,2,6,1,0,0,2,5,0,4,0,1,1,0,0,1,0,1976,1976-06-26,2764,2492,282,633,97,13,43,263,208,26,358,11,36,17,50,53,56,28
73,47,37,12,16,2,0,0,12,9,1,6,0,1,0,0,1,0,0,1976,1976-06-27,2811,2529,294,649,99,13,43,275,217,27,364,11,37,17,50,54,56,28
74,36,30,5,10,0,0,1,5,3,1,3,0,1,2,0,1,1,0,1976,1976-06-28,2847,2559,299,659,99,13,44,280,220,28,367,11,38,19,50,55,57,28
75,33,29,2,8,1,0,0,2,1,0,4,1,2,0,1,1,2,0,1976,1976-06-29,2880,2588,301,667,100,13,44,282,221,28,371,12,40,19,51,56,59,28
76,43,38,3,9,1,0,1,3,5,1,6,0,0,0,2,0,0,0,1976,1976-06-30,2923,2626,304,676,101,13,45,285,226,29,377,12,40,19,53,56,59,28
77,38,34,3,9,2,0,0,2,2,0,3,0,0,2,1,1,2,0,1976,1976-07-01,2961,2660,307,685,103,13,45,287,228,29,380,12,40,21,54,57,61,28
78,35,32,3,7,0,2,1,3,3,0,4,0,0,0,1,3,1,0,1976,1976-07-02,2996,2692,310,692,103,15,46,290,231,29,384,12,40,21,55,60,62,28
79,35,31,3,10,3,0,0,2,3,0,2,0,1,0,1,2,3,0,1976,1976-07-03,3031,2723,313,702,106,15,46,292,234,29,386,12,41,21,56,62,65,28
80,34,34,2,9,1,0,0,2,0,0,1,0,0,0,2,3,0,0,1976,1976-07-04,3065,2757,315,711,107,15,46,294,234,29,387,12,41,21,58,65,65,28
81,41,38,6,12,2,1,2,6,1,0,8,2,0,0,0,1,0,0,1976,1976-07-05,3106,2795,321,723,109,16,48,300,235,29,395,14,41,21,58,66,65,28
82,37,31,5,7,0,2,0,5,4,0,5,0,1,1,1,0,2,1,1976,1976-07-06,3143,2826,326,730,109,18,48,305,239,29,400,14,42,22,59,66,67,29
83,39,34,6,8,2,0,1,5,3,1,0,0,1,1,3,1,1,0,1976,1976-07-07,3182,2860,332,738,111,18,49,310,242,30,400,14,43,23,62,67,68,29
84,40,34,3,10,0,0,1,2,5,1,3,1,0,0,0,3,0,0,1976,1976-07-09,3222,2894,335,748,111,18,50,312,247,31,403,15,43,23,62,70,68,29
85,38,34,3,8,0,1,1,3,4,0,5,0,0,0,1,2,0,0,1976,1976-07-10,3260,2928,338,756,111,19,51,315,251,31,408,15,43,23,63,72,68,29
86,44,35,9,11,2,0,1,9,5,0,4,1,1,2,1,1,0,0,1976,1976-07-11,3304,2963,347,767,113,19,52,324,256,31,412,16,44,25,64,73,68,29
87,33,30,5,6,0,0,1,5,1,0,5,2,0,0,0,0,3,0,1976,1976-07-15,3337,2993,352,773,113,19,53,329,257,31,417,18,44,25,64,73,71,29
88,38,33,4,10,0,1,1,3,3,1,4,1,1,0,1,0,1,1,1976,1976-07-16,3375,3026,356,783,113,20,54,332,260,32,421,19,45,25,65,73,72,30
89,33,31,5,9,3,0,0,5,0,0,4,1,0,1,0,1,1,0,1976,1976-07-17,3408,3057,361,792,116,20,54,337,260,32,425,20,45,26,65,74,73,30
90,36,35,1,8,0,0,0,1,1,0,9,0,0,0,0,0,3,0,1976,1976-07-18,3444,3092,362,800,116,20,54,338,261,32,434,20,45,26,65,74,76,30
91,39,37,3,10,2,0,1,3,2,0,7,0,0,0,0,0,1,0,1976,1976-07-19,3483,3129,365,810,118,20,55,341,263,32,441,20,45,26,65,74,77,30
92,34,30,3,8,0,0,1,3,3,1,7,0,0,1,0,0,0,1,1976,1976-07-20,3517,3159,368,818,118,20,56,344,266,33,448,20,45,27,65,74,77,31
93,45,39,7,13,1,0,3,6,6,1,2,0,0,0,1,2,0,0,1976,1976-07-21,3562,3198,375,831,119,20,59,350,272,34,450,20,45,27,66,76,77,31
94,47,38,4,9,3,0,1,4,7,2,2,0,2,0,0,1,1,0,1976,1976-07-22,3609,3236,379,840,122,20,60,354,279,36,452,20,47,27,66,77,78,31
95,34,30,5,5,0,0,2,3,4,0,4,0,0,0,1,0,1,0,1976,1976-07-23,3643,3266,384,845,122,20,62,357,283,36,456,20,47,27,67,77,79,31
96,36,31,5,8,1,0,0,5,2,1,3,0,2,1,0,0,0,1,1976,1976-07-24,3679,3297,389,853,123,20,62,362,285,37,459,20,49,28,67,77,79,32
97,34,30,1,6,2,0,0,1,4,0,4,0,0,0,0,1,1,1,1976,1976-07-25,3713,3327,390,859,125,20,62,363,289,37,463,20,49,28,67,78,80,33
98,44,40,6,13,1,0,0,6,4,2,2,0,0,0,0,0,1,0,1976,1976-07-26,3757,3367,396,872,126,20,62,369,293,39,465,20,49,28,67,78,81,33
99,34,31,2,7,0,0,0,2,3,0,6,0,0,0,0,2,0,0,1976,1976-07-28,3791,3398,398,879,126,20,62,371,296,39,471,20,49,28,67,80,81,33
100,39,36,3,8,1,1,0,2,3,0,5,0,0,0,1,0,1,0,1976,1976-07-30,3830,3434,401,887,127,21,62,373,299,39,476,20,49,28,68,80,82,33
101,37,37,3,11,1,0,1,3,0,0,7,0,0,0,0,1,0,0,1976,1976-07-31,3867,3471,404,898,128,21,63,376,299,39,483,20,49,28,68,81,82,33
102,38,35,4,9,1,0,0,3,3,0,3,0,0,0,0,1,1,0,1976,,3905,3506,408,907,129,21,63,379,302,39,486,20,49,28,68,82,83,33
103,44,39,4,10,0,0,0,3,3,1,5,0,0,2,1,0,1,0,1976,,3949,3545,412,917,129,21,63,382,305,40,491,20,49,30,69,82,84,33
104,44,39,5,9,0,0,2,5,4,0,3,0,1,0,1,1,1,1,1976,1976-08-02,3993,3584,417,926,129,21,65,387,309,40,494,20,50,30,70,83,85,34
105,35,31,2,8,0,0,0,2,3,0,5,0,1,0,1,0,2,1,1976,1976-08-03,4028,3615,419,934,129,21,65,389,312,40,499,20,51,30,71,83,87,35
106,34,31,0,6,2,0,0,0,3,0,10,0,0,0,0,2,1,0,1976,1976-08-04,4062,3646,419,940,131,21,65,389,315,40,509,20,51,30,71,85,88,35
107,35,33,2,7,3,0,0,2,2,0,6,0,0,0,0,0,0,0,1976,1976-08-05,4097,3679,421,947,134,21,65,391,317,40,515,20,51,30,71,85,88,35
108,39,33,4,8,1,0,1,4,5,0,3,0,0,1,1,2,1,0,1976,1976-08-06,4136,3712,425,955,135,21,66,395,322,40,518,20,51,31,72,87,89,35
109,36,32,1,8,0,0,1,1,3,0,0,1,0,0,0,1,1,0,1976,1976-08-07,4172,3744,426,963,135,21,67,396,325,40,518,21,51,31,72,88,90,35
110,34,30,2,5,0,0,2,2,3,0,4,0,1,0,0,1,0,0,1976,1976-08-08,4206,3774,428,968,135,21,69,398,328,40,522,21,52,31,72,89,90,35
111,30,29,0,0,0,0,0,0,1,0,7,0,0,0,2,0,0,0,1976,1976-08-09,4236,3803,428,968,135,21,69,398,329,40,529,21,52,31,74,89,90,35
112,39,34,5,11,1,1,0,5,3,1,5,0,1,1,1,2,0,1,1976,1976-08-10,4275,3837,433,979,136,22,69,403,332,41,534,21,53,32,75,91,90,36
113,34,31,2,6,1,0,1,2,2,0,2,0,1,0,1,1,2,1,1976,1976-08-11,4309,3868,435,985,137,22,70,405,334,41,536,21,54,32,76,92,92,37
114,60,55,2,11,1,0,1,2,3,2,6,0,2,0,1,0,0,0,1976,,4369,3923,437,996,138,22,71,407,337,43,542,21,56,32,77,92,92,37
115,44,42,8,15,4,0,0,7,0,0,6,0,1,1,3,0,0,0,1976,,4413,3965,445,1011,142,22,71,414,337,43,548,21,57,33,80,92,92,37
116,29,29,0,4,0,0,0,0,0,0,1,0,0,0,0,1,0,1,1976,1976-08-14,4442,3994,445,1015,142,22,71,414,337,43,549,21,57,33,80,93,92,38
117,37,34,3,9,2,1,0,2,3,0,6,0,0,0,0,1,1,1,1976,1976-08-15,4479,4028,448,1024,144,23,71,416,340,43,555,21,57,33,80,94,93,39
118,35,31,4,8,1,0,0,4,3,0,3,0,0,1,0,0,0,0,1976,1976-08-17,4514,4059,452,1032,145,23,71,420,343,43,558,21,57,34,80,94,93,39
119,36,33,3,7,2,0,0,3,3,1,5,0,0,0,1,0,1,0,1976,1976-08-18,4550,4092,455,1039,147,23,71,423,346,44,563,21,57,34,81,94,94,39
120,32,30,6,7,0,0,2,6,2,0,2,0,0,0,1,0,0,1,1976,1976-08-19,4582,4122,461,1046,147,23,73,429,348,44,565,21,57,34,82,94,94,40
121,38,31,8,12,5,0,0,8,3,3,3,1,3,0,1,2,0,0,1976,1976-08-20,4620,4153,469,1058,152,23,73,437,351,47,568,22,60,34,83,96,94,40
122,35,32,5,10,0,1,1,5,2,1,3,0,1,0,0,1,1,0,1976,1976-08-21,4655,4185,474,1068,152,24,74,442,353,48,571,22,61,34,83,97,95,40
123,36,30,1,6,0,0,0,1,6,0,2,0,0,0,0,1,1,1,1976,1976-08-22,4691,4215,475,1074,152,24,74,443,359,48,573,22,61,34,83,98,96,41
124,36,29,6,8,1,0,1,6,4,3,2,0,2,1,0,0,0,0,1976,1976-08-23,4727,4244,481,1082,153,24,75,449,363,51,575,22,63,35,83,98,96,41
125,33,26,6,5,0,0,1,5,4,0,4,0,1,2,1,0,1,0,1976,1976-08-24,4760,4270,487,1087,153,24,76,454,367,51,579,22,64,37,84,98,97,41
126,30,26,3,6,0,0,0,3,4,0,7,0,0,0,0,3,1,0,1976,1976-08-25,4790,4296,490,1093,153,24,76,457,371,51,586,22,64,37,84,101,98,41
127,42,40,5,13,3,0,1,5,1,0,7,1,0,0,1,0,0,1,1976,1976-08-27,4832,4336,495,1106,156,24,77,462,372,51,593,23,64,37,85,101,98,42
128,32,29,1,3,2,0,0,1,2,0,4,0,1,0,0,0,1,0,1976,1976-08-28,4864,4365,496,1109,158,24,77,463,374,51,597,23,65,37,85,101,99,42
129,36,34,2,7,2,0,1,2,2,0,8,0,0,0,1,1,1,0,1976,1976-08-29,4900,4399,498,1116,160,24,78,465,376,51,605,23,65,37,86,102,100,42
130,43,33,5,12,1,2,0,5,6,1,3,0,3,1,0,2,2,0,1976,1976-08-31,4943,4432,503,1128,161,26,78,470,382,52,608,23,68,38,86,104,102,42
131,32,31,2,6,0,0,0,2,1,0,9,0,0,0,0,2,0,0,1976,,4975,4463,505,1134,161,26,78,472,383,52,617,23,68,38,86,106,102,42
132,42,34,5,12,3,0,0,4,4,0,4,1,2,1,0,1,1,1,1976,,5017,4497,510,1146,164,26,78,476,387,52,621,24,70,39,86,107,103,43
133,37,35,4,9,2,1,1,4,2,1,6,0,0,0,0,0,1,0,1976,1976-09-03,5054,4532,514,1155,166,27,79,480,389,53,627,24,70,39,86,107,104,43
134,36,28,2,2,0,0,0,2,6,0,3,0,1,1,1,0,2,0,1976,1976-09-04,5090,4560,516,1157,166,27,79,482,395,53,630,24,71,40,87,107,106,43
135,35,31,4,7,0,1,1,4,2,0,3,1,0,1,0,1,1,1,1976,1976-09-05,5125,4591,520,1164,166,28,80,486,397,53,633,25,71,41,87,108,107,44
136,34,31,4,5,1,1,1,3,2,1,0,0,0,1,2,2,1,0,1976,1976-09-06,5159,4622,524,1169,167,29,81,489,399,54,633,25,71,42,89,110,108,44
137,34,31,2,6,1,0,1,2,3,0,10,0,0,0,0,1,1,1,1976,1976-09-07,5193,4653,526,1175,168,29,82,491,402,54,643,25,71,42,89,111,109,45
138,37,37,0,5,1,0,0,0,0,0,9,0,0,0,0,1,1,0,1976,1976-09-08,5230,4690,526,1180,169,29,82,491,402,54,652,25,71,42,89,112,110,45
139,35,32,2,8,0,0,1,1,1,0,7,0,2,0,1,1,2,1,1976,1976-09-09,5265,4722,528,1188,169,29,83,492,403,54,659,25,73,42,90,113,112,46
140,40,36,2,8,1,0,0,1,3,1,4,0,0,1,1,1,0,1,1976,,5305,4758,530,1196,170,29,83,493,406,55,663,25,73,43,91,114,112,47
141,33,28,2,6,2,0,0,1,5,2,2,0,0,0,0,0,2,0,1976,,5338,4786,532,1202,172,29,83,494,411,57,665,25,73,43,91,114,114,47
142,36,32,1,5,0,0,0,0,3,1,5,0,1,0,1,0,2,0,1976,,5374,4818,533,1207,172,29,83,494,414,58,670,25,74,43,92,114,116,47
143,35,26,4,7,0,0,0,4,8,2,2,0,1,0,0,2,3,0,1976,,5409,4844,537,1214,172,29,83,498,422,60,672,25,75,43,92,116,119,47
144,42,40,9,15,1,0,2,9,1,0,1,0,1,0,0,0,3,0,1976,1976-09-14,5451,4884,546,1229,173,29,85,507,423,60,673,25,76,43,92,116,122,47
145,37,36,3,10,1,0,1,2,1,0,5,0,0,0,0,0,0,0,1976,1976-09-15,5488,4920,549,1239,174,29,86,509,424,60,678,25,76,43,92,116,122,47
146,35,33,2,7,1,0,0,1,1,0,5,0,1,0,1,1,0,0,1976,1976-09-16,5523,4953,551,1246,175,29,86,510,425,60,683,25,77,43,93,117,122,47
147,47,39,0,6,1,1,0,0,5,1,4,1,2,0,1,2,2,1,1976,,5570,4992,551,1252,176,30,86,510,430,61,687,26,79,43,94,119,124,48
148,48,33,11,13,3,1,0,11,9,1,2,1,3,2,2,2,0,2,1976,,5618,5025,562,1265,179,31,86,521,439,62,689,27,82,45,96,121,124,50
149,35,31,2,6,1,1,0,2,4,0,4,0,0,0,1,2,1,0,1976,1976-09-18,5653,5056,564,1271,180,32,86,523,443,62,693,27,82,45,97,123,125,50
150,43,38,8,16,1,0,1,8,3,0,2,0,1,1,0,1,2,2,1976,1976-09-19,5696,5094,572,1287,181,32,87,531,446,62,695,27,83,46,97,124,127,52
151,40,35,3,8,1,2,1,2,5,1,3,0,0,0,1,0,2,0,1976,1976-09-21,5736,5129,575,1295,182,34,88,533,451,63,698,27,83,46,98,124,129,52
152,35,31,3,7,3,0,0,3,2,0,3,0,2,0,1,0,0,0,1976,1976-09-22,5771,5160,578,1302,185,34,88,536,453,63,701,27,85,46,99,124,129,52
153,39,33,4,7,1,0,0,3,4,0,6,0,1,1,1,0,5,0,1976,1976-09-23,5810,5193,582,1309,186,34,88,539,457,63,707,27,86,47,100,124,134,52
154,41,33,7,11,4,0,1,7,6,3,2,1,1,0,1,1,2,0,1976,1976-09-24,5851,5226,589,1320,190,34,89,546,463,66,709,28,87,47,101,125,136,52
155,36,36,3,11,1,0,2,3,0,0,5,0,0,0,1,0,0,2,1976,1976-09-25,5887,5262,592,1331,191,34,91,549,463,66,714,28,87,47,102,125,136,54
156,35,30,2,6,2,0,0,2,4,0,3,0,1,0,1,0,1,0,1976,1976-09-26,5922,5292,594,1337,193,34,91,551,467,66,717,28,88,47,103,125,137,54
157,30,28,2,6,1,0,0,2,2,0,5,0,0,0,1,2,4,1,1976,1976-09-27,5952,5320,596,1343,194,34,91,553,469,66,722,28,88,47,104,127,141,55
158,30,30,0,3,0,0,0,0,0,0,5,0,0,0,1,1,2,0,1976,1976-09-28,5982,5350,596,1346,194,34,91,553,469,66,727,28,88,47,105,128,143,55
159,27,26,1,3,0,0,0,1,1,0,3,0,0,0,0,1,0,0,1976,1976-09-29,6009,5376,597,1349,194,34,91,554,470,66,730,28,88,47,105,129,143,55
160,41,36,8,12,2,0,0,6,5,3,8,0,0,0,0,0,1,0,1976,1976-10-01,6050,5412,605,1361,196,34,91,560,475,69,738,28,88,47,105,129,144,55
161,36,30,1,4,2,0,0,0,4,0,3,0,2,0,1,0,0,0,1976,1976-10-02,6086,5442,606,1365,198,34,91,560,479,69,741,28,90,47,106,129,144,55
162,39,30,2,6,2,0,0,1,7,2,3,1,1,0,0,1,0,0,1976,1976-10-03,6125,5472,608,1371,200,34,91,561,486,71,744,29,91,47,106,130,144,55
1,53,47,1,8,1,0,0,1,5,1,5,0,1,0,1,2,0,0,1975,1975-04-07,53,47,1,8,1,0,0,1,5,1,5,0,1,0,1,2,0,0
2,40,33,3,7,2,0,1,3,7,1,6,0,0,0,0,1,1,0,1975,1975-04-09,93,80,4,15,3,0,1,4,12,2,11,0,1,0,1,3,1,0
3,40,35,6,9,4,1,0,6,4,0,3,0,0,1,1,1,1,0,1975,1975-04-10,133,115,10,24,7,1,1,10,16,2,14,0,1,1,2,4,2,0
4,44,35,7,10,4,0,1,7,8,0,6,1,0,0,0,1,4,1,1975,1975-04-11,177,150,17,34,11,1,2,17,24,2,20,1,1,1,2,5,6,1
5,39,31,5,7,1,1,0,5,6,0,5,0,0,2,0,1,2,0,1975,1975-04-12,216,181,22,41,12,2,2,22,30,2,25,1,1,3,2,6,8,1
6,46,35,7,9,0,0,2,6,9,0,9,0,2,0,1,0,1,1,1975,1975-04-13,262,216,29,50,12,2,4,28,39,2,34,1,3,3,3,6,9,2
7,36,31,5,9,4,0,2,5,4,2,8,0,1,0,0,0,0,1,1975,1975-04-14,298,247,34,59,16,2,6,33,43,4,42,1,4,3,3,6,9,3
8,31,28,3,5,1,1,1,3,1,0,8,1,1,0,0,0,1,0,1975,1975-04-15,329,275,37,64,17,3,7,36,44,4,50,2,5,3,3,6,10,3
9,40,33,7,9,0,0,2,7,7,1,5,0,0,0,0,1,0,1,1975,1975-04-16,369,308,44,73,17,3,9,43,51,5,55,2,5,3,3,7,10,4
10,50,41,5,13,2,0,0,4,6,2,1,0,2,1,1,0,2,2,1975,1975-04-17,419,349,49,86,19,3,9,47,57,7,56,2,7,4,4,7,12,6
11,33,29,1,7,1,1,0,1,3,0,5,0,1,0,0,3,0,1,1975,1975-04-18,452,378,50,93,20,4,9,48,60,7,61,2,8,4,4,10,12,7
12,35,30,3,8,1,1,0,3,5,1,5,0,0,0,0,0,0,1,1975,1975-04-19,487,408,53,101,21,5,9,51,65,8,66,2,8,4,4,10,12,8
13,49,46,3,8,1,0,1,3,2,0,7,0,1,0,0,0,0,0,1975,1975-04-20,536,454,56,109,22,5,10,54,67,8,73,2,9,4,4,10,12,8
14,34,30,2,6,1,0,1,2,3,1,5,0,1,0,0,1,0,0,1975,1975-04-21,570,484,58,115,23,5,11,56,70,9,78,2,10,4,4,11,12,8
15,37,33,2,10,0,0,0,2,2,0,2,0,1,1,0,1,0,0,1975,1975-04-22,607,517,60,125,23,5,11,58,72,9,80,2,11,5,4,12,12,8
16,36,33,1,5,1,0,0,1,3,0,5,0,0,0,1,0,0,0,1975,1975-04-23,643,550,61,130,24,5,11,59,75,9,85,2,11,5,5,12,12,8
17,50,41,11,14,1,0,2,11,9,1,5,0,0,0,1,0,1,1,1975,1975-04-24,693,591,72,144,25,5,13,70,84,10,90,2,11,5,6,12,13,9
18,44,40,6,12,4,1,0,4,4,0,1,0,0,0,3,1,0,0,1975,1975-04-25,737,631,78,156,29,6,13,74,88,10,91,2,11,5,9,13,13,9
19,49,40,13,13,0,0,1,11,9,1,5,0,0,0,2,1,1,0,1975,1975-04-26,786,671,91,169,29,6,14,85,97,11,96,2,11,5,11,14,14,9
20,41,33,7,9,3,0,1,7,7,2,9,0,1,0,0,1,1,1,1975,1975-04-27,827,704,98,178,32,6,15,92,104,13,105,2,12,5,11,15,15,10
21,34,31,4,8,2,0,0,4,3,0,3,0,0,0,0,1,0,0,1975,1975-04-28,861,735,102,186,34,6,15,96,107,13,108,2,12,5,11,16,15,10
22,40,35,8,14,3,0,2,8,4,0,1,0,1,0,0,2,0,0,1975,1975-04-29,901,770,110,200,37,6,17,104,111,13,109,2,13,5,11,18,15,10
23,39,34,5,10,1,0,0,4,4,1,0,0,1,0,1,0,0,0,1975,1975-04-30,940,804,115,210,38,6,17,108,115,14,109,2,14,5,12,18,15,10
24,37,32,3,9,0,0,1,3,4,0,2,0,1,0,1,0,1,1,1975,1975-05-02,977,836,118,219,38,6,18,111,119,14,111,2,15,5,13,18,16,11
25,51,46,1,5,0,0,1,1,2,1,7,1,2,0,0,2,1,0,1975,1975-05-03,1028,882,119,224,38,6,19,112,121,15,118,3,17,5,13,20,17,11
26,43,36,7,12,3,1,1,7,7,2,5,0,0,0,0,2,2,1,1975,1975-05-04,1071,918,126,236,41,7,20,119,128,17,123,3,17,5,13,22,19,12
27,33,28,2,6,2,0,0,2,3,0,5,0,1,1,1,0,0,0,1975,1975-05-05,1104,946,128,242,43,7,20,121,131,17,128,3,18,6,14,22,19,12
28,36,30,3,9,3,0,1,3,5,0,5,0,1,0,0,1,0,0,1975,1975-05-06,1140,976,131,251,46,7,21,124,136,17,133,3,19,6,14,23,19,12
29,32,29,5,6,0,0,2,5,2,0,4,0,1,0,1,1,0,0,1975,1975-05-07,1172,1005,136,257,46,7,23,129,138,17,137,3,20,6,15,24,19,12
30,37,33,3,9,1,1,0,3,2,0,2,0,2,0,1,2,0,0,1975,1975-05-09,1209,1038,139,266,47,8,23,132,140,17,139,3,22,6,16,26,19,12
31,42,34,6,10,0,0,1,6,7,2,4,0,1,0,1,2,0,1,1975,1975-05-10,1251,1072,145,276,47,8,24,138,147,19,143,3,23,6,17,28,19,13
32,42,34,7,10,2,2,0,5,5,1,4,0,2,1,0,0,3,0,1975,1975-05-11,1293,1106,152,286,49,10,24,143,152,20,147,3,25,7,17,28,22,13
33,45,39,6,10,1,0,0,6,6,0,6,0,0,0,3,2,0,1,1975,1975-05-12,1338,1145,158,296,50,10,24,149,158,20,153,3,25,7,20,30,22,14
34,40,35,5,8,1,1,1,5,5,0,3,0,0,0,1,1,1,0,1975,1975-05-13,1378,1180,163,304,51,11,25,154,163,20,156,3,25,7,21,31,23,14
35,42,35,4,8,2,0,0,2,6,0,8,0,0,1,0,0,0,0,1975,1975-05-14,1420,1215,167,312,53,11,25,156,169,20,164,3,25,8,21,31,23,14
36,34,31,2,7,0,0,0,2,3,0,3,0,0,0,0,3,0,0,1975,1975-05-16,1454,1246,169,319,53,11,25,158,172,20,167,3,25,8,21,34,23,14
37,45,38,4,10,2,0,1,4,6,1,3,0,1,0,1,1,0,0,1975,1975-05-17,1499,1284,173,329,55,11,26,162,178,21,170,3,26,8,22,35,23,14
38,31,26,2,2,0,0,1,1,5,0,2,0,0,0,0,2,0,1,1975,1975-05-18,1530,1310,175,331,55,11,27,163,183,21,172,3,26,8,22,37,23,15
39,35,30,3,8,2,0,0,3,4,0,4,0,0,1,0,0,1,0,1975,1975-05-19,1565,1340,178,339,57,11,27,166,187,21,176,3,26,9,22,37,24,15
40,29,27,1,2,0,0,1,1,2,0,7,0,0,0,0,1,0,1,1975,1975-05-20,1594,1367,179,341,57,11,28,167,189,21,183,3,26,9,22,38,24,16
41,37,32,10,13,1,0,1,10,4,0,4,0,0,1,1,3,2,2,1975,1975-05-21,1631,1399,189,354,58,11,29,177,193,21,187,3,26,10,23,41,26,18
42,39,34,8,12,2,0,0,8,2,2,8,1,1,1,1,1,0,0,1975,1975-05-22,1670,1433,197,366,60,11,29,185,195,23,195,4,27,11,24,42,26,18
43,35,33,3,7,0,0,2,3,2,1,3,0,0,0,0,1,1,0,1975,1975-05-23,1705,1466,200,373,60,11,31,188,197,24,198,4,27,11,24,43,27,18
44,33,29,2,4,1,0,1,1,3,0,6,0,1,0,0,1,1,0,1975,1975-05-24,1738,1495,202,377,61,11,32,189,200,24,204,4,28,11,24,44,28,18
45,38,34,7,11,1,0,3,7,4,0,2,0,0,0,0,1,0,0,1975,1975-05-25,1776,1529,209,388,62,11,35,196,204,24,206,4,28,11,24,45,28,18
46,34,29,3,4,1,0,0,3,5,1,5,0,0,0,1,2,2,1,1975,1975-05-26,1810,1558,212,392,63,11,35,199,209,25,211,4,28,11,25,47,30,19
47,42,41,10,13,2,0,3,9,0,0,4,0,1,0,2,0,3,0,1975,1975-05-27,1852,1599,222,405,65,11,38,208,209,25,215,4,29,11,27,47,33,19
48,38,31,3,7,0,0,0,3,6,0,6,0,1,0,0,1,1,0,1975,1975-05-28,1890,1630,225,412,65,11,38,211,215,25,221,4,30,11,27,48,34,19
49,41,37,3,12,5,0,1,3,3,0,9,1,0,0,0,0,1,0,1975,,1931,1667,228,424,70,11,39,214,218,25,230,5,30,11,27,48,35,19
50,33,28,1,3,1,0,0,1,4,0,11,1,0,0,0,2,1,0,1975,1975-05-31,1964,1695,229,427,71,11,39,215,222,25,241,6,30,11,27,50,36,19
51,35,34,2,7,1,0,1,2,1,0,6,0,0,0,1,1,0,0,1975,1975-06-01,1999,1729,231,434,72,11,40,217,223,25,247,6,30,11,28,51,36,19
52,39,37,3,10,1,1,0,2,2,1,5,0,0,0,1,0,0,0,1975,1975-06-02,2038,1766,234,444,73,12,40,219,225,26,252,6,30,11,29,51,36,19
53,44,34,6,8,1,0,2,6,8,1,4,0,2,0,1,0,0,0,1975,1975-06-03,2082,1800,240,452,74,12,42,225,233,27,256,6,32,11,30,51,36,19
54,37,28,3,2,0,0,0,1,6,0,6,2,0,1,1,0,0,1,1975,1975-06-04,2119,1828,243,454,74,12,42,226,239,27,262,8,32,12,31,51,36,20
55,36,35,3,8,3,0,0,2,0,0,8,0,1,0,1,0,1,0,1975,1975-06-06,2155,1863,246,462,77,12,42,228,239,27,270,8,33,12,32,51,37,20
56,31,27,0,2,0,0,0,0,3,0,3,0,1,0,1,1,0,0,1975,1975-06-07,2186,1890,246,464,77,12,42,228,242,27,273,8,34,12,33,52,37,20
57,34,31,2,6,0,0,0,2,2,0,5,1,0,0,1,2,0,0,1975,1975-06-08,2220,1921,248,470,77,12,42,230,244,27,278,9,34,12,34,54,37,20
58,34,30,4,7,1,1,1,4,3,0,3,0,1,0,0,0,0,0,1975,1975-06-09,2254,1951,252,477,78,13,43,234,247,27,281,9,35,12,34,54,37,20
59,40,33,4,8,0,0,0,3,5,0,7,1,1,0,0,0,1,0,1975,1975-06-10,2294,1984,256,485,78,13,43,237,252,27,288,10,36,12,34,54,38,20
60,32,28,1,5,0,0,0,1,3,0,5,0,0,1,0,1,0,1,1975,1975-06-11,2326,2012,257,490,78,13,43,238,255,27,293,10,36,13,34,55,38,21
61,32,30,0,3,0,0,0,0,1,0,6,0,1,0,1,0,0,0,1975,1975-06-12,2358,2042,257,493,78,13,43,238,256,27,299,10,37,13,35,55,38,21
62,32,29,1,2,2,0,0,1,3,0,4,0,0,0,0,0,1,0,1975,1975-06-13,2390,2071,258,495,80,13,43,239,259,27,303,10,37,13,35,55,39,21
63,33,26,4,6,0,0,1,4,7,0,7,0,0,0,0,1,0,1,1975,1975-06-14,2423,2097,262,501,80,13,44,243,266,27,310,10,37,13,35,56,39,22
64,37,32,3,7,0,1,0,3,5,0,6,0,0,0,0,2,0,0,1975,1975-06-15,2460,2129,265,508,80,14,44,246,271,27,316,10,37,13,35,58,39,22
65,30,27,4,7,0,0,2,4,3,0,6,0,0,0,0,3,1,1,1975,1975-06-16,2490,2156,269,515,80,14,46,250,274,27,322,10,37,13,35,61,40,23
66,41,36,6,12,1,0,2,6,5,1,6,0,0,0,0,0,1,0,1975,1975-06-17,2531,2192,275,527,81,14,48,256,279,28,328,10,37,13,35,61,41,23
67,33,30,4,7,0,0,1,4,3,0,8,0,0,0,0,1,1,0,1975,1975-06-18,2564,2222,279,534,81,14,49,260,282,28,336,10,37,13,35,62,42,23
68,40,37,4,14,2,1,0,4,1,1,2,0,1,1,0,2,0,0,1975,1975-06-19,2604,2259,283,548,83,15,49,264,283,29,338,10,38,14,35,64,42,23
69,32,30,1,4,0,0,1,1,1,0,7,0,1,0,0,0,0,1,1975,1975-06-20,2636,2289,284,552,83,15,50,265,284,29,345,10,39,14,35,64,42,24
70,39,34,4,7,1,0,1,3,3,0,5,1,0,1,3,2,0,0,1975,1975-06-21,2675,2323,288,559,84,15,51,268,287,29,350,11,39,15,38,66,42,24
71,37,32,3,9,3,0,0,3,2,0,3,0,2,1,0,1,1,0,1975,1975-06-22,2712,2355,291,568,87,15,51,271,289,29,353,11,41,16,38,67,43,24
72,41,33,5,9,1,0,0,4,8,0,5,0,0,0,0,1,0,1,1975,1975-06-23,2753,2388,296,577,88,15,51,275,297,29,358,11,41,16,38,68,43,25
73,42,36,8,11,0,0,2,7,6,0,10,0,0,0,0,1,6,1,1975,1975-06-24,2795,2424,304,588,88,15,53,282,303,29,368,11,41,16,38,69,49,26
74,41,30,4,8,0,1,1,4,10,0,3,0,1,0,0,2,0,2,1975,1975-06-25,2836,2454,308,596,88,16,54,286,313,29,371,11,42,16,38,71,49,28
75,33,31,0,5,1,0,0,0,2,0,6,0,0,0,0,1,0,0,1975,1975-06-26,2869,2485,308,601,89,16,54,286,315,29,377,11,42,16,38,72,49,28
76,40,34,5,9,2,0,2,5,6,0,7,0,0,0,0,1,0,1,1975,1975-06-27,2909,2519,313,610,91,16,56,291,321,29,384,11,42,16,38,73,49,29
77,32,30,1,5,2,0,0,0,2,1,7,0,0,0,0,2,0,0,1975,1975-06-28,2941,2549,314,615,93,16,56,291,323,30,391,11,42,16,38,75,49,29
78,34,32,2,6,1,0,1,2,1,0,2,0,1,0,0,0,1,0,1975,1975-06-29,2975,2581,316,621,94,16,57,293,324,30,393,11,43,16,38,75,50,29
79,36,31,4,10,1,0,1,4,2,0,7,0,2,1,0,1,1,0,1975,1975-06-30,3011,2612,320,631,95,16,58,297,326,30,400,11,45,17,38,76,51,29
80,39,35,1,8,0,0,1,1,2,0,6,0,2,0,2,0,2,0,1975,1975-07-01,3050,2647,321,639,95,16,59,298,328,30,406,11,47,17,40,76,53,29
81,67,52,6,15,1,0,0,5,12,5,5,1,2,0,1,1,3,0,1975,1975-07-02,3117,2699,327,654,96,16,59,303,340,35,411,12,49,17,41,77,56,29
82,37,33,7,13,1,0,1,7,4,1,4,0,0,0,0,0,2,1,1975,1975-07-03,3154,2732,334,667,97,16,60,310,344,36,415,12,49,17,41,77,58,30
83,38,36,0,8,0,1,0,0,2,0,10,0,0,0,1,0,2,0,1975,1975-07-04,3192,2768,334,675,97,17,60,310,346,36,425,12,49,17,42,77,60,30
84,37,28,5,10,1,0,1,5,5,1,6,0,3,1,0,1,1,0,1975,1975-07-05,3229,2796,339,685,98,17,61,315,351,37,431,12,52,18,42,78,61,30
85,38,31,5,9,2,0,1,5,6,1,7,0,1,0,0,0,1,0,1975,1975-07-06,3267,2827,344,694,100,17,62,320,357,38,438,12,53,18,42,78,62,30
86,32,28,3,3,0,0,1,3,3,0,5,0,0,1,1,2,1,0,1975,1975-07-08,3299,2855,347,697,100,17,63,323,360,38,443,12,53,19,43,80,63,30
87,35,32,2,8,0,0,1,2,3,0,4,0,0,0,0,2,0,1,1975,1975-07-09,3334,2887,349,705,100,17,64,325,363,38,447,12,53,19,43,82,63,31
88,34,31,1,5,1,0,1,1,2,0,4,0,1,0,1,1,0,0,1975,1975-07-10,3368,2918,350,710,101,17,65,326,365,38,451,12,54,19,44,83,63,31
89,37,35,6,9,2,1,0,6,0,0,9,0,1,1,2,1,1,0,1975,1975-07-11,3405,2953,356,719,103,18,65,332,365,38,460,12,55,20,46,84,64,31
90,38,34,1,4,0,0,1,1,4,0,8,0,0,0,0,0,0,0,1975,1975-07-12,3443,2987,357,723,103,18,66,333,369,38,468,12,55,20,46,84,64,31
91,34,32,1,5,0,0,1,1,2,0,2,0,0,0,0,0,0,0,1975,1975-07-13,3477,3019,358,728,103,18,67,334,371,38,470,12,55,20,46,84,64,31
92,34,32,2,6,3,0,0,2,1,0,4,0,0,1,1,0,0,0,1975,1975-07-17,3511,3051,360,734,106,18,67,336,372,38,474,12,55,21,47,84,64,31
93,36,32,4,8,3,0,0,4,3,2,3,0,1,0,1,0,2,0,1975,1975-07-18,3547,3083,364,742,109,18,67,340,375,40,477,12,56,21,48,84,66,31
94,40,30,3,7,2,0,0,3,8,1,3,0,2,0,1,1,3,1,1975,1975-07-19,3587,3113,367,749,111,18,67,343,383,41,480,12,58,21,49,85,69,32
95,48,42,5,11,3,0,1,5,4,1,9,0,1,1,0,1,4,0,1975,1975-07-20,3635,3155,372,760,114,18,68,348,387,42,489,12,59,22,49,86,73,32
96,36,33,0,5,0,0,0,0,2,1,5,0,1,0,2,0,0,0,1975,1975-07-21,3671,3188,372,765,114,18,68,348,389,43,494,12,60,22,51,86,73,32
97,46,37,3,8,2,0,1,3,8,3,8,0,0,1,0,1,0,0,1975,1975-07-22,3717,3225,375,773,116,18,69,351,397,46,502,12,60,23,51,87,73,32
98,37,35,4,9,2,0,2,4,1,0,5,0,0,1,1,1,0,0,1975,1975-07-23,3754,3260,379,782,118,18,71,355,398,46,507,12,60,24,52,88,73,32
99,40,30,8,11,2,0,1,7,4,0,3,1,3,2,1,0,2,0,1975,1975-07-24,3794,3290,387,793,120,18,72,362,402,46,510,13,63,26,53,88,75,32
100,40,31,4,9,4,0,2,4,6,1,1,0,3,0,0,2,1,0,1975,,3834,3321,391,802,124,18,74,366,408,47,511,13,66,26,53,90,76,32
101,35,32,3,8,0,0,1,3,1,0,1,0,1,1,0,1,0,0,1975,,3869,3353,394,810,124,18,75,369,409,47,512,13,67,27,53,91,76,32
102,35,34,3,9,2,0,1,3,1,0,3,0,0,0,1,1,0,1,1975,1975-07-26,3904,3387,397,819,126,18,76,372,410,47,515,13,67,27,54,92,76,33
103,42,41,5,14,2,0,1,5,1,0,1,0,0,0,0,0,0,0,1975,1975-07-27,3946,3428,402,833,128,18,77,377,411,47,516,13,67,27,54,92,76,33
104,37,33,3,10,3,0,0,3,3,0,4,0,0,1,0,2,0,0,1975,1975-07-28,3983,3461,405,843,131,18,77,380,414,47,520,13,67,28,54,94,76,33
105,34,30,2,6,1,0,0,2,3,0,5,0,1,0,0,1,0,0,1975,1975-07-29,4017,3491,407,849,132,18,77,382,417,47,525,13,68,28,54,95,76,33
106,43,36,8,10,2,0,0,4,4,1,2,1,2,0,1,0,2,0,1975,1975-07-30,4060,3527,415,859,134,18,77,386,421,48,527,14,70,28,55,95,78,33
107,48,40,10,15,2,0,0,10,5,0,7,2,0,1,0,1,3,1,1975,1975-07-31,4108,3567,425,874,136,18,77,396,426,48,534,16,70,29,55,96,81,34
108,42,39,5,13,0,0,1,5,3,2,5,0,0,0,0,1,0,0,1975,1975-08-01,4150,3606,430,887,136,18,78,401,429,50,539,16,70,29,55,97,81,34
109,39,34,0,7,0,0,0,0,3,0,2,2,0,0,0,0,1,0,1975,1975-08-02,4189,3640,430,894,136,18,78,401,432,50,541,18,70,29,55,97,82,34
110,36,32,1,7,0,0,0,1,3,0,4,0,1,0,0,1,0,0,1975,1975-08-03,4225,3672,431,901,136,18,78,402,435,50,545,18,71,29,55,98,82,34
111,38,35,9,10,1,0,3,8,3,0,2,0,0,0,2,1,3,0,1975,1975-08-04,4263,3707,440,911,137,18,81,410,438,50,547,18,71,29,57,99,85,34
112,38,36,5,14,5,0,1,5,2,1,4,0,0,0,0,0,1,0,1975,1975-08-05,4301,3743,445,925,142,18,82,415,440,51,551,18,71,29,57,99,86,34
113,36,32,4,6,0,0,1,4,4,0,3,0,0,0,0,0,3,1,1975,1975-08-06,4337,3775,449,931,142,18,83,419,444,51,554,18,71,29,57,99,89,35
114,39,36,4,12,1,0,2,4,2,0,8,0,1,0,0,0,1,0,1975,1975-08-08,4376,3811,453,943,143,18,85,423,446,51,562,18,72,29,57,99,90,35
115,35,30,2,7,2,0,0,1,4,1,4,0,1,0,0,0,3,2,1975,1975-08-09,4411,3841,455,950,145,18,85,424,450,52,566,18,73,29,57,99,93,37
116,39,31,2,7,0,0,1,2,6,2,6,1,1,0,0,1,1,0,1975,1975-08-10,4450,3872,457,957,145,18,86,426,456,54,572,19,74,29,57,100,94,37
117,39,33,7,9,3,0,1,7,4,1,2,0,1,1,0,1,0,0,1975,1975-08-11,4489,3905,464,966,148,18,87,433,460,55,574,19,75,30,57,101,94,37
118,45,39,7,11,3,1,1,7,4,1,11,0,1,1,0,0,1,0,1975,1975-08-12,4534,3944,471,977,151,19,88,440,464,56,585,19,76,31,57,101,95,37
119,40,35,5,10,3,1,1,5,2,0,5,1,1,1,1,0,3,0,1975,1975-08-13,4574,3979,476,987,154,20,89,445,466,56,590,20,77,32,58,101,98,37
120,39,33,4,7,1,0,1,4,5,0,9,0,1,0,0,0,0,0,1975,1975-08-15,4613,4012,480,994,155,20,90,449,471,56,599,20,78,32,58,101,98,37
121,40,34,2,5,0,0,1,2,2,0,4,0,4,0,4,0,0,0,1975,1975-08-16,4653,4046,482,999,155,20,91,451,473,56,603,20,82,32,62,101,98,37
122,39,32,5,9,1,0,1,5,5,0,3,0,2,0,1,2,0,1,1975,1975-08-17,4692,4078,487,1008,156,20,92,456,478,56,606,20,84,32,63,103,98,38
123,34,32,3,7,0,0,2,3,1,0,7,0,1,0,0,0,0,0,1975,1975-08-18,4726,4110,490,1015,156,20,94,459,479,56,613,20,85,32,63,103,98,38
124,37,32,2,5,0,1,0,2,3,0,6,1,0,1,1,0,1,0,1975,1975-08-19,4763,4142,492,1020,156,21,94,461,482,56,619,21,85,33,64,103,99,38
125,34,32,0,6,1,0,0,0,1,0,1,1,0,0,1,2,1,0,1975,1975-08-21,4797,4174,492,1026,157,21,94,461,483,56,620,22,85,33,65,105,100,38
126,43,39,1,4,1,0,1,1,4,1,6,0,0,0,0,1,1,0,1975,1975-08-22,4840,4213,493,1030,158,21,95,462,487,57,626,22,85,33,65,106,101,38
127,27,26,3,4,0,0,1,2,0,0,5,0,1,0,2,0,0,2,1975,,4867,4239,496,1034,158,21,96,464,487,57,631,22,86,33,67,106,101,40
128,38,37,2,9,0,0,0,2,1,0,5,0,0,0,1,0,0,0,1975,,4905,4276,498,1043,158,21,96,466,488,57,636,22,86,33,68,106,101,40
129,58,51,3,13,2,0,0,3,4,1,4,1,2,0,1,0,3,1,1975,1975-08-24,4963,4327,501,1056,160,21,96,469,492,58,640,23,88,33,69,106,104,41
130,34,31,2,5,2,0,0,2,3,0,4,0,0,0,0,1,1,0,1975,1975-08-25,4997,4358,503,1061,162,21,96,471,495,58,644,23,88,33,69,107,105,41
131,40,34,8,10,1,0,1,6,6,1,9,0,0,0,3,3,1,0,1975,1975-08-26,5037,4392,511,1071,163,21,97,477,501,59,653,23,88,33,72,110,106,41
132,38,33,10,11,2,0,1,8,3,0,6,1,0,1,0,0,1,0,1975,1975-08-27,5075,4425,521,1082,165,21,98,485,504,59,659,24,88,34,72,110,107,41
133,37,32,1,8,1,0,0,1,5,1,10,0,0,0,0,3,3,0,1975,1975-08-28,5112,4457,522,1090,166,21,98,486,509,60,669,24,88,34,72,113,110,41
134,33,32,1,6,1,0,1,1,1,0,7,0,0,0,0,1,0,0,1975,1975-08-29,5145,4489,523,1096,167,21,99,487,510,60,676,24,88,34,72,114,110,41
135,37,34,7,11,0,0,2,7,3,0,6,0,0,0,1,0,2,2,1975,1975-08-30,5182,4523,530,1107,167,21,101,494,513,60,682,24,88,34,73,114,112,43
136,37,33,5,9,1,0,3,5,2,1,7,1,1,0,1,0,3,0,1975,1975-08-31,5219,4556,535,1116,168,21,104,499,515,61,689,25,89,34,74,114,115,43
137,43,38,3,13,6,1,0,3,4,2,3,0,1,0,1,1,0,1,1975,1975-09-01,5262,4594,538,1129,174,22,104,502,519,63,692,25,90,34,75,115,115,44
138,39,34,3,8,1,2,0,3,4,0,12,0,1,0,0,0,0,0,1975,1975-09-02,5301,4628,541,1137,175,24,104,505,523,63,704,25,91,34,75,115,115,44
139,39,37,2,9,4,0,0,2,2,0,1,0,0,0,2,1,0,0,1975,1975-09-03,5340,4665,543,1146,179,24,104,507,525,63,705,25,91,34,77,116,115,44
140,37,35,3,8,1,0,1,3,2,0,5,0,0,0,0,0,1,0,1975,1975-09-04,5377,4700,546,1154,180,24,105,510,527,63,710,25,91,34,77,116,116,44
141,35,34,5,9,1,1,2,5,1,0,9,0,0,0,0,0,0,2,1975,1975-09-05,5412,4734,551,1163,181,25,107,515,528,63,719,25,91,34,77,116,116,46
142,38,36,2,10,1,1,0,2,1,0,3,0,0,1,0,0,1,0,1975,1975-09-06,5450,4770,553,1173,182,26,107,517,529,63,722,25,91,35,77,116,117,46
143,42,34,4,9,2,0,0,4,7,0,6,0,1,0,0,1,3,0,1975,1975-09-07,5492,4804,557,1182,184,26,107,521,536,63,728,25,92,35,77,117,120,46
144,36,32,4,10,2,0,0,4,4,1,6,0,0,0,1,0,2,1,1975,1975-09-08,5528,4836,561,1192,186,26,107,525,540,64,734,25,92,35,78,117,122,47
145,35,30,8,9,1,2,1,8,3,1,4,0,2,0,0,1,1,0,1975,1975-09-09,5563,4866,569,1201,187,28,108,533,543,65,738,25,94,35,78,118,123,47
146,36,32,3,9,4,0,0,3,3,0,6,0,1,0,0,0,1,0,1975,1975-09-10,5599,4898,572,1210,191,28,108,536,546,65,744,25,95,35,78,118,124,47
147,34,29,5,9,1,0,1,5,4,0,4,1,0,0,0,1,1,1,1975,1975-09-11,5633,4927,577,1219,192,28,109,541,550,65,748,26,95,35,78,119,125,48
148,36,32,1,4,1,0,0,1,2,0,4,0,1,1,3,0,0,0,1975,1975-09-12,5669,4959,578,1223,193,28,109,542,552,65,752,26,96,36,81,119,125,48
149,39,32,6,8,1,0,0,5,4,0,5,2,1,0,2,0,1,0,1975,1975-09-13,5708,4991,584,1231,194,28,109,547,556,65,757,28,97,36,83,119,126,48
150,32,30,3,7,0,0,1,3,2,0,1,0,0,0,0,0,1,1,1975,1975-09-14,5740,5021,587,1238,194,28,110,550,558,65,758,28,97,36,83,119,127,49
151,36,34,5,10,0,0,1,5,2,1,2,0,0,0,0,0,0,0,1975,1975-09-15,5776,5055,592,1248,194,28,111,555,560,66,760,28,97,36,83,119,127,49
152,36,30,5,7,1,0,1,5,4,0,3,1,0,1,1,1,3,0,1975,1975-09-16,5812,5085,597,1255,195,28,112,560,564,66,763,29,97,37,84,120,130,49
153,39,33,7,11,5,0,0,7,3,1,7,0,1,2,1,0,0,0,1975,1975-09-17,5851,5118,604,1266,200,28,112,567,567,67,770,29,98,39,85,120,130,49
154,52,40,5,9,2,1,0,3,9,1,8,0,1,2,1,0,1,1,1975,1975-09-19,5903,5158,609,1275,202,29,112,570,576,68,778,29,99,41,86,120,131,50
155,61,49,5,16,3,0,1,5,9,1,7,0,2,1,0,1,3,1,1975,1975-09-20,5964,5207,614,1291,205,29,113,575,585,69,785,29,101,42,86,121,134,51
156,36,35,1,8,3,0,0,0,1,0,8,0,0,0,0,0,1,0,1975,1975-09-21,6000,5242,615,1299,208,29,113,575,586,69,793,29,101,42,86,121,135,51
157,51,42,5,14,5,0,0,4,5,2,5,1,1,2,0,0,0,1,1975,1975-09-22,6051,5284,620,1313,213,29,113,579,591,71,798,30,102,44,86,121,135,52
158,40,35,4,8,1,0,0,4,4,1,8,0,1,0,3,2,0,0,1975,1975-09-23,6091,5319,624,1321,214,29,113,583,595,72,806,30,103,44,89,123,135,52
159,49,45,14,18,2,2,3,13,3,0,7,0,0,1,1,0,1,0,1975,1975-09-24,6140,5364,638,1339,216,31,116,596,598,72,813,30,103,45,90,123,136,52
160,31,25,3,2,0,0,1,3,4,0,5,0,1,1,0,0,1,0,1975,1975-09-26,6171,5389,641,1341,216,31,117,599,602,72,818,30,104,46,90,123,137,52
161,36,29,5,6,0,0,1,5,7,0,6,0,0,0,1,0,1,0,1975,1975-09-27,6207,5418,646,1347,216,31,118,604,609,72,824,30,104,46,91,123,138,52
162,39,35,2,8,1,0,0,2,2,0,1,1,0,1,1,0,0,0,1975,1975-09-28,6246,5453,648,1355,217,31,118,606,611,72,825,31,104,47,92,123,138,52
1,44,35,8,15,0,0,1,8,6,1,4,0,1,2,0,1,3,0,1974,1974-04-05,44,35,8,15,0,0,1,8,6,1,4,0,1,2,0,1,3,0
2,40,33,8,10,2,1,1,8,6,1,4,0,0,1,1,1,3,0,1974,1974-04-06,84,68,16,25,2,1,2,16,12,2,8,0,1,3,1,2,6,0
3,41,36,9,12,3,0,2,7,5,0,9,0,0,0,1,0,1,1,1974,1974-04-07,125,104,25,37,5,1,4,23,17,2,17,0,1,3,2,2,7,1
4,36,34,4,7,2,0,0,4,2,0,10,0,0,0,0,0,0,0,1974,1974-04-08,161,138,29,44,7,1,4,27,19,2,27,0,1,3,2,2,7,1
5,43,33,9,11,2,0,0,8,7,1,6,0,0,3,1,2,1,0,1974,1974-04-09,204,171,38,55,9,1,4,35,26,3,33,0,1,6,3,4,8,1
6,37,30,4,7,2,0,0,4,4,0,1,0,1,2,0,0,1,0,1974,1974-04-10,241,201,42,62,11,1,4,39,30,3,34,0,2,8,3,4,9,1
7,38,32,4,8,2,0,0,3,5,0,3,0,1,0,0,0,1,2,1974,1974-04-11,279,233,46,70,13,1,4,42,35,3,37,0,3,8,3,4,10,3
8,41,36,3,9,2,0,0,3,5,1,5,0,0,0,0,0,0,0,1974,1974-04-12,320,269,49,79,15,1,4,45,40,4,42,0,3,8,3,4,10,3
9,38,33,6,7,2,0,0,6,4,0,5,1,0,0,0,1,0,0,1974,1974-04-13,358,302,55,86,17,1,4,51,44,4,47,1,3,8,3,5,10,3
10,44,40,7,15,1,1,2,7,3,0,3,1,0,0,0,1,1,1,1974,1974-04-14,402,342,62,101,18,2,6,58,47,4,50,2,3,8,3,6,11,4
11,46,41,5,9,1,0,2,5,4,2,10,0,1,0,0,0,2,0,1974,1974-04-16,448,383,67,110,19,2,8,63,51,6,60,2,4,8,3,6,13,4
12,46,40,14,17,3,0,3,14,6,0,3,0,0,0,0,1,1,0,1974,1974-04-17,494,423,81,127,22,2,11,77,57,6,63,2,4,8,3,7,14,4
13,32,30,4,6,1,2,1,4,0,0,6,0,0,2,0,0,0,1,1974,1974-04-19,526,453,85,133,23,4,12,81,57,6,69,2,4,10,3,7,14,5
14,33,26,4,7,2,0,2,3,5,0,2,0,2,0,0,0,0,1,1974,1974-04-20,559,479,89,140,25,4,14,84,62,6,71,2,6,10,3,7,14,6
15,41,31,4,8,2,0,0,4,10,2,5,0,0,0,0,2,4,2,1974,1974-04-21,600,510,93,148,27,4,14,88,72,8,76,2,6,10,3,9,18,8
16,38,33,5,9,0,1,1,5,4,1,3,0,1,0,2,2,0,0,1974,1974-04-23,638,543,98,157,27,5,15,93,76,9,79,2,7,10,5,11,18,8
17,35,29,6,8,1,1,1,6,4,1,2,1,0,1,0,0,1,2,1974,1974-04-24,673,572,104,165,28,6,16,99,80,10,81,3,7,11,5,11,19,10
18,32,25,1,3,0,0,0,1,5,0,4,1,0,1,0,1,2,0,1974,1974-04-25,705,597,105,168,28,6,16,100,85,10,85,4,7,12,5,12,21,10
19,40,32,7,9,3,1,0,7,7,2,3,0,1,0,1,0,1,1,1974,1974-04-26,745,629,112,177,31,7,16,107,92,12,88,4,8,12,6,12,22,11
20,35,31,5,9,1,0,2,5,3,0,5,0,0,1,2,1,3,1,1974,1974-04-27,780,660,117,186,32,7,18,112,95,12,93,4,8,13,8,13,25,12
21,35,30,4,10,4,0,1,4,5,1,3,0,0,0,0,1,0,2,1974,1974-04-28,815,690,121,196,36,7,19,116,100,13,96,4,8,13,8,14,25,14
22,36,30,8,8,1,0,0,6,5,1,3,0,0,1,0,1,3,0,1974,1974-04-29,851,720,129,204,37,7,19,122,105,14,99,4,8,14,8,15,28,14
23,40,34,7,8,1,2,2,6,4,0,6,1,0,1,1,1,1,0,1974,1974-04-30,891,754,136,212,38,9,21,128,109,14,105,5,8,15,9,16,29,14
24,50,45,2,6,1,0,1,2,4,2,16,0,1,0,0,0,1,0,1974,1974-05-01,941,799,138,218,39,9,22,130,113,16,121,5,9,15,9,16,30,14
25,36,33,1,9,1,0,0,1,1,0,4,0,1,1,0,0,0,0,1974,1974-05-03,977,832,139,227,40,9,22,131,114,16,125,5,10,16,9,16,30,14
26,39,33,3,10,2,1,1,3,4,0,7,0,0,2,1,3,1,0,1974,1974-05-04,1016,865,142,237,42,10,23,134,118,16,132,5,10,18,10,19,31,14
27,41,33,2,7,1,0,0,2,6,2,6,0,2,0,1,0,2,0,1974,1974-05-05,1057,898,144,244,43,10,23,136,124,18,138,5,12,18,11,19,33,14
28,39,34,6,9,1,0,2,6,5,0,9,0,0,0,0,0,0,2,1974,1974-05-08,1096,932,150,253,44,10,25,142,129,18,147,5,12,18,11,19,33,16
29,38,32,6,8,2,1,0,6,4,1,4,0,1,1,1,0,5,2,1974,1974-05-09,1134,964,156,261,46,11,25,148,133,19,151,5,13,19,12,19,38,18
30,44,38,7,15,2,0,3,7,3,2,5,0,3,0,0,0,0,0,1974,1974-05-10,1178,1002,163,276,48,11,28,155,136,21,156,5,16,19,12,19,38,18
31,42,38,9,12,0,0,4,8,3,0,7,0,1,0,1,1,0,0,1974,1974-05-11,1220,1040,172,288,48,11,32,163,139,21,163,5,17,19,13,20,38,18
32,64,59,15,23,6,0,1,14,4,3,3,0,1,0,0,1,2,1,1974,1974-05-12,1284,1099,187,311,54,11,33,177,143,24,166,5,18,19,13,21,40,19
33,43,37,8,12,1,0,0,8,5,0,2,0,0,1,2,1,0,0,1974,1974-05-13,1327,1136,195,323,55,11,33,185,148,24,168,5,18,20,15,22,40,19
34,34,30,1,8,0,0,0,1,3,0,4,1,0,0,0,1,1,1,1974,1974-05-14,1361,1166,196,331,55,11,33,186,151,24,172,6,18,20,15,23,41,20
35,44,35,11,12,3,0,1,9,8,1,1,0,1,0,2,1,0,1,1974,,1405,1201,207,343,58,11,34,195,159,25,173,6,19,20,17,24,41,21
36,40,33,10,11,0,1,3,10,6,0,7,0,1,0,0,0,1,1,1974,,1445,1234,217,354,58,12,37,205,165,25,180,6,20,20,17,24,42,22
37,47,45,3,13,4,1,0,3,2,0,6,0,0,0,1,0,1,0,1974,1974-05-17,1492,1279,220,367,62,13,37,208,167,25,186,6,20,20,18,24,43,22
38,49,45,1,6,2,0,0,1,4,2,9,0,0,0,2,0,1,1,1974,1974-05-18,1541,1324,221,373,64,13,37,209,171,27,195,6,20,20,20,24,44,23
39,32,30,2,5,0,0,1,2,1,0,3,0,1,0,1,2,0,0,1974,1974-05-19,1573,1354,223,378,64,13,38,211,172,27,198,6,21,20,21,26,44,23
40,35,29,5,8,2,0,2,5,3,0,5,1,2,0,0,0,0,1,1974,1974-05-20,1608,1383,228,386,66,13,40,216,175,27,203,7,23,20,21,26,44,24
41,36,27,3,4,0,0,0,2,5,2,6,1,2,1,1,1,0,0,1974,1974-05-21,1644,1410,231,390,66,13,40,218,180,29,209,8,25,21,22,27,44,24
42,36,30,6,8,4,0,0,6,5,0,3,0,0,1,2,0,2,1,1974,1974-05-22,1680,1440,237,398,70,13,40,224,185,29,212,8,25,22,24,27,46,25
43,38,33,6,7,2,0,2,6,3,0,4,2,0,0,1,1,0,1,1974,1974-05-23,1718,1473,243,405,72,13,42,230,188,29,216,10,25,22,25,28,46,26
44,43,39,7,13,3,0,1,6,3,0,5,0,0,1,2,1,0,1,1974,1974-05-24,1761,1512,250,418,75,13,43,236,191,29,221,10,25,23,27,29,46,27
45,42,39,9,13,2,0,3,9,3,0,9,0,0,0,1,0,0,1,1974,1974-05-25,1803,1551,259,431,77,13,46,245,194,29,230,10,25,23,28,29,46,28
46,47,39,9,12,3,0,0,8,5,1,4,1,0,2,2,0,0,0,1974,1974-05-26,1850,1590,268,443,80,13,46,253,199,30,234,11,25,25,30,29,46,28
47,36,30,2,8,1,0,0,2,6,0,4,0,0,0,0,5,1,0,1974,1974-05-27,1886,1620,270,451,81,13,46,255,205,30,238,11,25,25,30,34,47,28
48,45,41,11,20,2,0,2,11,3,1,8,0,0,1,0,1,0,4,1974,1974-05-28,1931,1661,281,471,83,13,48,266,208,31,246,11,25,26,30,35,47,32
49,39,37,5,11,1,0,1,5,2,1,2,0,0,0,0,1,3,0,1974,1974-05-29,1970,1698,286,482,84,13,49,271,210,32,248,11,25,26,30,36,50,32
50,42,39,8,15,3,0,0,5,3,0,7,0,0,0,1,1,4,3,1974,1974-05-31,2012,1737,294,497,87,13,49,276,213,32,255,11,25,26,31,37,54,35
51,41,35,10,13,1,0,2,10,6,1,4,0,0,0,1,3,0,2,1974,1974-06-01,2053,1772,304,510,88,13,51,286,219,33,259,11,25,26,32,40,54,37
52,42,37,6,12,1,1,1,6,3,0,6,1,1,0,0,1,0,1,1974,1974-06-02,2095,1809,310,522,89,14,52,292,222,33,265,12,26,26,32,41,54,38
53,37,31,5,10,1,1,0,5,4,1,2,0,1,1,0,0,3,0,1974,1974-06-04,2132,1840,315,532,90,15,52,297,226,34,267,12,27,27,32,41,57,38
54,31,28,3,5,1,0,2,3,3,1,6,0,0,0,0,0,1,1,1974,1974-06-05,2163,1868,318,537,91,15,54,300,229,35,273,12,27,27,32,41,58,39
55,36,31,6,9,1,1,1,5,4,0,3,0,0,1,1,1,0,1,1974,1974-06-06,2199,1899,324,546,92,16,55,305,233,35,276,12,27,28,33,42,58,40
56,39,34,6,11,0,0,1,6,5,0,3,0,0,0,0,1,2,1,1974,1974-06-07,2238,1933,330,557,92,16,56,311,238,35,279,12,27,28,33,43,60,41
57,47,40,5,8,2,0,0,5,6,0,9,1,0,0,0,1,1,0,1974,1974-06-08,2285,1973,335,565,94,16,56,316,244,35,288,13,27,28,33,44,61,41
58,36,32,4,7,1,0,0,4,1,0,5,0,1,2,3,0,0,0,1974,1974-06-09,2321,2005,339,572,95,16,56,320,245,35,293,13,28,30,36,44,61,41
59,49,42,2,12,0,0,1,2,5,4,4,0,2,0,1,0,3,0,1974,1974-06-10,2370,2047,341,584,95,16,57,322,250,39,297,13,30,30,37,44,64,41
60,38,32,0,7,0,0,0,0,5,1,7,0,1,0,0,0,0,1,1974,1974-06-11,2408,2079,341,591,95,16,57,322,255,40,304,13,31,30,37,44,64,42
61,39,36,3,10,3,0,0,3,3,0,3,0,0,0,0,1,0,0,1974,1974-06-12,2447,2115,344,601,98,16,57,325,258,40,307,13,31,30,37,45,64,42
62,40,35,3,9,0,1,0,3,3,0,6,0,2,0,2,1,0,0,1974,1974-06-14,2487,2150,347,610,98,17,57,328,261,40,313,13,33,30,39,46,64,42
63,35,35,1,7,2,0,0,1,0,0,5,0,0,0,2,0,0,0,1974,1974-06-15,2522,2185,348,617,100,17,57,329,261,40,318,13,33,30,41,46,64,42
64,41,34,7,10,0,1,1,7,6,2,8,0,1,0,0,1,0,1,1974,1974-06-16,2563,2219,355,627,100,18,58,336,267,42,326,13,34,30,41,47,64,43
65,39,34,3,7,1,0,0,2,4,1,7,0,0,1,1,0,0,0,1974,1974-06-17,2602,2253,358,634,101,18,58,338,271,43,333,13,34,31,42,47,64,43
66,34,33,0,7,1,0,0,0,1,0,7,0,0,0,0,1,0,0,1974,1974-06-18,2636,2286,358,641,102,18,58,338,272,43,340,13,34,31,42,48,64,43
67,37,33,3,7,2,0,1,3,4,1,2,0,0,0,0,0,0,0,1974,1974-06-19,2673,2319,361,648,104,18,59,341,276,44,342,13,34,31,42,48,64,43
68,38,36,4,13,0,0,1,4,1,0,8,0,0,1,0,2,0,0,1974,1974-06-21,2711,2355,365,661,104,18,60,345,277,44,350,13,34,32,42,50,64,43
69,34,32,3,8,0,0,3,3,0,0,1,1,1,0,0,2,0,0,1974,1974-06-22,2745,2387,368,669,104,18,63,348,277,44,351,14,35,32,42,52,64,43
70,37,32,4,9,0,0,1,4,5,0,5,0,0,0,0,0,0,0,1974,1974-06-23,2782,2419,372,678,104,18,64,352,282,44,356,14,35,32,42,52,64,43
71,33,32,3,6,0,0,1,3,1,0,2,0,0,0,0,0,1,0,1974,1974-06-24,2815,2451,375,684,104,18,65,355,283,44,358,14,35,32,42,52,65,43
72,33,32,2,9,1,0,0,2,1,1,3,0,0,0,1,1,1,1,1974,1974-06-25,2848,2483,377,693,105,18,65,357,284,45,361,14,35,32,43,53,66,44
73,38,34,5,12,1,0,2,5,4,0,4,0,0,0,0,2,3,2,1974,1974-06-26,2886,2517,382,705,106,18,67,362,288,45,365,14,35,32,43,55,69,46
74,46,38,11,14,3,0,1,8,5,1,1,0,2,1,2,0,0,1,1974,1974-06-28,2932,2555,393,719,109,18,68,370,293,46,366,14,37,33,45,55,69,47
75,39,35,6,9,2,1,0,5,2,1,6,0,0,2,1,0,2,0,1974,1974-06-29,2971,2590,399,728,111,19,68,375,295,47,372,14,37,35,46,55,71,47
76,37,34,5,8,2,0,2,5,3,1,5,0,0,0,0,1,0,0,1974,1974-06-30,3008,2624,404,736,113,19,70,380,298,48,377,14,37,35,46,56,71,47
77,42,34,3,9,1,2,0,3,6,3,8,1,1,0,0,1,1,0,1974,1974-07-02,3050,2658,407,745,114,21,70,383,304,51,385,15,38,35,46,57,72,47
78,36,32,4,8,2,0,1,4,2,0,3,0,1,1,0,0,1,1,1974,,3086,2690,411,753,116,21,71,387,306,51,388,15,39,36,46,57,73,48
79,33,29,0,4,2,0,0,0,4,1,8,0,0,0,0,1,0,0,1974,,3119,2719,411,757,118,21,71,387,310,52,396,15,39,36,46,58,73,48
80,37,32,3,7,2,0,0,3,4,3,5,0,0,1,2,2,1,1,1974,1974-07-04,3156,2751,414,764,120,21,71,390,314,55,401,15,39,37,48,60,74,49
81,38,30,6,6,1,0,1,6,5,0,5,1,1,1,1,2,0,0,1974,,3194,2781,420,770,121,21,72,396,319,55,406,16,40,38,49,62,74,49
82,41,39,7,10,1,0,2,7,2,0,6,0,0,0,2,0,0,1,1974,,3235,2820,427,780,122,21,74,403,321,55,412,16,40,38,51,62,74,50
83,36,33,1,8,0,0,0,1,3,0,4,0,0,0,0,2,2,0,1974,1974-07-06,3271,2853,428,788,122,21,74,404,324,55,416,16,40,38,51,64,76,50
84,37,31,4,9,3,0,0,4,5,0,1,0,0,1,0,3,0,1,1974,,3308,2884,432,797,125,21,74,408,329,55,417,16,40,39,51,67,76,51
85,41,37,5,13,0,0,0,4,2,0,4,0,2,0,0,1,0,0,1974,,3349,2921,437,810,125,21,74,412,331,55,421,16,42,39,51,68,76,51
86,41,34,4,9,0,0,1,4,5,2,3,1,1,0,0,1,0,0,1974,1974-07-08,3390,2955,441,819,125,21,75,416,336,57,424,17,43,39,51,69,76,51
87,43,35,8,8,2,0,2,6,7,1,3,0,1,0,1,0,2,0,1974,1974-07-09,3433,2990,449,827,127,21,77,422,343,58,427,17,44,39,52,69,78,51
88,38,33,4,7,0,1,2,4,4,0,11,0,1,0,1,0,1,1,1974,1974-07-10,3471,3023,453,834,127,22,79,426,347,58,438,17,45,39,53,69,79,52
89,35,33,2,8,1,0,1,2,2,0,3,0,0,0,0,1,1,0,1974,1974-07-12,3506,3056,455,842,128,22,80,428,349,58,441,17,45,39,53,70,80,52
90,30,26,2,5,1,0,1,2,4,0,3,0,0,0,0,1,0,0,1974,1974-07-13,3536,3082,457,847,129,22,81,430,353,58,444,17,45,39,53,71,80,52
91,32,31,1,6,1,0,0,1,1,0,6,0,0,0,0,2,0,0,1974,1974-07-14,3568,3113,458,853,130,22,81,431,354,58,450,17,45,39,53,73,80,52
92,42,38,7,12,1,0,0,7,4,0,5,0,0,0,0,0,0,0,1974,1974-07-16,3610,3151,465,865,131,22,81,438,358,58,455,17,45,39,53,73,80,52
93,41,39,4,13,1,1,0,4,1,1,4,1,0,0,0,0,1,0,1974,1974-07-17,3651,3190,469,878,132,23,81,442,359,59,459,18,45,39,53,73,81,52
94,38,35,7,12,2,0,2,6,3,0,4,0,0,0,0,0,2,0,1974,1974-07-18,3689,3225,476,890,134,23,83,448,362,59,463,18,45,39,53,73,83,52
95,36,31,4,9,1,0,0,4,4,2,1,0,1,0,1,2,2,0,1974,1974-07-19,3725,3256,480,899,135,23,83,452,366,61,464,18,46,39,54,75,85,52
96,36,33,2,8,2,0,0,2,3,1,7,0,0,0,0,0,2,1,1974,1974-07-20,3761,3289,482,907,137,23,83,454,369,62,471,18,46,39,54,75,87,53
97,32,30,1,5,1,0,0,1,2,0,6,0,0,0,1,2,1,1,1974,1974-07-21,3793,3319,483,912,138,23,83,455,371,62,477,18,46,39,55,77,88,54
98,42,40,11,15,1,1,1,10,2,0,6,0,0,0,0,1,1,1,1974,,3835,3359,494,927,139,24,84,465,373,62,483,18,46,39,55,78,89,55
99,32,29,2,5,2,0,0,2,1,0,5,0,1,1,0,0,0,1,1974,,3867,3388,496,932,141,24,84,467,374,62,488,18,47,40,55,78,89,56
100,52,44,7,13,6,0,0,6,6,0,4,0,0,2,1,0,1,1,1974,1974-07-26,3919,3432,503,945,147,24,84,473,380,62,492,18,47,42,56,78,90,57
101,32,30,0,4,0,1,0,0,2,0,3,0,0,0,1,2,0,0,1974,1974-07-27,3951,3462,503,949,147,25,84,473,382,62,495,18,47,42,57,80,90,57
102,41,36,2,7,2,0,1,2,4,1,5,0,1,0,1,0,1,1,1974,1974-07-28,3992,3498,505,956,149,25,85,475,386,63,500,18,48,42,58,80,91,58
103,47,41,10,17,1,0,2,9,5,2,7,0,0,1,0,1,2,0,1974,1974-07-29,4039,3539,515,973,150,25,87,484,391,65,507,18,48,43,58,81,93,58
104,42,35,8,11,1,1,2,7,4,1,10,0,1,2,2,1,1,0,1974,1974-07-30,4081,3574,523,984,151,26,89,491,395,66,517,18,49,45,60,82,94,58
105,53,39,15,12,3,0,2,14,13,2,8,1,0,0,1,1,1,0,1974,1974-07-31,4134,3613,538,996,154,26,91,505,408,68,525,19,49,45,61,83,95,58
106,43,35,8,10,1,1,2,8,6,2,8,1,1,0,1,0,2,0,1974,1974-08-01,4177,3648,546,1006,155,27,93,513,414,70,533,20,50,45,62,83,97,58
107,32,29,2,7,0,0,0,2,2,0,8,0,1,0,0,0,3,0,1974,1974-08-02,4209,3677,548,1013,155,27,93,515,416,70,541,20,51,45,62,83,100,58
108,34,33,5,10,1,0,2,5,1,0,3,0,0,0,2,2,0,0,1974,1974-08-03,4243,3710,553,1023,156,27,95,520,417,70,544,20,51,45,64,85,100,58
109,33,29,2,7,0,0,0,2,4,0,3,0,0,0,1,2,5,0,1974,1974-08-04,4276,3739,555,1030,156,27,95,522,421,70,547,20,51,45,65,87,105,58
110,33,31,6,5,0,0,2,6,1,0,7,1,0,0,2,0,0,0,1974,1974-08-05,4309,3770,561,1035,156,27,97,528,422,70,554,21,51,45,67,87,105,58
111,39,35,3,6,0,0,1,3,3,0,2,0,1,0,1,1,0,0,1974,1974-08-06,4348,3805,564,1041,156,27,98,531,425,70,556,21,52,45,68,88,105,58
112,33,32,0,6,0,0,0,0,0,0,10,1,0,0,0,1,0,0,1974,1974-08-07,4381,3837,564,1047,156,27,98,531,425,70,566,22,52,45,68,89,105,58
113,37,30,3,5,0,1,0,3,6,0,5,0,1,0,0,0,0,1,1974,1974-08-09,4418,3867,567,1052,156,28,98,534,431,70,571,22,53,45,68,89,105,59
114,39,34,6,13,1,0,1,6,4,0,4,0,1,0,0,1,4,1,1974,1974-08-10,4457,3901,573,1065,157,28,99,540,435,70,575,22,54,45,68,90,109,60
115,39,35,3,9,1,1,0,3,4,0,7,0,0,0,1,2,1,0,1974,1974-08-11,4496,3936,576,1074,158,29,99,543,439,70,582,22,54,45,69,92,110,60
116,35,34,1,9,3,0,0,1,1,0,2,0,0,0,0,1,0,0,1974,1974-08-12,4531,3970,577,1083,161,29,99,544,440,70,584,22,54,45,69,93,110,60
117,32,31,0,4,0,1,0,0,1,0,8,0,0,0,0,0,0,0,1974,1974-08-13,4563,4001,577,1087,161,30,99,544,441,70,592,22,54,45,69,93,110,60
118,40,36,2,12,0,0,0,2,3,0,4,0,1,0,0,1,3,1,1974,1974-08-14,4603,4037,579,1099,161,30,99,546,444,70,596,22,55,45,69,94,113,61
119,33,31,2,5,0,0,0,2,2,0,8,0,0,0,0,0,0,0,1974,1974-08-16,4636,4068,581,1104,161,30,99,548,446,70,604,22,55,45,69,94,113,61
120,38,34,3,11,4,0,0,3,2,0,3,0,2,0,0,1,0,1,1974,1974-08-17,4674,4102,584,1115,165,30,99,551,448,70,607,22,57,45,69,95,113,62
121,40,34,3,7,1,0,1,3,6,0,2,0,0,0,2,1,0,1,1974,1974-08-18,4714,4136,587,1122,166,30,100,554,454,70,609,22,57,45,71,96,113,63
122,55,51,8,17,3,0,2,8,2,0,11,0,2,0,1,1,0,0,1974,1974-08-19,4769,4187,595,1139,169,30,102,562,456,70,620,22,59,45,72,97,113,63
123,53,48,18,24,4,1,6,18,4,0,5,0,0,1,0,2,0,0,1974,1974-08-20,4822,4235,613,1163,173,31,108,580,460,70,625,22,59,46,72,99,113,63
124,40,36,7,11,0,0,1,4,3,0,5,0,0,1,1,0,1,0,1974,1974-08-21,4862,4271,620,1174,173,31,109,584,463,70,630,22,59,47,73,99,114,63
125,40,33,1,8,2,0,0,1,5,3,7,0,1,1,0,0,0,0,1974,1974-08-23,4902,4304,621,1182,175,31,109,585,468,73,637,22,60,48,73,99,114,63
126,37,30,3,7,1,0,0,3,6,0,6,0,0,1,2,0,8,2,1974,1974-08-24,4939,4334,624,1189,176,31,109,588,474,73,643,22,60,49,75,99,122,65
127,41,34,9,14,3,0,1,9,6,1,5,0,1,0,0,1,1,1,1974,1974-08-25,4980,4368,633,1203,179,31,110,597,480,74,648,22,61,49,75,100,123,66
128,42,36,12,13,2,0,3,9,5,1,6,0,0,1,1,0,0,1,1974,1974-08-27,5022,4404,645,1216,181,31,113,606,485,75,654,22,61,50,76,100,123,67
129,44,35,7,12,0,0,0,7,4,1,4,1,3,1,1,0,4,0,1974,1974-08-28,5066,4439,652,1228,181,31,113,613,489,76,658,23,64,51,77,100,127,67
130,34,27,3,5,1,0,0,2,4,0,4,0,3,0,1,0,0,0,1974,1974-08-29,5100,4466,655,1233,182,31,113,615,493,76,662,23,67,51,78,100,127,67
131,41,35,3,10,1,0,0,3,4,1,4,0,1,1,0,0,0,0,1974,1974-08-30,5141,4501,658,1243,183,31,113,618,497,77,666,23,68,52,78,100,127,67
132,35,34,3,8,0,0,1,3,1,0,1,0,0,0,0,0,0,1,1974,1974-08-31,5176,4535,661,1251,183,31,114,621,498,77,667,23,68,52,78,100,127,68
133,39,35,6,12,4,0,2,6,3,1,2,0,0,1,1,1,0,0,1974,1974-09-01,5215,4570,667,1263,187,31,116,627,501,78,669,23,68,53,79,101,127,68
134,34,31,3,7,0,0,2,3,2,0,2,0,1,0,0,1,1,0,1974,1974-09-02,5249,4601,670,1270,187,31,118,630,503,78,671,23,69,53,79,102,128,68
135,46,38,5,7,0,0,0,4,8,0,7,0,0,0,3,0,1,0,1974,1974-09-03,5295,4639,675,1277,187,31,118,634,511,78,678,23,69,53,82,102,129,68
136,48,40,6,13,0,0,3,6,5,1,4,1,2,0,0,1,0,1,1974,1974-09-04,5343,4679,681,1290,187,31,121,640,516,79,682,24,71,53,82,103,129,69
137,37,34,3,8,2,0,1,3,2,0,7,0,1,0,0,0,0,0,1974,1974-09-06,5380,4713,684,1298,189,31,122,643,518,79,689,24,72,53,82,103,129,69
138,39,34,5,8,3,0,1,4,3,1,5,0,0,2,1,0,0,0,1974,1974-09-07,5419,4747,689,1306,192,31,123,647,521,80,694,24,72,55,83,103,129,69
139,42,37,7,14,2,0,1,7,2,1,4,0,2,1,0,1,1,0,1974,1974-09-08,5461,4784,696,1320,194,31,124,654,523,81,698,24,74,56,83,104,130,69
140,39,37,8,11,3,0,2,7,2,0,6,0,0,0,0,0,0,1,1974,1974-09-09,5500,4821,704,1331,197,31,126,661,525,81,704,24,74,56,83,104,130,70
141,31,30,1,7,0,0,0,1,0,0,4,0,1,0,0,3,0,0,1974,1974-09-10,5531,4851,705,1338,197,31,126,662,525,81,708,24,75,56,83,107,130,70
142,46,41,5,11,5,0,0,3,5,2,2,0,0,0,3,0,0,0,1974,1974-09-11,5577,4892,710,1349,202,31,126,665,530,83,710,24,75,56,86,107,130,70
143,48,41,11,15,1,0,0,9,5,1,3,1,0,1,0,0,1,0,1974,1974-09-12,5625,4933,721,1364,203,31,126,674,535,84,713,25,75,57,86,107,131,70
144,35,34,3,10,0,0,1,3,0,0,6,0,1,0,0,0,0,1,1974,1974-09-13,5660,4967,724,1374,203,31,127,677,535,84,719,25,76,57,86,107,131,71
145,35,31,2,5,1,0,0,2,3,0,5,0,0,1,0,0,0,0,1974,1974-09-14,5695,4998,726,1379,204,31,127,679,538,84,724,25,76,58,86,107,131,71
146,36,29,7,6,1,0,2,7,5,2,7,1,1,0,0,0,1,0,1974,1974-09-15,5731,5027,733,1385,205,31,129,686,543,86,731,26,77,58,86,107,132,71
147,39,30,7,7,1,0,0,4,6,0,4,1,1,1,3,0,0,0,1974,1974-09-16,5770,5057,740,1392,206,31,129,690,549,86,735,27,78,59,89,107,132,71
148,34,30,0,5,0,0,0,0,4,0,4,0,0,0,0,2,2,0,1974,1974-09-17,5804,5087,740,1397,206,31,129,690,553,86,739,27,78,59,89,109,134,71
149,42,37,2,10,3,0,1,2,3,1,5,1,1,0,0,0,0,1,1974,1974-09-18,5846,5124,742,1407,209,31,130,692,556,87,744,28,79,59,89,109,134,72
150,40,30,11,8,2,0,1,10,8,0,2,0,1,1,2,1,0,1,1974,1974-09-19,5886,5154,753,1415,211,31,131,702,564,87,746,28,80,60,91,110,134,73
151,28,28,2,4,1,0,1,2,0,0,5,0,0,0,0,0,0,0,1974,1974-09-20,5914,5182,755,1419,212,31,132,704,564,87,751,28,80,60,91,110,134,73
152,33,31,3,5,1,0,1,3,1,0,8,0,0,1,0,0,2,0,1974,1974-09-21,5947,5213,758,1424,213,31,133,707,565,87,759,28,80,61,91,110,136,73
153,34,29,6,8,1,0,2,6,4,0,6,0,0,1,0,0,0,1,1974,1974-09-22,5981,5242,764,1432,214,31,135,713,569,87,765,28,80,62,91,110,136,74
154,38,37,4,15,3,0,0,4,0,0,4,0,1,0,0,2,0,0,1974,1974-09-23,6019,5279,768,1447,217,31,135,717,569,87,769,28,81,62,91,112,136,74
155,36,34,2,5,2,0,1,1,2,1,7,0,0,0,1,1,1,0,1974,1974-09-24,6055,5313,770,1452,219,31,136,718,571,88,776,28,81,62,92,113,137,74
156,36,31,2,8,0,0,0,2,4,0,5,0,1,0,1,3,1,0,1974,1974-09-25,6091,5344,772,1460,219,31,136,720,575,88,781,28,82,62,93,116,138,74
157,45,39,5,8,1,0,0,4,6,3,10,0,0,0,1,0,2,0,1974,1974-09-26,6136,5383,777,1468,220,31,136,724,581,91,791,28,82,62,94,116,140,74
158,33,31,2,6,2,1,1,2,1,1,3,0,1,0,0,1,0,0,1974,1974-09-27,6169,5414,779,1474,222,32,137,726,582,92,794,28,83,62,94,117,140,74
159,40,37,5,12,2,1,1,4,2,1,5,0,1,0,0,0,3,1,1974,1974-09-28,6209,5451,784,1486,224,33,138,730,584,93,799,28,84,62,94,117,143,75
160,38,31,1,6,1,0,0,1,7,1,4,0,0,0,0,0,0,0,1974,1974-09-30,6247,5482,785,1492,225,33,138,731,591,94,803,28,84,62,94,117,143,75
161,46,41,8,13,4,1,0,8,5,1,11,0,0,0,1,0,4,0,1974,1974-10-01,6293,5523,793,1505,229,34,138,739,596,95,814,28,84,62,95,117,147,75
162,39,34,5,6,2,0,1,5,1,0,6,0,2,2,3,0,2,0,1974,1974-10-02,6332,5557,798,1511,231,34,139,744,597,95,820,28,86,64,98,117,149,75
1,38,35,2,8,2,0,1,2,2,0,8,0,1,0,1,0,1,0,1973,1973-04-06,38,35,2,8,2,0,1,2,2,0,8,0,1,0,1,0,1,0
2,36,33,3,8,0,0,1,3,1,0,9,1,1,0,1,0,0,1,1973,1973-04-07,74,68,5,16,2,0,2,5,3,0,17,1,2,0,2,0,1,1
3,40,34,4,11,2,0,0,4,4,1,5,0,1,1,0,2,2,0,1973,1973-04-08,114,102,9,27,4,0,2,9,7,1,22,1,3,1,2,2,3,1
4,34,31,1,5,0,0,0,1,3,0,8,0,0,0,0,1,0,0,1973,1973-04-09,148,133,10,32,4,0,2,10,10,1,30,1,3,1,2,3,3,1
5,55,47,3,16,4,0,0,3,6,0,5,0,1,1,1,1,0,0,1973,1973-04-10,203,180,13,48,8,0,2,13,16,1,35,1,4,2,3,4,3,1
6,36,36,1,7,1,0,0,1,0,0,5,0,0,0,2,0,0,0,1973,1973-04-11,239,216,14,55,9,0,2,14,16,1,40,1,4,2,5,4,3,1
7,38,34,2,9,1,0,0,2,4,0,3,0,0,0,1,2,0,1,1973,1973-04-12,277,250,16,64,10,0,2,16,20,1,43,1,4,2,6,6,3,2
8,33,30,6,7,0,0,1,6,3,0,4,0,0,0,2,1,1,1,1973,1973-04-13,310,280,22,71,10,0,3,22,23,1,47,1,4,2,8,7,4,3
9,32,30,2,6,1,0,0,2,2,0,6,0,0,0,0,1,0,0,1973,1973-04-14,342,310,24,77,11,0,3,24,25,1,53,1,4,2,8,8,4,3
10,32,30,6,8,2,0,1,6,2,1,5,0,0,0,0,0,0,0,1973,1973-04-15,374,340,30,85,13,0,4,30,27,2,58,1,4,2,8,8,4,3
11,55,48,2,14,0,0,0,2,4,2,11,1,2,0,0,1,2,0,1973,1973-04-16,429,388,32,99,13,0,4,32,31,4,69,2,6,2,8,9,6,3
12,38,35,7,12,3,0,2,7,3,0,4,0,0,0,0,0,1,1,1973,1973-04-17,467,423,39,111,16,0,6,39,34,4,73,2,6,2,8,9,7,4
13,34,33,2,4,2,0,0,1,1,0,7,0,0,0,2,0,0,0,1973,1973-04-18,501,456,41,115,18,0,6,40,35,4,80,2,6,2,10,9,7,4
14,39,36,6,10,2,0,2,6,3,0,10,0,0,0,0,0,0,1,1973,1973-04-19,540,492,47,125,20,0,8,46,38,4,90,2,6,2,10,9,7,5
15,33,33,3,5,1,0,2,3,0,0,5,0,0,0,1,0,0,0,1973,1973-04-20,573,525,50,130,21,0,10,49,38,4,95,2,6,2,11,9,7,5
16,32,31,1,7,1,0,0,0,1,0,1,0,0,0,0,0,0,0,1973,1973-04-21,605,556,51,137,22,0,10,49,39,4,96,2,6,2,11,9,7,5
17,34,34,2,7,1,0,1,2,0,0,3,0,0,0,0,0,0,0,1973,1973-04-22,639,590,53,144,23,0,11,51,39,4,99,2,6,2,11,9,7,5
18,33,31,0,6,1,0,0,0,2,0,1,0,0,0,0,2,0,0,1973,1973-04-24,672,621,53,150,24,0,11,51,41,4,100,2,6,2,11,11,7,5
19,45,36,5,5,1,1,0,3,7,0,5,0,1,1,3,1,4,1,1973,1973-04-25,717,657,58,155,25,1,11,54,48,4,105,2,7,3,14,12,11,6
20,36,34,3,8,0,0,0,2,1,0,1,0,1,0,1,0,2,0,1973,1973-04-28,753,691,61,163,25,1,11,56,49,4,106,2,8,3,15,12,13,6
21,65,54,9,19,3,0,1,8,9,4,8,0,1,1,1,2,2,1,1973,,818,745,70,182,28,1,12,64,58,8,114,2,9,4,16,14,15,7
22,36,32,2,6,0,1,0,1,3,1,6,0,1,0,1,0,0,0,1973,,854,777,72,188,28,2,12,65,61,9,120,2,10,4,17,14,15,7
23,41,36,5,13,0,0,2,4,3,0,4,0,1,1,0,2,1,0,1973,1973-05-01,895,813,77,201,28,2,14,69,64,9,124,2,11,5,17,16,16,7
24,32,31,4,9,1,0,2,4,0,0,2,0,0,1,0,1,0,0,1973,1973-05-02,927,844,81,210,29,2,16,73,64,9,126,2,11,6,17,17,16,7
25,34,28,1,5,0,0,0,1,3,0,5,1,1,1,0,1,2,0,1973,1973-05-03,961,872,82,215,29,2,16,74,67,9,131,3,12,7,17,18,18,7
26,46,45,6,15,1,1,0,6,1,0,5,0,0,0,3,0,1,1,1973,1973-05-04,1007,917,88,230,30,3,16,80,68,9,136,3,12,7,20,18,19,8
27,43,34,11,14,1,0,1,10,6,0,4,1,2,0,1,0,3,1,1973,1973-05-05,1050,951,99,244,31,3,17,90,74,9,140,4,14,7,21,18,22,9
28,29,23,3,4,0,0,1,3,3,0,2,0,2,1,1,2,2,0,1973,1973-05-06,1079,974,102,248,31,3,18,93,77,9,142,4,16,8,22,20,24,9
29,38,32,4,10,3,1,0,3,5,1,8,0,1,0,1,1,0,1,1973,1973-05-07,1117,1006,106,258,34,4,18,96,82,10,150,4,17,8,23,21,24,10
30,40,36,7,13,3,0,1,6,3,1,2,0,0,1,1,1,1,0,1973,1973-05-08,1157,1042,113,271,37,4,19,102,85,11,152,4,17,9,24,22,25,10
31,37,28,8,6,1,1,0,7,7,3,1,0,1,1,0,0,0,0,1973,1973-05-09,1194,1070,121,277,38,5,19,109,92,14,153,4,18,10,24,22,25,10
32,39,33,3,7,0,1,0,1,4,0,3,1,0,1,1,0,2,0,1973,1973-05-11,1233,1103,124,284,38,6,19,110,96,14,156,5,18,11,25,22,27,10
33,38,33,4,9,1,0,0,4,3,0,3,0,0,2,1,1,1,0,1973,1973-05-12,1271,1136,128,293,39,6,19,114,99,14,159,5,18,13,26,23,28,10
34,53,44,15,20,5,0,2,14,8,0,4,0,1,0,0,2,0,0,1973,1973-05-13,1324,1180,143,313,44,6,21,128,107,14,163,5,19,13,26,25,28,10
35,36,34,1,9,1,0,0,1,2,0,7,0,0,0,0,1,0,0,1973,1973-05-15,1360,1214,144,322,45,6,21,129,109,14,170,5,19,13,26,26,28,10
36,52,44,8,16,3,0,3,8,6,3,6,1,1,0,0,3,2,0,1973,1973-05-16,1412,1258,152,338,48,6,24,137,115,17,176,6,20,13,26,29,30,10
37,38,34,3,9,1,0,0,3,3,2,5,0,1,0,0,0,1,0,1973,1973-05-17,1450,1292,155,347,49,6,24,140,118,19,181,6,21,13,26,29,31,10
38,40,33,3,10,3,0,0,3,4,3,3,1,1,1,0,1,0,0,1973,1973-05-18,1490,1325,158,357,52,6,24,143,122,22,184,7,22,14,26,30,31,10
39,56,51,7,17,4,0,0,6,3,2,6,0,1,1,0,1,1,0,1973,1973-05-19,1546,1376,165,374,56,6,24,149,125,24,190,7,23,15,26,31,32,10
40,35,31,2,3,1,0,0,2,3,0,4,0,1,0,1,2,0,0,1973,,1581,1407,167,377,57,6,24,151,128,24,194,7,24,15,27,33,32,10
41,41,37,8,15,1,0,2,7,3,0,2,1,0,0,2,1,2,2,1973,,1622,1444,175,392,58,6,26,158,131,24,196,8,24,15,29,34,34,12
42,33,30,5,10,2,0,1,5,1,0,6,2,0,0,0,0,0,2,1973,1973-05-22,1655,1474,180,402,60,6,27,163,132,24,202,10,24,15,29,34,34,14
43,36,31,3,7,1,0,2,2,4,0,11,0,1,0,0,1,0,0,1973,1973-05-23,1691,1505,183,409,61,6,29,165,136,24,213,10,25,15,29,35,34,14
44,82,71,3,19,0,0,0,2,9,3,7,0,1,1,2,5,1,0,1973,1973-05-24,1773,1576,186,428,61,6,29,167,145,27,220,10,26,16,31,40,35,14
45,33,29,6,9,1,1,1,6,2,0,2,0,1,1,1,1,0,1,1973,1973-05-25,1806,1605,192,437,62,7,30,173,147,27,222,10,27,17,32,41,35,15
46,46,40,9,16,0,0,1,9,6,1,5,0,0,0,0,0,2,0,1973,1973-05-26,1852,1645,201,453,62,7,31,182,153,28,227,10,27,17,32,41,37,15
47,40,28,2,8,1,0,1,2,9,2,4,0,2,1,0,1,0,0,1973,1973-05-27,1892,1673,203,461,63,7,32,184,162,30,231,10,29,18,32,42,37,15
48,37,32,5,9,3,1,2,4,5,1,3,0,0,0,1,0,1,0,1973,1973-05-28,1929,1705,208,470,66,8,34,188,167,31,234,10,29,18,33,42,38,15
49,42,37,9,15,6,0,0,8,4,2,2,0,0,1,1,2,0,0,1973,1973-05-29,1971,1742,217,485,72,8,34,196,171,33,236,10,29,19,34,44,38,15
50,45,40,9,18,3,1,1,9,5,3,5,0,0,0,0,2,1,0,1973,1973-05-30,2016,1782,226,503,75,9,35,205,176,36,241,10,29,19,34,46,39,15
51,35,25,3,4,1,0,0,3,7,2,6,0,2,1,0,0,0,0,1973,1973-06-01,2051,1807,229,507,76,9,35,208,183,38,247,10,31,20,34,46,39,15
52,34,32,3,6,0,0,0,3,2,0,4,0,0,0,0,1,1,0,1973,1973-06-02,2085,1839,232,513,76,9,35,211,185,38,251,10,31,20,34,47,40,15
53,33,31,1,6,2,0,0,1,2,0,8,0,0,0,0,1,1,1,1973,1973-06-03,2118,1870,233,519,78,9,35,212,187,38,259,10,31,20,34,48,41,16
54,44,38,10,15,4,1,1,9,3,0,6,1,0,2,1,1,0,0,1973,1973-06-05,2162,1908,243,534,82,10,36,221,190,38,265,11,31,22,35,49,41,16
55,37,34,4,10,1,0,1,4,2,0,3,0,1,0,0,1,0,0,1973,1973-06-06,2199,1942,247,544,83,10,37,225,192,38,268,11,32,22,35,50,41,16
56,38,35,4,12,2,1,1,4,3,0,7,0,0,0,0,1,0,2,1973,1973-06-07,2237,1977,251,556,85,11,38,229,195,38,275,11,32,22,35,51,41,18
57,36,35,5,9,1,1,1,5,1,0,9,0,0,0,0,0,0,0,1973,1973-06-08,2273,2012,256,565,86,12,39,234,196,38,284,11,32,22,35,51,41,18
58,36,32,2,7,2,0,0,2,3,0,4,0,0,1,1,0,3,2,1973,1973-06-09,2309,2044,258,572,88,12,39,236,199,38,288,11,32,23,36,51,44,20
59,41,35,4,11,2,1,1,4,3,1,5,0,1,2,0,0,1,0,1973,1973-06-10,2350,2079,262,583,90,13,40,240,202,39,293,11,33,25,36,51,45,20
60,37,33,5,7,0,0,0,3,3,0,7,0,0,1,1,0,2,1,1973,1973-06-11,2387,2112,267,590,90,13,40,243,205,39,300,11,33,26,37,51,47,21
61,40,36,8,11,1,1,1,8,4,1,3,0,0,0,0,1,0,0,1973,1973-06-12,2427,2148,275,601,91,14,41,251,209,40,303,11,33,26,37,52,47,21
62,36,32,3,5,0,0,1,3,4,0,3,0,0,0,1,1,0,0,1973,1973-06-13,2463,2180,278,606,91,14,42,254,213,40,306,11,33,26,38,53,47,21
63,37,32,3,6,2,0,0,2,4,0,6,0,1,0,1,1,1,0,1973,1973-06-15,2500,2212,281,612,93,14,42,256,217,40,312,11,34,26,39,54,48,21
64,30,25,6,8,1,0,1,6,5,0,3,0,0,0,0,0,2,1,1973,1973-06-16,2530,2237,287,620,94,14,43,262,222,40,315,11,34,26,39,54,50,22
65,47,40,3,8,0,0,0,2,6,0,6,0,1,0,0,0,2,0,1973,1973-06-17,2577,2277,290,628,94,14,43,264,228,40,321,11,35,26,39,54,52,22
66,43,41,13,18,0,0,0,12,2,1,4,0,0,0,2,2,1,0,1973,1973-06-18,2620,2318,303,646,94,14,43,276,230,41,325,11,35,26,41,56,53,22
67,30,29,3,5,0,0,1,3,1,0,4,0,0,0,0,0,0,0,1973,1973-06-19,2650,2347,306,651,94,14,44,279,231,41,329,11,35,26,41,56,53,22
68,49,41,6,11,2,0,1,5,6,0,3,0,1,1,1,0,2,1,1973,1973-06-20,2699,2388,312,662,96,14,45,284,237,41,332,11,36,27,42,56,55,23
69,33,30,5,8,2,0,1,2,1,1,1,0,1,1,1,0,1,1,1973,1973-06-21,2732,2418,317,670,98,14,46,286,238,42,333,11,37,28,43,56,56,24
70,38,36,3,11,0,0,0,3,0,0,2,0,1,1,0,1,0,0,1973,1973-06-22,2770,2454,320,681,98,14,46,289,238,42,335,11,38,29,43,57,56,24
71,33,30,1,7,2,0,1,1,3,0,3,0,0,0,0,4,0,0,1973,,2803,2484,321,688,100,14,47,290,241,42,338,11,38,29,43,61,56,24
72,35,30,5,8,1,0,1,5,4,1,6,0,0,1,0,1,2,0,1973,,2838,2514,326,696,101,14,48,295,245,43,344,11,38,30,43,62,58,24
73,36,30,5,9,1,0,2,5,4,1,2,1,1,0,0,0,0,2,1973,1973-06-24,2874,2544,331,705,102,14,50,300,249,44,346,12,39,30,43,62,58,26
74,37,33,3,8,0,0,1,2,2,0,1,1,1,0,1,1,1,0,1973,1973-06-25,2911,2577,334,713,102,14,51,302,251,44,347,13,40,30,44,63,59,26
75,42,37,7,11,1,0,0,6,4,0,6,0,1,0,3,1,0,0,1973,1973-06-26,2953,2614,341,724,103,14,51,308,255,44,353,13,41,30,47,64,59,26
76,41,35,2,10,2,0,0,2,4,0,6,0,1,1,1,0,0,0,1973,,2994,2649,343,734,105,14,51,310,259,44,359,13,42,31,48,64,59,26
77,46,42,8,17,3,1,0,8,3,0,5,0,0,1,1,1,1,0,1973,,3040,2691,351,751,108,15,51,318,262,44,364,13,42,32,49,65,60,26
78,54,48,12,16,2,0,0,10,4,3,3,0,1,1,1,2,0,1,1973,1973-06-29,3094,2739,363,767,110,15,51,328,266,47,367,13,43,33,50,67,60,27
79,60,52,8,14,4,1,0,7,5,3,7,2,1,0,1,0,0,0,1973,1973-06-30,3154,2791,371,781,114,16,51,335,271,50,374,15,44,33,51,67,60,27
80,33,31,3,9,3,0,1,3,2,0,3,0,0,0,0,2,0,0,1973,,3187,2822,374,790,117,16,52,338,273,50,377,15,44,33,51,69,60,27
81,45,40,2,13,2,0,0,2,4,2,1,0,1,0,0,1,0,1,1973,,3232,2862,376,803,119,16,52,340,277,52,378,15,45,33,51,70,60,28
82,36,33,2,8,1,0,1,2,3,0,5,0,0,0,1,2,1,0,1973,1973-07-02,3268,2895,378,811,120,16,53,342,280,52,383,15,45,33,52,72,61,28
83,31,31,1,4,1,0,0,1,0,0,1,0,0,0,2,2,0,0,1973,1973-07-03,3299,2926,379,815,121,16,53,343,280,52,384,15,45,33,54,74,61,28
84,36,35,2,10,0,0,0,1,0,0,6,0,1,0,0,1,0,0,1973,1973-07-04,3335,2961,381,825,121,16,53,344,280,52,390,15,46,33,54,75,61,28
85,30,29,0,2,0,0,0,0,1,0,2,0,0,0,0,0,0,0,1973,1973-07-05,3365,2990,381,827,121,16,53,344,281,52,392,15,46,33,54,75,61,28
86,34,30,3,6,1,0,0,3,3,0,3,1,0,0,1,0,2,0,1973,1973-07-06,3399,3020,384,833,122,16,53,347,284,52,395,16,46,33,55,75,63,28
87,42,37,8,16,5,0,0,8,3,2,4,0,2,0,1,0,1,2,1973,1973-07-07,3441,3057,392,849,127,16,53,355,287,54,399,16,48,33,56,75,64,30
88,48,46,3,10,0,0,1,3,2,1,8,0,0,0,1,0,2,1,1973,1973-07-08,3489,3103,395,859,127,16,54,358,289,55,407,16,48,33,57,75,66,31
89,40,36,4,12,0,1,0,4,2,0,3,0,1,1,0,0,2,0,1973,1973-07-10,3529,3139,399,871,127,17,54,362,291,55,410,16,49,34,57,75,68,31
90,30,28,3,3,0,0,1,3,2,0,6,0,0,0,1,0,1,0,1973,1973-07-11,3559,3167,402,874,127,17,55,365,293,55,416,16,49,34,58,75,69,31
91,36,34,4,13,1,1,1,4,2,0,6,0,0,0,1,1,0,1,1973,1973-07-12,3595,3201,406,887,128,18,56,369,295,55,422,16,49,34,59,76,69,32
92,36,30,5,8,1,0,1,5,5,1,6,0,0,1,0,0,0,0,1973,1973-07-13,3631,3231,411,895,129,18,57,374,300,56,428,16,49,35,59,76,69,32
93,37,33,7,10,3,0,1,6,3,0,6,0,0,1,1,0,1,0,1973,1973-07-14,3668,3264,418,905,132,18,58,380,303,56,434,16,49,36,60,76,70,32
94,38,35,9,13,1,1,1,9,2,0,4,1,0,0,0,0,1,1,1973,1973-07-15,3706,3299,427,918,133,19,59,389,305,56,438,17,49,36,60,76,71,33
95,31,30,1,4,0,0,1,1,0,0,2,0,1,0,0,0,0,0,1973,1973-07-16,3737,3329,428,922,133,19,60,390,305,56,440,17,50,36,60,76,71,33
96,41,36,8,11,1,0,0,6,3,0,4,0,1,1,1,1,1,0,1973,1973-07-17,3778,3365,436,933,134,19,60,396,308,56,444,17,51,37,61,77,72,33
97,35,32,2,7,2,0,0,2,2,0,4,1,0,0,0,2,0,0,1973,1973-07-18,3813,3397,438,940,136,19,60,398,310,56,448,18,51,37,61,79,72,33
98,36,30,3,7,2,0,0,3,4,0,4,0,1,1,0,1,1,0,1973,1973-07-19,3849,3427,441,947,138,19,60,401,314,56,452,18,52,38,61,80,73,33
99,63,61,4,17,3,0,1,4,2,2,9,0,0,0,1,0,1,1,1973,1973-07-20,3912,3488,445,964,141,19,61,405,316,58,461,18,52,38,62,80,74,34
100,31,29,1,5,1,0,0,1,1,0,7,0,0,1,1,1,0,0,1973,1973-07-21,3943,3517,446,969,142,19,61,406,317,58,468,18,52,39,63,81,74,34
101,43,36,4,8,1,0,0,2,7,3,10,0,0,0,1,0,0,0,1973,1973-07-22,3986,3553,450,977,143,19,61,408,324,61,478,18,52,39,64,81,74,34
102,33,28,3,5,0,0,0,3,4,1,2,0,0,1,0,0,0,0,1973,1973-07-26,4019,3581,453,982,143,19,61,411,328,62,480,18,52,40,64,81,74,34
103,35,33,2,7,2,0,0,2,1,0,10,0,1,0,0,0,0,0,1973,1973-07-27,4054,3614,455,989,145,19,61,413,329,62,490,18,53,40,64,81,74,34
104,31,30,0,4,1,0,0,0,1,0,5,0,0,0,0,0,0,0,1973,1973-07-28,4085,3644,455,993,146,19,61,413,330,62,495,18,53,40,64,81,74,34
105,35,29,6,6,1,0,2,6,6,1,4,0,0,0,0,1,0,0,1973,1973-07-29,4120,3673,461,999,147,19,63,419,336,63,499,18,53,40,64,82,74,34
106,33,30,5,7,1,0,2,5,2,0,4,0,1,0,1,0,0,0,1973,1973-07-30,4153,3703,466,1006,148,19,65,424,338,63,503,18,54,40,65,82,74,34
107,35,35,2,9,0,0,1,2,0,0,2,0,0,0,0,0,0,0,1973,1973-07-31,4188,3738,468,1015,148,19,66,426,338,63,505,18,54,40,65,82,74,34
108,34,31,0,5,0,0,0,0,3,0,9,0,0,0,0,0,2,1,1973,1973-08-01,4222,3769,468,1020,148,19,66,426,341,63,514,18,54,40,65,82,76,35
109,47,41,4,11,2,0,1,4,5,1,2,0,1,0,0,0,0,0,1973,1973-08-02,4269,3810,472,1031,150,19,67,430,346,64,516,18,55,40,65,82,76,35
110,38,34,3,9,1,1,0,3,3,1,8,1,0,0,0,0,0,1,1973,1973-08-03,4307,3844,475,1040,151,20,67,433,349,65,524,19,55,40,65,82,76,36
111,45,41,2,10,1,0,1,2,2,2,5,0,2,0,0,0,0,0,1973,1973-08-04,4352,3885,477,1050,152,20,68,435,351,67,529,19,57,40,65,82,76,36
112,37,33,4,6,1,0,1,4,2,1,5,0,0,2,2,0,1,0,1973,1973-08-05,4389,3918,481,1056,153,20,69,439,353,68,534,19,57,42,67,82,77,36
113,36,33,2,6,0,0,0,2,3,2,8,0,0,0,1,1,2,0,1973,1973-08-06,4425,3951,483,1062,153,20,69,441,356,70,542,19,57,42,68,83,79,36
114,40,38,6,11,4,0,0,5,2,0,9,0,0,0,0,0,0,0,1973,1973-08-07,4465,3989,489,1073,157,20,69,446,358,70,551,19,57,42,68,83,79,36
115,30,28,0,2,0,0,0,0,2,0,9,0,0,0,0,1,0,0,1973,1973-08-08,4495,4017,489,1075,157,20,69,446,360,70,560,19,57,42,68,84,79,36
116,31,30,1,10,0,1,0,1,0,0,1,0,1,0,0,1,0,0,1973,1973-08-09,4526,4047,490,1085,157,21,69,447,360,70,561,19,58,42,68,85,79,36
117,36,33,3,7,0,0,1,3,2,0,7,0,1,0,1,0,1,1,1973,1973-08-10,4562,4080,493,1092,157,21,70,450,362,70,568,19,59,42,69,85,80,37
118,34,30,1,7,1,1,0,1,2,1,2,0,2,0,0,2,0,0,1973,1973-08-11,4596,4110,494,1099,158,22,70,451,364,71,570,19,61,42,69,87,80,37
119,35,34,2,8,2,0,1,2,1,0,5,0,0,0,1,1,0,0,1973,1973-08-12,4631,4144,496,1107,160,22,71,453,365,71,575,19,61,42,70,88,80,37
120,39,29,8,9,1,0,1,6,7,1,2,1,2,0,1,1,1,1,1973,1973-08-13,4670,4173,504,1116,161,22,72,459,372,72,577,20,63,42,71,89,81,38
121,35,33,4,9,3,0,1,3,2,0,3,0,0,0,1,3,0,0,1973,1973-08-14,4705,4206,508,1125,164,22,73,462,374,72,580,20,63,42,72,92,81,38
122,37,34,7,14,3,0,1,7,1,0,3,0,2,0,1,2,2,0,1973,1973-08-15,4742,4240,515,1139,167,22,74,469,375,72,583,20,65,42,73,94,83,38
123,33,27,1,3,0,0,0,1,4,0,9,1,0,1,0,1,0,0,1973,1973-08-17,4775,4267,516,1142,167,22,74,470,379,72,592,21,65,43,73,95,83,38
124,34,34,1,7,1,1,1,1,0,0,5,0,0,0,0,0,0,0,1973,1973-08-18,4809,4301,517,1149,168,23,75,471,379,72,597,21,65,43,73,95,83,38
125,32,31,2,4,0,0,1,2,0,0,13,1,0,0,0,0,0,0,1973,1973-08-19,4841,4332,519,1153,168,23,76,473,379,72,610,22,65,43,73,95,83,38
126,32,31,1,4,0,0,1,1,0,0,4,0,1,0,1,0,0,0,1973,1973-08-21,4873,4363,520,1157,168,23,77,474,379,72,614,22,66,43,74,95,83,38
127,37,33,3,9,1,0,0,3,1,0,3,0,1,2,1,0,0,1,1973,1973-08-22,4910,4396,523,1166,169,23,77,477,380,72,617,22,67,45,75,95,83,39
128,41,36,5,10,4,0,1,5,5,2,6,0,0,0,0,0,1,1,1973,1973-08-23,4951,4432,528,1176,173,23,78,482,385,74,623,22,67,45,75,95,84,40
129,37,31,3,7,1,2,0,2,4,1,8,0,1,1,1,1,1,1,1973,1973-08-24,4988,4463,531,1183,174,25,78,484,389,75,631,22,68,46,76,96,85,41
130,50,43,6,11,1,0,2,6,5,1,5,0,1,1,1,2,0,0,1973,1973-08-25,5038,4506,537,1194,175,25,80,490,394,76,636,22,69,47,77,98,85,41
131,46,34,7,10,1,1,2,6,6,2,3,1,3,2,2,0,1,0,1973,1973-08-26,5084,4540,544,1204,176,26,82,496,400,78,639,23,72,49,79,98,86,41
132,31,29,0,3,0,0,0,0,2,0,4,0,0,0,0,1,0,0,1973,1973-08-27,5115,4569,544,1207,176,26,82,496,402,78,643,23,72,49,79,99,86,41
133,38,34,6,8,1,0,1,6,4,0,8,0,0,0,1,0,1,1,1973,1973-08-28,5153,4603,550,1215,177,26,83,502,406,78,651,23,72,49,80,99,87,42
134,37,31,5,6,2,1,0,5,3,2,2,1,1,1,0,0,0,0,1973,1973-08-29,5190,4634,555,1221,179,27,83,507,409,80,653,24,73,50,80,99,87,42
135,37,33,6,12,3,0,0,6,3,0,5,0,1,0,0,1,0,0,1973,1973-08-30,5227,4667,561,1233,182,27,83,513,412,80,658,24,74,50,80,100,87,42
136,33,30,2,4,2,0,1,2,3,0,9,0,0,0,0,0,1,1,1973,1973-08-31,5260,4697,563,1237,184,27,84,515,415,80,667,24,74,50,80,100,88,43
137,37,33,0,6,0,0,0,0,3,0,4,0,1,0,1,0,0,0,1973,1973-09-01,5297,4730,563,1243,184,27,84,515,418,80,671,24,75,50,81,100,88,43
138,35,33,0,7,1,0,0,0,2,0,7,0,0,0,0,1,0,0,1973,1973-09-02,5332,4763,563,1250,185,27,84,515,420,80,678,24,75,50,81,101,88,43
139,43,41,8,13,0,1,2,8,1,0,1,1,0,0,1,0,1,0,1973,1973-09-03,5375,4804,571,1263,185,28,86,523,421,80,679,25,75,50,82,101,89,43
140,35,29,1,1,0,0,0,0,4,0,3,2,0,0,1,0,1,0,1973,1973-09-04,5410,4833,572,1264,185,28,86,523,425,80,682,27,75,50,83,101,90,43
141,35,34,0,6,1,0,0,0,1,0,4,0,0,0,1,0,1,0,1973,1973-09-05,5445,4867,572,1270,186,28,86,523,426,80,686,27,75,50,84,101,91,43
142,40,35,2,6,0,0,0,2,4,1,8,0,1,0,4,1,2,0,1973,1973-09-06,5485,4902,574,1276,186,28,86,525,430,81,694,27,76,50,88,102,93,43
143,36,33,3,9,1,0,0,3,2,0,8,0,1,0,0,2,1,0,1973,1973-09-07,5521,4935,577,1285,187,28,86,528,432,81,702,27,77,50,88,104,94,43
144,49,46,6,12,0,0,4,6,2,1,6,0,1,0,2,0,0,0,1973,1973-09-08,5570,4981,583,1297,187,28,90,534,434,82,708,27,78,50,90,104,94,43
145,36,34,5,11,1,0,1,5,2,0,5,0,0,0,0,1,0,0,1973,1973-09-09,5606,5015,588,1308,188,28,91,539,436,82,713,27,78,50,90,105,94,43
146,38,35,3,9,3,0,1,3,3,0,1,0,0,0,0,1,0,0,1973,1973-09-11,5644,5050,591,1317,191,28,92,542,439,82,714,27,78,50,90,106,94,43
147,35,33,3,8,1,0,1,3,1,0,5,1,0,0,0,1,0,0,1973,1973-09-12,5679,5083,594,1325,192,28,93,545,440,82,719,28,78,50,90,107,94,43
148,40,35,8,11,4,0,1,8,3,1,6,0,1,1,1,0,2,1,1973,1973-09-13,5719,5118,602,1336,196,28,94,553,443,83,725,28,79,51,91,107,96,44
149,51,41,13,17,4,0,0,12,7,2,6,0,0,3,1,2,0,0,1973,1973-09-14,5770,5159,615,1353,200,28,94,565,450,85,731,28,79,54,92,109,96,44
150,34,29,1,6,0,0,1,1,5,0,3,0,0,0,0,3,1,1,1973,1973-09-15,5804,5188,616,1359,200,28,95,566,455,85,734,28,79,54,92,112,97,45
151,37,33,2,7,2,1,1,2,4,0,7,0,0,0,0,1,0,0,1973,1973-09-16,5841,5221,618,1366,202,29,96,568,459,85,741,28,79,54,92,113,97,45
152,40,35,7,12,0,0,1,6,4,1,3,0,1,0,1,1,3,0,1973,1973-09-17,5881,5256,625,1378,202,29,97,574,463,86,744,28,80,54,93,114,100,45
153,33,29,3,5,0,0,0,3,3,1,1,0,1,0,2,1,1,0,1973,1973-09-18,5914,5285,628,1383,202,29,97,577,466,87,745,28,81,54,95,115,101,45
154,33,28,4,7,1,0,0,4,4,1,4,0,0,1,0,0,0,1,1973,1973-09-19,5947,5313,632,1390,203,29,97,581,470,88,749,28,81,55,95,115,101,46
155,46,41,5,12,4,0,3,4,5,2,4,0,0,0,0,4,0,0,1973,1973-09-20,5993,5354,637,1402,207,29,100,585,475,90,753,28,81,55,95,119,101,46
156,40,34,1,7,2,0,0,1,6,0,6,0,0,0,0,1,1,2,1973,1973-09-21,6033,5388,638,1409,209,29,100,586,481,90,759,28,81,55,95,120,102,48
157,44,40,9,14,2,0,4,9,4,0,7,0,0,0,0,0,0,0,1973,1973-09-22,6077,5428,647,1423,211,29,104,595,485,90,766,28,81,55,95,120,102,48
158,33,29,6,7,1,0,2,6,3,0,5,0,0,1,0,1,0,0,1973,1973-09-23,6110,5457,653,1430,212,29,106,601,488,90,771,28,81,56,95,121,102,48
159,36,34,5,7,2,0,1,5,2,1,5,0,0,0,0,0,0,0,1973,1973-09-25,6146,5491,658,1437,214,29,107,606,490,91,776,28,81,56,95,121,102,48
160,44,40,9,14,4,0,1,9,3,0,6,0,0,1,2,1,3,1,1973,1973-09-26,6190,5531,667,1451,218,29,108,615,493,91,782,28,81,57,97,122,105,49
161,40,40,5,15,1,0,1,5,0,0,6,0,0,0,0,0,2,1,1973,1973-09-28,6230,5571,672,1466,219,29,109,620,493,91,788,28,81,57,97,122,107,50
162,37,33,3,7,0,0,1,2,4,1,7,0,0,0,0,1,2,0,1973,1973-09-29,6267,5604,675,1473,219,29,110,622,497,92,795,28,81,57,97,123,109,50
1,36,36,3,7,3,0,1,3,0,0,3,0,0,0,2,0,0,0,1972,1972-04-15,36,36,3,7,3,0,1,3,0,0,3,0,0,0,2,0,0,0
2,29,28,1,3,1,0,0,0,1,0,6,0,0,0,1,3,0,0,1972,1972-04-16,65,64,4,10,4,0,1,3,1,0,9,0,0,0,3,3,0,0
3,49,41,8,16,1,0,2,7,6,0,3,0,2,0,0,0,0,0,1972,1972-04-17,114,105,12,26,5,0,3,10,7,0,12,0,2,0,3,3,0,0
4,35,35,3,9,1,0,1,3,0,0,3,0,0,0,1,2,1,0,1972,1972-04-18,149,140,15,35,6,0,4,13,7,0,15,0,2,0,4,5,1,0
5,34,32,4,6,0,1,0,3,1,0,7,0,1,0,1,1,0,0,1972,1972-04-19,183,172,19,41,6,1,4,16,8,0,22,0,3,0,5,6,1,0
6,46,44,11,18,2,1,0,10,0,0,3,1,0,1,1,1,0,0,1972,1972-04-20,229,216,30,59,8,2,4,26,8,0,25,1,3,1,6,7,1,0
7,42,37,12,16,1,0,3,12,3,0,4,0,1,1,0,0,0,0,1972,1972-04-21,271,253,42,75,9,2,7,38,11,0,29,1,4,2,6,7,1,0
8,30,28,1,4,0,0,1,1,2,1,5,0,0,0,0,0,0,0,1972,1972-04-22,301,281,43,79,9,2,8,39,13,1,34,1,4,2,6,7,1,0
9,39,33,1,6,1,0,1,1,6,0,5,0,0,0,0,0,1,0,1972,1972-04-23,340,314,44,85,10,2,9,40,19,1,39,1,4,2,6,7,2,0
10,37,33,6,9,1,0,1,6,4,0,2,0,0,0,1,0,0,1,1972,1972-04-25,377,347,50,94,11,2,10,46,23,1,41,1,4,2,7,7,2,1
11,33,30,2,4,0,0,1,2,3,0,7,0,0,0,0,0,1,0,1972,1972-04-26,410,377,52,98,11,2,11,48,26,1,48,1,4,2,7,7,3,1
12,42,38,5,11,3,0,1,5,3,0,4,1,0,0,1,1,0,0,1972,1972-04-27,452,415,57,109,14,2,12,53,29,1,52,2,4,2,8,8,3,1
13,34,33,1,6,1,0,0,1,1,1,4,0,0,0,0,0,0,0,1972,1972-04-28,486,448,58,115,15,2,12,54,30,2,56,2,4,2,8,8,3,1
14,42,40,11,18,2,0,3,11,2,1,3,0,0,0,0,1,1,0,1972,1972-04-29,528,488,69,133,17,2,15,65,32,3,59,2,4,2,8,9,4,1
15,35,34,7,11,2,0,1,7,1,0,3,0,0,0,0,0,0,1,1972,1972-04-30,563,522,76,144,19,2,16,72,33,3,62,2,4,2,8,9,4,2
16,34,27,1,3,1,0,0,1,5,0,1,0,1,1,0,1,1,0,1972,1972-05-01,597,549,77,147,20,2,16,73,38,3,63,2,5,3,8,10,5,2
17,44,35,7,12,1,0,0,7,7,2,6,0,0,2,0,0,2,0,1972,1972-05-02,641,584,84,159,21,2,16,80,45,5,69,2,5,5,8,10,7,2
18,33,32,1,6,1,0,0,1,1,0,9,0,0,0,0,0,0,1,1972,1972-05-03,674,616,85,165,22,2,16,81,46,5,78,2,5,5,8,10,7,3
19,36,33,1,7,2,0,1,1,3,0,9,0,0,0,0,1,0,0,1972,1972-05-05,710,649,86,172,24,2,17,82,49,5,87,2,5,5,8,11,7,3
20,52,43,0,10,0,0,0,0,7,0,3,1,1,0,0,2,0,3,1972,1972-05-07,762,692,86,182,24,2,17,82,56,5,90,3,6,5,8,13,7,6
21,34,32,5,7,1,0,1,5,1,0,9,0,0,1,0,0,0,1,1972,1972-05-08,796,724,91,189,25,2,18,87,57,5,99,3,6,6,8,13,7,7
22,54,50,3,10,1,0,1,3,3,0,11,0,1,0,1,1,1,0,1972,1972-05-10,850,774,94,199,26,2,19,90,60,5,110,3,7,6,9,14,8,7
23,33,29,1,7,1,0,0,1,4,0,6,0,0,0,0,2,0,2,1972,,883,803,95,206,27,2,19,91,64,5,116,3,7,6,9,16,8,9
24,38,36,6,10,3,1,2,6,0,0,7,1,1,0,1,0,1,0,1972,,921,839,101,216,30,3,21,97,64,5,123,4,8,6,10,16,9,9
25,45,40,6,11,3,0,2,6,5,1,9,0,0,0,2,0,2,0,1972,1972-05-12,966,879,107,227,33,3,23,103,69,6,132,4,8,6,12,16,11,9
26,38,33,3,8,3,0,0,1,2,0,6,1,2,0,1,0,1,0,1972,1972-05-13,1004,912,110,235,36,3,23,104,71,6,138,5,10,6,13,16,12,9
27,36,29,2,6,2,0,0,2,4,1,5,1,2,0,0,1,0,0,1972,1972-05-15,1040,941,112,241,38,3,23,106,75,7,143,6,12,6,13,17,12,9
28,38,33,2,10,1,1,0,2,4,1,3,1,0,0,0,2,1,0,1972,1972-05-16,1078,974,114,251,39,4,23,108,79,8,146,7,12,6,13,19,13,9
29,34,32,0,6,1,0,0,0,2,0,9,0,0,0,0,1,0,0,1972,1972-05-17,1112,1006,114,257,40,4,23,108,81,8,155,7,12,6,13,20,13,9
30,51,45,3,15,2,0,0,3,6,1,5,0,0,0,0,1,2,0,1972,1972-05-18,1163,1051,117,272,42,4,23,111,87,9,160,7,12,6,13,21,15,9
31,29,28,2,4,2,0,0,2,1,0,1,0,0,0,0,0,0,0,1972,1972-05-19,1192,1079,119,276,44,4,23,113,88,9,161,7,12,6,13,21,15,9
32,30,29,3,5,2,0,1,3,1,0,1,0,0,0,0,0,0,0,1972,1972-05-20,1222,1108,122,281,46,4,24,116,89,9,162,7,12,6,13,21,15,9
33,35,29,1,5,1,0,1,1,3,0,7,0,3,0,1,0,0,0,1972,1972-05-21,1257,1137,123,286,47,4,25,117,92,9,169,7,15,6,14,21,15,9
34,43,38,8,10,3,1,1,8,5,0,3,0,0,0,2,0,0,0,1972,1972-05-22,1300,1175,131,296,50,5,26,125,97,9,172,7,15,6,16,21,15,9
35,38,31,8,8,2,0,2,3,2,0,4,0,5,0,5,0,2,0,1972,1972-05-23,1338,1206,139,304,52,5,28,128,99,9,176,7,20,6,21,21,17,9
36,32,31,0,8,1,0,0,0,0,0,6,0,1,0,0,0,3,1,1972,1972-05-24,1370,1237,139,312,53,5,28,128,99,9,182,7,21,6,21,21,20,10
37,33,29,3,5,2,0,0,3,3,1,1,0,0,1,1,1,0,1,1972,1972-05-26,1403,1266,142,317,55,5,28,131,102,10,183,7,21,7,22,22,20,11
38,41,33,7,10,3,0,0,7,5,1,11,2,0,1,0,1,0,1,1972,1972-05-27,1444,1299,149,327,58,5,28,138,107,11,194,9,21,8,22,23,20,12
39,48,42,6,8,1,0,0,4,4,0,5,0,1,1,3,0,1,0,1972,1972-05-28,1492,1341,155,335,59,5,28,142,111,11,199,9,22,9,25,23,21,12
40,35,35,5,8,0,2,3,4,0,0,4,0,0,0,0,0,1,0,1972,1972-05-29,1527,1376,160,343,59,7,31,146,111,11,203,9,22,9,25,23,22,12
41,40,32,5,8,1,1,1,5,5,1,8,0,1,2,0,0,0,0,1972,1972-05-30,1567,1408,165,351,60,8,32,151,116,12,211,9,23,11,25,23,22,12
42,43,34,5,7,0,1,1,4,5,1,4,1,2,1,2,0,3,1,1972,1972-05-31,1610,1442,170,358,60,9,33,155,121,13,215,10,25,12,27,23,25,13
43,36,32,2,5,0,0,0,0,3,0,6,0,1,0,0,0,0,0,1972,1972-06-01,1646,1474,172,363,60,9,33,155,124,13,221,10,26,12,27,23,25,13
44,38,35,8,14,2,2,0,7,3,0,5,0,0,0,0,1,1,1,1972,1972-06-02,1684,1509,180,377,62,11,33,162,127,13,226,10,26,12,27,24,26,14
45,29,27,1,4,0,0,0,1,2,0,7,0,0,0,0,0,0,0,1972,1972-06-03,1713,1536,181,381,62,11,33,163,129,13,233,10,26,12,27,24,26,14
46,28,27,0,5,0,0,0,0,1,0,6,0,0,0,0,3,0,1,1972,1972-06-04,1741,1563,181,386,62,11,33,163,130,13,239,10,26,12,27,27,26,15
47,37,34,5,10,2,0,0,5,3,1,6,0,0,0,0,0,0,0,1972,1972-06-06,1778,1597,186,396,64,11,33,168,133,14,245,10,26,12,27,27,26,15
48,39,38,1,13,0,0,0,1,1,0,6,0,0,0,0,1,0,0,1972,1972-06-07,1817,1635,187,409,64,11,33,169,134,14,251,10,26,12,27,28,26,15
49,30,27,2,5,1,0,1,1,2,0,2,0,1,0,0,1,0,0,1972,1972-06-08,1847,1662,189,414,65,11,34,170,136,14,253,10,27,12,27,29,26,15
50,34,29,1,3,0,0,1,1,5,0,5,0,0,0,0,1,0,0,1972,1972-06-09,1881,1691,190,417,65,11,35,171,141,14,258,10,27,12,27,30,26,15
51,31,27,2,8,1,0,0,2,2,0,3,0,2,0,0,4,0,0,1972,1972-06-10,1912,1718,192,425,66,11,35,173,143,14,261,10,29,12,27,34,26,15
52,41,37,5,10,2,0,3,5,4,0,8,0,0,0,0,0,0,0,1972,1972-06-11,1953,1755,197,435,68,11,38,178,147,14,269,10,29,12,27,34,26,15
53,32,30,2,4,2,0,0,2,2,0,5,0,0,0,0,1,0,0,1972,1972-06-12,1985,1785,199,439,70,11,38,180,149,14,274,10,29,12,27,35,26,15
54,37,34,2,8,0,0,0,1,2,0,3,0,1,0,1,0,4,0,1972,1972-06-13,2022,1819,201,447,70,11,38,181,151,14,277,10,30,12,28,35,30,15
55,35,33,0,6,0,0,0,0,2,0,3,0,0,0,1,1,0,0,1972,1972-06-16,2057,1852,201,453,70,11,38,181,153,14,280,10,30,12,29,36,30,15
56,35,31,2,6,1,1,0,2,4,0,7,0,0,0,0,2,0,0,1972,1972-06-17,2092,1883,203,459,71,12,38,183,157,14,287,10,30,12,29,38,30,15
57,46,38,4,8,2,0,2,4,6,1,12,0,2,0,0,2,0,0,1972,1972-06-18,2138,1921,207,467,73,12,40,187,163,15,299,10,32,12,29,40,30,15
58,40,38,3,13,1,1,0,3,1,0,9,0,1,0,0,1,1,0,1972,1972-06-19,2178,1959,210,480,74,13,40,190,164,15,308,10,33,12,29,41,31,15
59,43,41,5,12,1,1,0,4,1,1,7,0,1,0,2,1,0,0,1972,1972-06-21,2221,2000,215,492,75,14,40,194,165,16,315,10,34,12,31,42,31,15
60,30,29,2,5,1,0,1,2,1,0,4,0,0,0,0,0,1,0,1972,1972-06-23,2251,2029,217,497,76,14,41,196,166,16,319,10,34,12,31,42,32,15
61,32,30,0,3,0,0,0,0,2,0,4,0,0,0,0,0,0,0,1972,,2283,2059,217,500,76,14,41,196,168,16,323,10,34,12,31,42,32,15
62,44,37,4,14,2,1,0,4,5,1,9,0,0,2,0,1,0,0,1972,,2327,2096,221,514,78,15,41,200,173,17,332,10,34,14,31,43,32,15
63,35,32,5,9,0,0,1,5,1,1,0,0,1,1,2,0,0,0,1972,1972-06-25,2362,2128,226,523,78,15,42,205,174,18,332,10,35,15,33,43,32,15
64,35,34,0,8,1,0,0,0,1,0,6,0,0,0,0,1,0,0,1972,1972-06-26,2397,2162,226,531,79,15,42,205,175,18,338,10,35,15,33,44,32,15
65,37,32,4,6,1,0,1,4,4,0,5,1,0,0,0,0,0,0,1972,1972-06-27,2434,2194,230,537,80,15,43,209,179,18,343,11,35,15,33,44,32,15
66,32,28,5,7,2,0,0,5,2,0,4,0,0,2,0,0,0,1,1972,1972-06-28,2466,2222,235,544,82,15,43,214,181,18,347,11,35,17,33,44,32,16
67,39,37,6,11,1,0,2,5,2,0,4,0,0,0,0,1,0,0,1972,1972-06-29,2505,2259,241,555,83,15,45,219,183,18,351,11,35,17,33,45,32,16
68,38,36,4,10,1,0,2,4,2,0,1,0,0,0,0,1,0,0,1972,1972-06-30,2543,2295,245,565,84,15,47,223,185,18,352,11,35,17,33,46,32,16
69,40,37,5,10,3,0,1,5,3,0,3,0,0,0,1,0,0,0,1972,1972-07-01,2583,2332,250,575,87,15,48,228,188,18,355,11,35,17,34,46,32,16
70,37,34,3,9,1,0,0,3,1,0,3,0,1,1,0,1,1,0,1972,1972-07-02,2620,2366,253,584,88,15,48,231,189,18,358,11,36,18,34,47,33,16
71,34,31,3,6,0,0,2,3,3,0,1,0,0,0,0,2,0,0,1972,1972-07-04,2654,2397,256,590,88,15,50,234,192,18,359,11,36,18,34,49,33,16
72,39,35,7,8,2,0,0,7,3,0,4,0,0,1,2,0,0,2,1972,1972-07-05,2693,2432,263,598,90,15,50,241,195,18,363,11,36,19,36,49,33,18
73,48,38,11,13,0,1,1,11,6,2,5,2,1,0,0,0,1,0,1972,1972-07-06,2741,2470,274,611,90,16,51,252,201,20,368,13,37,19,36,49,34,18
74,43,37,6,13,1,0,1,6,3,0,4,0,1,2,1,0,1,1,1972,1972-07-07,2784,2507,280,624,91,16,52,258,204,20,372,13,38,21,37,49,35,19
75,35,33,1,7,3,0,0,1,2,0,4,0,0,0,0,1,0,0,1972,1972-07-08,2819,2540,281,631,94,16,52,259,206,20,376,13,38,21,37,50,35,19
76,38,33,2,9,1,0,0,2,3,1,5,0,2,0,1,1,0,0,1972,1972-07-09,2857,2573,283,640,95,16,52,261,209,21,381,13,40,21,38,51,35,19
77,52,45,6,15,0,0,2,6,4,0,8,1,1,1,0,0,0,0,1972,,2909,2618,289,655,95,16,54,267,213,21,389,14,41,22,38,51,35,19
78,36,33,1,6,1,0,1,1,3,0,5,0,0,0,0,0,0,0,1972,,2945,2651,290,661,96,16,55,268,216,21,394,14,41,22,38,51,35,19
79,35,34,1,5,0,0,0,0,1,0,8,0,0,0,2,0,0,0,1972,1972-07-11,2980,2685,291,666,96,16,55,268,217,21,402,14,41,22,40,51,35,19
80,45,42,9,18,3,1,0,8,2,0,4,0,1,0,0,2,1,0,1972,1972-07-12,3025,2727,300,684,99,17,55,276,219,21,406,14,42,22,40,53,36,19
81,34,31,1,5,1,0,0,1,2,0,6,0,0,1,1,1,0,0,1972,1972-07-14,3059,2758,301,689,100,17,55,277,221,21,412,14,42,23,41,54,36,19
82,40,35,2,11,2,0,0,2,4,1,2,0,1,0,0,0,0,0,1972,1972-07-15,3099,2793,303,700,102,17,55,279,225,22,414,14,43,23,41,54,36,19
83,34,30,4,8,1,1,0,3,3,0,0,0,0,1,0,1,0,0,1972,1972-07-16,3133,2823,307,708,103,18,55,282,228,22,414,14,43,24,41,55,36,19
84,40,37,2,11,0,0,1,2,2,1,4,0,1,0,0,1,1,1,1972,1972-07-18,3173,2860,309,719,103,18,56,284,230,23,418,14,44,24,41,56,37,20
85,38,30,5,9,1,0,0,5,5,0,4,1,1,1,0,1,1,0,1972,1972-07-19,3211,2890,314,728,104,18,56,289,235,23,422,15,45,25,41,57,38,20
86,36,31,1,7,1,0,0,1,4,0,6,0,1,0,0,1,1,0,1972,1972-07-20,3247,2921,315,735,105,18,56,290,239,23,428,15,46,25,41,58,39,20
87,31,27,3,6,2,1,1,3,3,1,4,0,1,0,0,0,0,1,1972,1972-07-21,3278,2948,318,741,107,19,57,293,242,24,432,15,47,25,41,58,39,21
88,37,33,4,11,1,1,1,4,2,2,3,0,2,0,1,0,1,1,1972,1972-07-22,3315,2981,322,752,108,20,58,297,244,26,435,15,49,25,42,58,40,22
89,34,33,0,5,0,0,0,0,1,0,6,0,0,0,2,0,1,0,1972,1972-07-23,3349,3014,322,757,108,20,58,297,245,26,441,15,49,25,44,58,41,22
90,40,31,6,8,1,0,1,5,6,0,5,0,2,1,1,2,3,0,1972,1972-07-27,3389,3045,328,765,109,20,59,302,251,26,446,15,51,26,45,60,44,22
91,36,35,6,8,1,0,1,6,1,0,8,0,0,0,0,0,0,0,1972,1972-07-28,3425,3080,334,773,110,20,60,308,252,26,454,15,51,26,45,60,44,22
92,35,31,2,6,1,0,0,2,3,0,9,0,1,0,1,0,0,0,1972,1972-07-29,3460,3111,336,779,111,20,60,310,255,26,463,15,52,26,46,60,44,22
93,40,34,4,9,2,1,0,4,5,0,5,0,1,0,0,1,2,0,1972,,3500,3145,340,788,113,21,60,314,260,26,468,15,53,26,46,61,46,22
94,41,38,4,13,2,0,1,4,3,0,7,0,0,0,0,0,1,0,1972,,3541,3183,344,801,115,21,61,318,263,26,475,15,53,26,46,61,47,22
95,40,33,3,7,0,0,1,3,6,0,5,0,0,1,1,1,0,0,1972,1972-07-31,3581,3216,347,808,115,21,62,321,269,26,480,15,53,27,47,62,47,22
96,36,35,3,10,1,1,0,3,1,0,2,0,0,0,0,1,0,0,1972,1972-08-01,3617,3251,350,818,116,22,62,324,270,26,482,15,53,27,47,63,47,22
97,43,37,12,13,1,2,3,11,5,0,6,0,1,0,1,1,0,1,1972,1972-08-02,3660,3288,362,831,117,24,65,335,275,26,488,15,54,27,48,64,47,23
98,30,25,3,5,0,0,0,3,1,0,2,0,3,1,1,0,1,0,1972,1972-08-03,3690,3313,365,836,117,24,65,338,276,26,490,15,57,28,49,64,48,23
99,30,29,0,4,1,0,0,0,1,0,7,0,0,0,0,0,1,2,1972,1972-08-04,3720,3342,365,840,118,24,65,338,277,26,497,15,57,28,49,64,49,25
100,34,27,1,4,2,0,0,1,5,1,6,1,1,0,1,1,0,0,1972,1972-08-05,3754,3369,366,844,120,24,65,339,282,27,503,16,58,28,50,65,49,25
101,38,36,6,12,1,0,0,6,2,2,4,0,0,0,1,0,0,0,1972,1972-08-06,3792,3405,372,856,121,24,65,345,284,29,507,16,58,28,51,65,49,25
102,68,64,1,9,0,0,0,1,3,0,7,0,1,0,3,2,0,1,1972,1972-08-08,3860,3469,373,865,121,24,65,346,287,29,514,16,59,28,54,67,49,26
103,37,34,3,10,1,0,1,3,3,0,5,0,0,0,0,4,1,0,1972,1972-08-09,3897,3503,376,875,122,24,66,349,290,29,519,16,59,28,54,71,50,26
104,41,38,6,16,0,0,1,6,2,1,3,0,1,0,1,3,1,0,1972,1972-08-10,3938,3541,382,891,122,24,67,355,292,30,522,16,60,28,55,74,51,26
105,42,37,2,11,0,0,0,2,4,2,3,0,1,0,0,3,0,0,1972,1972-08-11,3980,3578,384,902,122,24,67,357,296,32,525,16,61,28,55,77,51,26
106,39,32,5,7,2,0,1,5,6,1,4,0,0,1,0,1,2,0,1972,1972-08-12,4019,3610,389,909,124,24,68,362,302,33,529,16,61,29,55,78,53,26
107,40,35,5,11,1,0,2,5,4,1,5,0,1,0,1,1,3,1,1972,1972-08-13,4059,3645,394,920,125,24,70,367,306,34,534,16,62,29,56,79,56,27
108,41,34,8,12,0,0,1,8,5,1,5,0,1,1,1,1,2,0,1972,1972-08-15,4100,3679,402,932,125,24,71,375,311,35,539,16,63,30,57,80,58,27
109,35,32,2,9,2,0,0,2,3,1,2,0,0,0,0,3,3,1,1972,1972-08-16,4135,3711,404,941,127,24,71,377,314,36,541,16,63,30,57,83,61,28
110,35,28,4,8,0,1,0,4,4,1,3,0,2,1,0,0,0,1,1972,1972-08-17,4170,3739,408,949,127,25,71,381,318,37,544,16,65,31,57,83,61,29
111,38,35,0,9,0,0,0,0,3,0,6,0,0,0,1,1,0,0,1972,1972-08-18,4208,3774,408,958,127,25,71,381,321,37,550,16,65,31,58,84,61,29
112,33,29,4,10,1,1,0,4,3,0,4,0,1,0,0,1,0,1,1972,1972-08-19,4241,3803,412,968,128,26,71,385,324,37,554,16,66,31,58,85,61,30
113,38,32,3,7,2,0,0,3,5,0,5,1,0,0,0,2,0,0,1972,1972-08-20,4279,3835,415,975,130,26,71,388,329,37,559,17,66,31,58,87,61,30
114,35,33,0,7,0,0,0,0,2,0,6,0,0,0,0,1,0,0,1972,1972-08-21,4314,3868,415,982,130,26,71,388,331,37,565,17,66,31,58,88,61,30
115,32,30,1,7,0,0,0,1,2,1,4,0,0,0,0,1,2,0,1972,1972-08-22,4346,3898,416,989,130,26,71,389,333,38,569,17,66,31,58,89,63,30
116,34,30,3,9,1,0,0,3,3,0,10,0,0,1,0,0,1,1,1972,1972-08-23,4380,3928,419,998,131,26,71,392,336,38,579,17,66,32,58,89,64,31
117,50,39,2,6,1,0,1,2,9,1,5,1,1,0,1,1,0,0,1972,,4430,3967,421,1004,132,26,72,394,345,39,584,18,67,32,59,90,64,31
118,34,31,4,4,1,0,1,3,2,0,5,1,0,0,1,1,0,0,1972,,4464,3998,425,1008,133,26,73,397,347,39,589,19,67,32,60,91,64,31
119,39,36,7,12,4,0,1,6,3,0,4,0,0,0,0,2,0,0,1972,1972-08-26,4503,4034,432,1020,137,26,74,403,350,39,593,19,67,32,60,93,64,31
120,41,37,7,13,4,0,1,7,3,2,4,0,1,0,0,1,0,0,1972,1972-08-27,4544,4071,439,1033,141,26,75,410,353,41,597,19,68,32,60,94,64,31
121,34,32,1,8,0,0,1,1,1,0,2,0,1,0,0,1,1,1,1972,1972-08-29,4578,4103,440,1041,141,26,76,411,354,41,599,19,69,32,60,95,65,32
122,58,49,8,19,3,0,0,7,7,2,5,0,2,0,1,2,1,0,1972,1972-08-30,4636,4152,448,1060,144,26,76,418,361,43,604,19,71,32,61,97,66,32
123,41,35,5,9,2,1,0,4,5,0,4,0,1,0,2,0,0,1,1972,1972-08-31,4677,4187,453,1069,146,27,76,422,366,43,608,19,72,32,63,97,66,33
124,34,30,1,4,0,1,0,1,3,0,10,0,0,1,0,0,1,0,1972,,4711,4217,454,1073,146,28,76,423,369,43,618,19,72,33,63,97,67,33
125,36,31,2,5,0,1,0,2,4,1,4,1,0,0,0,1,2,0,1972,,4747,4248,456,1078,146,29,76,425,373,44,622,20,72,33,63,98,69,33
126,43,34,5,9,1,2,0,5,7,1,3,1,1,0,1,0,0,1,1972,1972-09-02,4790,4282,461,1087,147,31,76,430,380,45,625,21,73,33,64,98,69,34
127,36,33,6,10,0,1,1,6,1,0,8,1,0,1,0,1,0,1,1972,1972-09-03,4826,4315,467,1097,147,32,77,436,381,45,633,22,73,34,64,99,69,35
128,38,31,6,11,2,0,2,6,4,1,4,0,3,0,0,2,0,1,1972,,4864,4346,473,1108,149,32,79,442,385,46,637,22,76,34,64,101,69,36
129,38,35,4,10,0,1,1,4,2,0,5,0,0,1,0,0,0,0,1972,,4902,4381,477,1118,149,33,80,446,387,46,642,22,76,35,64,101,69,36
130,39,34,9,14,2,1,2,8,2,0,5,0,2,1,0,1,0,0,1972,1972-09-05,4941,4415,486,1132,151,34,82,454,389,46,647,22,78,36,64,102,69,36
131,36,34,3,7,0,0,1,3,2,0,7,0,0,0,0,0,0,0,1972,1972-09-06,4977,4449,489,1139,151,34,83,457,391,46,654,22,78,36,64,102,69,36
132,35,31,2,6,0,0,1,2,4,0,5,0,0,0,1,2,0,0,1972,1972-09-07,5012,4480,491,1145,151,34,84,459,395,46,659,22,78,36,65,104,69,36
133,39,31,3,5,0,0,0,1,7,0,4,0,0,1,1,1,1,0,1972,1972-09-08,5051,4511,494,1150,151,34,84,460,402,46,663,22,78,37,66,105,70,36
134,35,31,4,8,0,0,1,3,4,0,4,0,0,0,0,1,2,0,1972,1972-09-09,5086,4542,498,1158,151,34,85,463,406,46,667,22,78,37,66,106,72,36
135,37,33,3,9,1,0,0,2,3,1,1,0,1,0,1,0,0,0,1972,1972-09-10,5123,4575,501,1167,152,34,85,465,409,47,668,22,79,37,67,106,72,36
136,39,32,3,7,0,0,0,3,5,0,7,0,2,0,0,0,0,0,1972,1972-09-11,5162,4607,504,1174,152,34,85,468,414,47,675,22,81,37,67,106,72,36
137,36,34,2,4,1,0,1,2,2,0,3,0,0,0,0,0,1,0,1972,1972-09-12,5198,4641,506,1178,153,34,86,470,416,47,678,22,81,37,67,106,73,36
138,34,34,1,5,1,0,1,1,0,0,5,0,0,0,3,0,0,0,1972,1972-09-13,5232,4675,507,1183,154,34,87,471,416,47,683,22,81,37,70,106,73,36
139,38,35,4,9,1,0,0,3,3,0,2,0,0,0,1,1,0,0,1972,1972-09-15,5270,4710,511,1192,155,34,87,474,419,47,685,22,81,37,71,107,73,36
140,48,42,10,19,3,1,1,9,5,0,9,0,1,0,0,2,1,0,1972,1972-09-16,5318,4752,521,1211,158,35,88,483,424,47,694,22,82,37,71,109,74,36
141,48,42,11,17,1,0,1,9,5,0,9,0,1,0,0,1,2,0,1972,1972-09-17,5366,4794,532,1228,159,35,89,492,429,47,703,22,83,37,71,110,76,36
142,42,35,3,7,1,1,1,3,6,1,7,0,1,0,0,0,1,1,1972,1972-09-18,5408,4829,535,1235,160,36,90,495,435,48,710,22,84,37,71,110,77,37
143,37,34,2,7,1,0,0,2,3,0,7,0,0,0,0,0,0,0,1972,1972-09-19,5445,4863,537,1242,161,36,90,497,438,48,717,22,84,37,71,110,77,37
144,41,38,5,15,0,1,0,5,0,0,7,0,1,2,0,0,0,0,1972,1972-09-20,5486,4901,542,1257,161,37,90,502,438,48,724,22,85,39,71,110,77,37
145,43,38,1,7,0,0,0,1,3,2,7,1,1,0,0,0,0,0,1972,1972-09-22,5529,4939,543,1264,161,37,90,503,441,50,731,23,86,39,71,110,77,37
146,42,31,7,10,1,0,1,6,10,0,3,0,0,1,0,1,1,0,1972,1972-09-23,5571,4970,550,1274,162,37,91,509,451,50,734,23,86,40,71,111,78,37
147,43,35,7,14,3,0,1,7,7,0,6,0,1,0,0,1,0,1,1972,1972-09-24,5614,5005,557,1288,165,37,92,516,458,50,740,23,87,40,71,112,78,38
148,37,34,3,8,0,1,0,3,2,0,7,0,1,0,0,0,0,0,1972,1972-09-25,5651,5039,560,1296,165,38,92,519,460,50,747,23,88,40,71,112,78,38
149,39,36,7,12,3,0,2,7,3,0,8,0,0,0,0,0,2,0,1972,1972-09-26,5690,5075,567,1308,168,38,94,526,463,50,755,23,88,40,71,112,80,38
150,36,31,2,8,3,0,0,2,5,3,8,0,0,0,0,0,1,0,1972,1972-09-27,5726,5106,569,1316,171,38,94,528,468,53,763,23,88,40,71,112,81,38
151,36,33,1,6,0,1,1,1,3,0,6,0,0,0,0,0,1,0,1972,1972-09-29,5762,5139,570,1322,171,39,95,529,471,53,769,23,88,40,71,112,82,38
152,37,37,4,8,3,0,0,4,0,0,2,0,0,0,0,1,0,0,1972,1972-09-30,5799,5176,574,1330,174,39,95,533,471,53,771,23,88,40,71,113,82,38
153,29,28,0,2,0,0,0,0,1,0,6,0,0,0,1,2,0,0,1972,1972-10-01,5828,5204,574,1332,174,39,95,533,472,53,777,23,88,40,72,115,82,38
154,40,34,6,9,2,0,0,6,5,0,3,1,0,0,1,3,0,0,1972,1972-10-03,5868,5238,580,1341,176,39,95,539,477,53,780,24,88,40,73,118,82,38
155,36,32,4,8,2,0,3,4,3,0,6,0,1,0,0,2,0,0,1972,1972-10-04,5904,5270,584,1349,178,39,98,543,480,53,786,24,89,40,73,120,82,38
1,36,34,2,10,3,0,0,2,1,0,4,0,1,0,0,0,1,0,1971,1971-04-05,36,34,2,10,3,0,0,2,1,0,4,0,1,0,0,0,1,0
2,31,31,2,6,0,0,1,2,0,0,0,0,0,0,0,1,0,0,1971,1971-04-06,67,65,4,16,3,0,1,4,1,0,4,0,1,0,0,1,1,0
3,32,28,1,5,0,0,0,1,3,0,4,1,0,0,0,1,1,2,1971,1971-04-07,99,93,5,21,3,0,1,5,4,0,8,1,1,0,0,2,2,2
4,38,33,3,6,0,0,1,3,5,0,3,0,0,0,0,0,0,0,1971,1971-04-09,137,126,8,27,3,0,2,8,9,0,11,1,1,0,0,2,2,2
5,44,36,9,13,3,0,2,9,7,1,3,0,1,0,2,2,3,0,1971,1971-04-10,181,162,17,40,6,0,4,17,16,1,14,1,2,0,2,4,5,2
6,43,38,7,12,1,0,0,6,4,0,6,0,0,1,1,1,0,0,1971,1971-04-11,224,200,24,52,7,0,4,23,20,1,20,1,2,1,3,5,5,2
7,31,30,4,6,0,1,2,4,1,0,1,0,0,0,0,0,1,0,1971,1971-04-12,255,230,28,58,7,1,6,27,21,1,21,1,2,1,3,5,6,2
8,37,34,2,9,1,1,0,2,3,1,3,0,0,0,0,0,0,1,1971,1971-04-13,292,264,30,67,8,2,6,29,24,2,24,1,2,1,3,5,6,3
9,38,32,1,7,2,0,0,1,4,0,7,0,1,1,0,0,0,0,1971,1971-04-14,330,296,31,74,10,2,6,30,28,2,31,1,3,2,3,5,6,3
10,37,33,2,8,2,0,0,2,3,2,5,0,1,0,1,0,0,0,1971,1971-04-15,367,329,33,82,12,2,6,32,31,4,36,1,4,2,4,5,6,3
11,44,38,6,11,2,1,0,6,4,0,6,0,0,2,0,0,1,0,1971,1971-04-16,411,367,39,93,14,3,6,38,35,4,42,1,4,4,4,5,7,3
12,37,31,3,6,1,0,1,3,6,0,3,0,0,0,0,2,0,0,1971,1971-04-17,448,398,42,99,15,3,7,41,41,4,45,1,4,4,4,7,7,3
13,36,33,6,7,0,1,1,5,3,0,6,0,0,0,0,0,0,1,1971,1971-04-18,484,431,48,106,15,4,8,46,44,4,51,1,4,4,4,7,7,4
14,40,30,3,6,4,0,0,3,9,2,6,0,1,0,0,1,0,0,1971,1971-04-19,524,461,51,112,19,4,8,49,53,6,57,1,5,4,4,8,7,4
15,38,33,6,8,0,0,0,6,4,0,4,0,1,0,2,0,0,1,1971,1971-04-20,562,494,57,120,19,4,8,55,57,6,61,1,6,4,6,8,7,5
16,47,43,10,18,5,1,1,10,2,0,8,0,1,1,0,0,1,0,1971,1971-04-21,609,537,67,138,24,5,9,65,59,6,69,1,7,5,6,8,8,5
17,43,36,3,7,2,0,0,3,7,2,3,0,0,0,2,1,0,0,1971,1971-04-23,652,573,70,145,26,5,9,68,66,8,72,1,7,5,8,9,8,5
18,37,35,5,10,0,0,1,5,1,0,6,0,0,1,1,2,2,0,1971,1971-04-24,689,608,75,155,26,5,10,73,67,8,78,1,7,6,9,11,10,5
19,36,30,4,7,1,1,0,4,3,1,5,1,1,1,0,1,1,1,1971,,725,638,79,162,27,6,10,77,70,9,83,2,8,7,9,12,11,6
20,34,31,0,6,2,0,0,0,3,0,5,0,0,0,1,2,0,1,1971,,759,669,79,168,29,6,10,77,73,9,88,2,8,7,10,14,11,7
21,41,35,7,9,2,0,0,7,4,1,6,0,1,1,2,0,0,0,1971,1971-04-27,800,704,86,177,31,6,10,84,77,10,94,2,9,8,12,14,11,7
22,36,35,5,11,2,0,2,5,1,0,4,0,0,0,0,2,0,0,1971,1971-04-28,836,739,91,188,33,6,12,89,78,10,98,2,9,8,12,16,11,7
23,35,32,2,7,2,0,0,2,3,2,7,0,0,0,1,2,0,1,1971,1971-04-29,871,771,93,195,35,6,12,91,81,12,105,2,9,8,13,18,11,8
24,37,34,2,9,0,0,0,2,2,0,3,0,1,0,1,2,0,0,1971,1971-04-30,908,805,95,204,35,6,12,93,83,12,108,2,10,8,14,20,11,8
25,43,37,5,13,2,0,0,5,4,1,4,1,1,0,1,2,0,0,1971,1971-05-01,951,842,100,217,37,6,12,98,87,13,112,3,11,8,15,22,11,8
26,32,30,1,5,1,0,1,1,2,0,3,0,0,0,0,1,0,1,1971,1971-05-02,983,872,101,222,38,6,13,99,89,13,115,3,11,8,15,23,11,9
27,34,30,2,7,0,0,1,2,3,0,6,0,1,0,0,0,0,0,1971,1971-05-04,1017,902,103,229,38,6,14,101,92,13,121,3,12,8,15,23,11,9
28,42,31,4,9,0,0,0,3,8,1,5,1,2,0,0,2,1,0,1971,1971-05-05,1059,933,107,238,38,6,14,104,100,14,126,4,14,8,15,25,12,9
29,37,32,5,11,2,0,1,5,3,0,4,0,1,1,0,0,0,1,1971,1971-05-06,1096,965,112,249,40,6,15,109,103,14,130,4,15,9,15,25,12,10
30,36,33,2,7,1,0,0,2,2,0,3,1,0,0,0,1,1,0,1971,1971-05-07,1132,998,114,256,41,6,15,111,105,14,133,5,15,9,15,26,13,10
31,44,38,3,14,0,0,0,3,5,0,6,0,1,0,0,0,1,1,1971,1971-05-08,1176,1036,117,270,41,6,15,114,110,14,139,5,16,9,15,26,14,11
32,44,39,5,14,2,0,0,4,3,0,9,0,1,1,0,0,0,0,1971,1971-05-09,1220,1075,122,284,43,6,15,118,113,14,148,5,17,10,15,26,14,11
33,37,34,6,11,1,2,1,6,3,0,6,0,0,0,0,1,0,0,1971,1971-05-11,1257,1109,128,295,44,8,16,124,116,14,154,5,17,10,15,27,14,11
34,34,31,5,9,1,0,2,5,2,0,7,0,1,0,0,1,0,0,1971,1971-05-12,1291,1140,133,304,45,8,18,129,118,14,161,5,18,10,15,28,14,11
35,36,35,4,8,2,0,1,4,1,0,4,0,0,0,1,1,0,0,1971,1971-05-14,1327,1175,137,312,47,8,19,133,119,14,165,5,18,10,16,29,14,11
36,34,32,0,6,1,0,0,0,2,0,2,0,0,0,0,1,1,0,1971,1971-05-15,1361,1207,137,318,48,8,19,133,121,14,167,5,18,10,16,30,15,11
37,47,38,9,12,2,0,1,7,9,2,4,0,0,0,0,1,3,0,1971,1971-05-16,1408,1245,146,330,50,8,20,140,130,16,171,5,18,10,16,31,18,11
38,39,32,5,11,0,0,0,5,3,0,1,1,1,2,1,3,0,0,1971,1971-05-18,1447,1277,151,341,50,8,20,145,133,16,172,6,19,12,17,34,18,11
39,39,37,6,10,1,0,0,6,2,0,7,0,0,0,2,0,2,0,1971,1971-05-19,1486,1314,157,351,51,8,20,151,135,16,179,6,19,12,19,34,20,11
40,35,31,0,5,1,0,0,0,3,0,5,1,0,0,0,0,0,1,1971,1971-05-20,1521,1345,157,356,52,8,20,151,138,16,184,7,19,12,19,34,20,12
41,42,38,8,12,1,0,0,7,4,1,4,0,0,0,0,1,2,0,1971,1971-05-21,1563,1383,165,368,53,8,20,158,142,17,188,7,19,12,19,35,22,12
42,38,37,2,10,1,0,0,2,1,0,1,0,0,0,1,0,1,1,1971,1971-05-22,1601,1420,167,378,54,8,20,160,143,17,189,7,19,12,20,35,23,13
43,36,36,4,10,1,1,1,4,0,0,9,0,0,0,0,0,0,1,1971,1971-05-23,1637,1456,171,388,55,9,21,164,143,17,198,7,19,12,20,35,23,14
44,32,32,1,7,1,0,0,1,0,0,5,0,0,0,0,0,0,0,1971,1971-05-25,1669,1488,172,395,56,9,21,165,143,17,203,7,19,12,20,35,23,14
45,35,32,4,7,0,0,0,4,2,0,1,0,0,1,1,1,0,1,1971,1971-05-26,1704,1520,176,402,56,9,21,169,145,17,204,7,19,13,21,36,23,15
46,35,30,5,9,0,0,1,4,3,0,7,0,1,1,2,1,2,2,1971,1971-05-27,1739,1550,181,411,56,9,22,173,148,17,211,7,20,14,23,37,25,17
47,38,33,6,13,4,0,0,6,4,0,4,0,0,1,0,2,0,1,1971,1971-05-28,1777,1583,187,424,60,9,22,179,152,17,215,7,20,15,23,39,25,18
48,42,31,9,11,3,1,0,9,6,0,3,1,1,3,0,0,1,0,1971,1971-05-29,1819,1614,196,435,63,10,22,188,158,17,218,8,21,18,23,39,26,18
49,43,39,2,7,1,0,0,2,2,1,9,0,1,1,1,2,2,0,1971,1971-05-30,1862,1653,198,442,64,10,22,190,160,18,227,8,22,19,24,41,28,18
50,36,30,4,7,0,0,1,4,6,1,2,0,0,0,0,1,1,0,1971,1971-05-31,1898,1683,202,449,64,10,23,194,166,19,229,8,22,19,24,42,29,18
51,42,33,2,5,1,0,0,2,8,0,8,1,0,0,1,0,0,0,1971,1971-06-01,1940,1716,204,454,65,10,23,196,174,19,237,9,22,19,25,42,29,18
52,39,39,7,15,2,0,2,7,0,0,6,0,0,0,2,1,0,0,1971,1971-06-02,1979,1755,211,469,67,10,25,203,174,19,243,9,22,19,27,43,29,18
53,31,31,1,6,0,0,1,1,0,0,6,0,0,0,0,2,0,0,1971,1971-06-04,2010,1786,212,475,67,10,26,204,174,19,249,9,22,19,27,45,29,18
54,36,31,3,8,2,0,1,3,3,0,6,0,2,0,1,0,1,0,1971,1971-06-05,2046,1817,215,483,69,10,27,207,177,19,255,9,24,19,28,45,30,18
55,32,29,4,8,2,1,0,4,2,0,4,0,0,1,0,1,0,0,1971,1971-06-06,2078,1846,219,491,71,11,27,211,179,19,259,9,24,20,28,46,30,18
56,40,32,4,9,0,0,1,4,6,0,9,1,1,0,0,1,2,1,1971,1971-06-08,2118,1878,223,500,71,11,28,215,185,19,268,10,25,20,28,47,32,19
57,40,35,4,11,5,1,1,4,4,0,9,0,0,1,0,1,0,1,1971,1971-06-09,2158,1913,227,511,76,12,29,219,189,19,277,10,25,21,28,48,32,20
58,37,33,2,7,2,0,1,2,4,0,3,0,0,0,0,0,0,0,1971,1971-06-10,2195,1946,229,518,78,12,30,221,193,19,280,10,25,21,28,48,32,20
59,45,42,12,16,1,0,3,11,2,0,3,0,0,1,2,2,0,0,1971,1971-06-11,2240,1988,241,534,79,12,33,232,195,19,283,10,25,22,30,50,32,20
60,34,34,5,7,1,1,1,5,0,0,6,0,0,0,0,0,1,0,1971,1971-06-12,2274,2022,246,541,80,13,34,237,195,19,289,10,25,22,30,50,33,20
61,40,37,7,12,1,1,1,7,3,0,3,0,0,0,0,1,0,0,1971,1971-06-13,2314,2059,253,553,81,14,35,244,198,19,292,10,25,22,30,51,33,20
62,34,31,3,3,1,0,1,3,2,0,8,0,1,0,1,0,0,0,1971,1971-06-14,2348,2090,256,556,82,14,36,247,200,19,300,10,26,22,31,51,33,20
63,35,33,2,6,2,0,0,2,2,0,12,0,0,0,0,0,0,0,1971,1971-06-15,2383,2123,258,562,84,14,36,249,202,19,312,10,26,22,31,51,33,20
64,37,32,2,9,1,0,0,2,5,1,4,0,0,0,1,3,0,2,1971,1971-06-16,2420,2155,260,571,85,14,36,251,207,20,316,10,26,22,32,54,33,22
65,38,31,5,10,2,0,0,5,3,0,3,0,3,1,0,1,0,0,1971,1971-06-18,2458,2186,265,581,87,14,36,256,210,20,319,10,29,23,32,55,33,22
66,33,32,4,9,1,0,0,4,1,0,4,0,0,0,0,1,0,0,1971,1971-06-19,2491,2218,269,590,88,14,36,260,211,20,323,10,29,23,32,56,33,22
67,40,37,7,15,3,0,0,6,1,1,0,0,0,2,0,2,0,0,1971,1971-06-20,2531,2255,276,605,91,14,36,266,212,21,323,10,29,25,32,58,33,22
68,33,31,4,7,1,1,1,4,1,0,4,0,1,0,1,0,1,0,1971,1971-06-21,2564,2286,280,612,92,15,37,270,213,21,327,10,30,25,33,58,34,22
69,37,32,5,6,3,1,0,5,4,1,12,0,0,1,0,0,0,0,1971,1971-06-22,2601,2318,285,618,95,16,37,275,217,22,339,10,30,26,33,58,34,22
70,45,35,1,6,0,0,0,1,9,1,4,0,1,0,2,3,0,0,1971,1971-06-23,2646,2353,286,624,95,16,37,276,226,23,343,10,31,26,35,61,34,22
71,43,37,11,14,3,1,1,11,6,0,8,0,0,0,1,1,0,0,1971,1971-06-24,2689,2390,297,638,98,17,38,287,232,23,351,10,31,26,36,62,34,22
72,36,31,4,7,0,0,0,3,5,0,2,0,0,0,0,3,0,0,1971,1971-06-25,2725,2421,301,645,98,17,38,290,237,23,353,10,31,26,36,65,34,22
73,33,30,4,6,1,2,0,4,3,1,3,0,0,0,1,1,0,0,1971,,2758,2451,305,651,99,19,38,294,240,24,356,10,31,26,37,66,34,22
74,58,49,4,14,3,1,1,4,8,2,7,0,1,0,1,2,0,0,1971,,2816,2500,309,665,102,20,39,298,248,26,363,10,32,26,38,68,34,22
75,37,35,7,11,2,0,1,7,2,0,2,0,0,0,1,0,1,1,1971,1971-06-27,2853,2535,316,676,104,20,40,305,250,26,365,10,32,26,39,68,35,23
76,43,40,6,16,3,0,1,6,2,0,5,0,1,0,0,2,0,0,1971,1971-06-28,2896,2575,322,692,107,20,41,311,252,26,370,10,33,26,39,70,35,23
77,37,33,2,8,4,0,0,2,2,0,1,0,1,1,1,0,1,0,1971,1971-06-29,2933,2608,324,700,111,20,41,313,254,26,371,10,34,27,40,70,36,23
78,41,39,5,11,4,1,0,4,2,0,2,0,0,0,1,0,1,0,1971,1971-06-30,2974,2647,329,711,115,21,41,317,256,26,373,10,34,27,41,70,37,23
79,39,36,2,9,2,0,0,2,3,0,5,0,0,0,1,1,1,0,1971,1971-07-01,3013,2683,331,720,117,21,41,319,259,26,378,10,34,27,42,71,38,23
80,46,42,9,14,1,0,2,8,4,0,7,0,0,0,1,1,0,0,1971,1971-07-02,3059,2725,340,734,118,21,43,327,263,26,385,10,34,27,43,72,38,23
81,31,28,1,6,1,0,0,1,2,1,4,0,1,0,0,4,0,0,1971,1971-07-03,3090,2753,341,740,119,21,43,328,265,27,389,10,35,27,43,76,38,23
82,49,43,14,16,4,0,2,12,6,2,3,0,0,0,1,1,0,0,1971,1971-07-04,3139,2796,355,756,123,21,45,340,271,29,392,10,35,27,44,77,38,23
83,41,37,7,12,1,1,1,7,2,0,2,0,0,2,0,1,0,0,1971,1971-07-05,3180,2833,362,768,124,22,46,347,273,29,394,10,35,29,44,78,38,23
84,38,37,1,11,0,1,0,1,1,0,4,0,0,0,0,0,0,0,1971,1971-07-06,3218,2870,363,779,124,23,46,348,274,29,398,10,35,29,44,78,38,23
85,38,34,5,9,0,1,1,5,3,0,4,0,0,1,0,1,2,0,1971,,3256,2904,368,788,124,24,47,353,277,29,402,10,35,30,44,79,40,23
86,37,31,3,5,0,0,1,3,6,0,7,0,0,0,0,0,0,0,1971,,3293,2935,371,793,124,24,48,356,283,29,409,10,35,30,44,79,40,23
87,37,35,2,10,2,0,0,2,2,1,7,0,0,0,0,2,0,0,1971,1971-07-08,3330,2970,373,803,126,24,48,358,285,30,416,10,35,30,44,81,40,23
88,37,34,4,10,1,1,0,3,1,0,2,0,2,0,0,2,1,0,1971,1971-07-09,3367,3004,377,813,127,25,48,361,286,30,418,10,37,30,44,83,41,23
89,36,32,1,10,1,0,0,1,2,0,7,0,1,1,0,2,0,1,1971,1971-07-10,3403,3036,378,823,128,25,48,362,288,30,425,10,38,31,44,85,41,24
90,45,39,11,16,2,0,0,10,4,0,5,0,1,1,1,0,1,0,1971,1971-07-11,3448,3075,389,839,130,25,48,372,292,30,430,10,39,32,45,85,42,24
91,38,35,6,10,1,1,3,6,2,0,7,0,1,0,0,0,1,0,1971,1971-07-15,3486,3110,395,849,131,26,51,378,294,30,437,10,40,32,45,85,43,24
92,33,33,1,7,0,0,0,1,0,0,6,0,0,0,0,0,1,1,1971,1971-07-16,3519,3143,396,856,131,26,51,379,294,30,443,10,40,32,45,85,44,25
93,34,33,0,5,2,0,0,0,1,0,6,0,0,0,1,1,0,0,1971,1971-07-17,3553,3176,396,861,133,26,51,379,295,30,449,10,40,32,46,86,44,25
94,35,31,2,7,1,1,1,2,4,0,3,0,0,0,0,2,0,1,1971,,3588,3207,398,868,134,27,52,381,299,30,452,10,40,32,46,88,44,26
95,29,27,1,1,0,0,1,1,1,0,7,1,0,0,1,1,0,0,1971,,3617,3234,399,869,134,27,53,382,300,30,459,11,40,32,47,89,44,26
96,45,40,10,15,2,0,2,10,4,0,7,0,1,0,0,1,1,0,1971,1971-07-19,3662,3274,409,884,136,27,55,392,304,30,466,11,41,32,47,90,45,26
97,34,32,1,7,0,0,0,1,1,0,4,0,1,0,0,1,0,0,1971,1971-07-20,3696,3306,410,891,136,27,55,393,305,30,470,11,42,32,47,91,45,26
98,35,34,2,7,1,0,0,2,1,0,7,0,0,0,1,1,0,0,1971,1971-07-21,3731,3340,412,898,137,27,55,395,306,30,477,11,42,32,48,92,45,26
99,39,38,8,12,4,0,1,8,0,0,3,0,1,0,1,0,0,0,1971,1971-07-22,3770,3378,420,910,141,27,56,403,306,30,480,11,43,32,49,92,45,26
100,37,35,3,9,2,0,1,3,1,0,3,1,0,0,0,1,1,0,1971,1971-07-23,3807,3413,423,919,143,27,57,406,307,30,483,12,43,32,49,93,46,26
101,46,43,2,5,0,0,1,1,2,0,4,0,1,0,2,0,0,0,1971,1971-07-24,3853,3456,425,924,143,27,58,407,309,30,487,12,44,32,51,93,46,26
102,35,33,1,7,1,1,0,1,2,0,6,0,0,0,0,0,0,0,1971,1971-07-25,3888,3489,426,931,144,28,58,408,311,30,493,12,44,32,51,93,46,26
103,35,34,8,11,0,0,2,8,1,0,3,0,0,0,0,0,0,0,1971,1971-07-27,3923,3523,434,942,144,28,60,416,312,30,496,12,44,32,51,93,46,26
104,31,30,0,4,0,0,0,0,1,0,3,0,0,0,1,2,0,0,1971,1971-07-28,3954,3553,434,946,144,28,60,416,313,30,499,12,44,32,52,95,46,26
105,41,38,5,12,1,0,1,5,3,0,5,0,0,0,0,0,0,1,1971,1971-07-29,3995,3591,439,958,145,28,61,421,316,30,504,12,44,32,52,95,46,27
106,36,33,8,10,1,1,2,8,2,1,3,0,1,0,0,0,0,0,1971,1971-07-30,4031,3624,447,968,146,29,63,429,318,31,507,12,45,32,52,95,46,27
107,34,30,4,9,1,1,0,4,2,1,3,0,1,1,0,1,0,0,1971,1971-07-31,4065,3654,451,977,147,30,63,433,320,32,510,12,46,33,52,96,46,27
108,50,42,5,13,1,0,0,5,4,2,7,1,1,1,1,1,0,0,1971,1971-08-01,4115,3696,456,990,148,30,63,438,324,34,517,13,47,34,53,97,46,27
109,35,34,5,8,0,0,3,5,1,1,2,0,0,0,0,1,0,0,1971,1971-08-02,4150,3730,461,998,148,30,66,443,325,35,519,13,47,34,53,98,46,27
110,50,42,9,16,1,1,0,8,6,1,5,0,0,2,2,1,1,0,1971,1971-08-03,4200,3772,470,1014,149,31,66,451,331,36,524,13,47,36,55,99,47,27
111,35,32,0,4,0,0,0,0,3,0,9,0,0,0,1,0,0,0,1971,1971-08-04,4235,3804,470,1018,149,31,66,451,334,36,533,13,47,36,56,99,47,27
112,44,33,3,7,0,0,0,3,6,2,5,3,1,1,1,0,1,0,1971,1971-08-05,4279,3837,473,1025,149,31,66,454,340,38,538,16,48,37,57,99,48,27
113,38,36,2,7,1,0,0,1,2,1,8,0,0,0,0,0,2,0,1971,1971-08-07,4317,3873,475,1032,150,31,66,455,342,39,546,16,48,37,57,99,50,27
114,37,34,4,8,1,0,1,3,2,2,4,0,1,0,0,0,1,0,1971,1971-08-08,4354,3907,479,1040,151,31,67,458,344,41,550,16,49,37,57,99,51,27
115,44,39,6,15,4,0,0,6,5,2,4,0,0,0,1,1,1,0,1971,1971-08-09,4398,3946,485,1055,155,31,67,464,349,43,554,16,49,37,58,100,52,27
116,34,32,6,11,1,0,1,6,2,1,5,0,0,0,0,1,1,2,1971,1971-08-10,4432,3978,491,1066,156,31,68,470,351,44,559,16,49,37,58,101,53,29
117,36,34,4,13,1,1,1,3,2,1,1,0,0,0,0,1,0,1,1971,1971-08-11,4468,4012,495,1079,157,32,69,473,353,45,560,16,49,37,58,102,53,30
118,51,47,1,11,0,0,0,1,3,0,5,0,1,0,0,1,2,0,1971,1971-08-12,4519,4059,496,1090,157,32,69,474,356,45,565,16,50,37,58,103,55,30
119,29,28,2,6,1,0,0,2,0,0,2,0,1,0,0,1,0,0,1971,1971-08-13,4548,4087,498,1096,158,32,69,476,356,45,567,16,51,37,58,104,55,30
120,37,33,0,8,1,0,0,0,4,0,3,0,0,0,0,1,1,0,1971,1971-08-14,4585,4120,498,1104,159,32,69,476,360,45,570,16,51,37,58,105,56,30
121,37,34,3,9,2,0,0,2,2,0,1,0,0,1,0,1,0,0,1971,1971-08-15,4622,4154,501,1113,161,32,69,478,362,45,571,16,51,38,58,106,56,30
122,37,33,0,7,0,0,0,0,4,0,10,0,0,0,0,1,0,0,1971,1971-08-16,4659,4187,501,1120,161,32,69,478,366,45,581,16,51,38,58,107,56,30
123,34,30,4,8,1,0,0,4,4,0,2,0,0,0,1,1,1,1,1971,1971-08-17,4693,4217,505,1128,162,32,69,482,370,45,583,16,51,38,59,108,57,31
124,39,37,2,7,4,0,0,2,2,0,9,0,0,0,0,0,0,0,1971,1971-08-18,4732,4254,507,1135,166,32,69,484,372,45,592,16,51,38,59,108,57,31
125,46,40,9,14,2,0,1,9,5,1,6,0,1,0,0,0,1,0,1971,1971-08-20,4778,4294,516,1149,168,32,70,493,377,46,598,16,52,38,59,108,58,31
126,33,30,0,5,2,0,0,0,3,0,8,0,0,0,0,1,0,1,1971,1971-08-21,4811,4324,516,1154,170,32,70,493,380,46,606,16,52,38,59,109,58,32
127,34,30,2,6,1,0,1,2,4,0,3,0,0,0,1,3,0,1,1971,1971-08-22,4845,4354,518,1160,171,32,71,495,384,46,609,16,52,38,60,112,58,33
128,41,37,6,12,2,0,2,6,4,0,4,0,0,0,1,1,1,1,1971,1971-08-23,4886,4391,524,1172,173,32,73,501,388,46,613,16,52,38,61,113,59,34
129,45,35,6,11,0,1,0,5,8,0,4,0,1,1,0,0,1,0,1971,1971-08-24,4931,4426,530,1183,173,33,73,506,396,46,617,16,53,39,61,113,60,34
130,41,34,4,11,2,0,1,4,4,0,4,0,1,2,0,1,1,0,1971,1971-08-25,4972,4460,534,1194,175,33,74,510,400,46,621,16,54,41,61,114,61,34
131,38,33,2,8,2,0,1,2,3,0,6,0,1,1,1,1,0,0,1971,,5010,4493,536,1202,177,33,75,512,403,46,627,16,55,42,62,115,61,34
132,32,30,1,6,1,0,0,1,2,0,6,0,0,0,0,2,0,1,1971,,5042,4523,537,1208,178,33,75,513,405,46,633,16,55,42,62,117,61,35
133,35,32,3,6,1,0,1,3,2,0,4,0,1,0,0,0,0,0,1971,1971-08-29,5077,4555,540,1214,179,33,76,516,407,46,637,16,56,42,62,117,61,35
134,38,36,3,8,1,0,0,3,2,0,7,0,0,0,2,1,0,0,1971,1971-08-30,5115,4591,543,1222,180,33,76,519,409,46,644,16,56,42,64,118,61,35
135,41,32,6,10,1,0,1,6,5,1,4,0,3,1,0,1,1,0,1971,1971-08-31,5156,4623,549,1232,181,33,77,525,414,47,648,16,59,43,64,119,62,35
136,41,37,9,10,0,0,0,8,4,0,7,0,0,0,0,0,0,0,1971,1971-09-01,5197,4660,558,1242,181,33,77,533,418,47,655,16,59,43,64,119,62,35
137,36,36,3,9,1,0,0,2,0,0,3,0,0,0,0,0,1,0,1971,1971-09-02,5233,4696,561,1251,182,33,77,535,418,47,658,16,59,43,64,119,63,35
138,38,33,6,9,0,1,0,6,4,0,8,1,0,0,0,1,0,0,1971,1971-09-03,5271,4729,567,1260,182,34,77,541,422,47,666,17,59,43,64,120,63,35
139,30,28,2,5,1,0,0,2,2,0,0,0,0,0,0,1,0,0,1971,1971-09-04,5301,4757,569,1265,183,34,77,543,424,47,666,17,59,43,64,121,63,35
140,40,37,5,10,1,0,2,5,3,0,5,0,0,0,2,2,0,0,1971,1971-09-05,5341,4794,574,1275,184,34,79,548,427,47,671,17,59,43,66,123,63,35
141,33,29,5,8,2,0,2,4,2,1,4,0,2,0,0,0,0,0,1971,1971-09-06,5374,4823,579,1283,186,34,81,552,429,48,675,17,61,43,66,123,63,35
142,40,32,9,11,2,1,1,8,6,1,2,0,1,1,0,1,1,0,1971,1971-09-07,5414,4855,588,1294,188,35,82,560,435,49,677,17,62,44,66,124,64,35
143,33,26,3,6,0,1,0,2,4,0,0,1,2,0,0,1,1,1,1971,1971-09-08,5447,4881,591,1300,188,36,82,562,439,49,677,18,64,44,66,125,65,36
144,40,33,3,9,3,0,0,3,6,3,6,0,0,1,1,1,1,1,1971,1971-09-09,5487,4914,594,1309,191,36,82,565,445,52,683,18,64,45,67,126,66,37
145,40,37,6,13,1,0,0,6,2,2,2,0,0,1,2,2,0,1,1971,1971-09-10,5527,4951,600,1322,192,36,82,571,447,54,685,18,64,46,69,128,66,38
146,36,31,6,6,1,0,0,5,4,1,6,0,0,1,1,1,0,0,1971,1971-09-12,5563,4982,606,1328,193,36,82,576,451,55,691,18,64,47,70,129,66,38
147,37,35,5,8,1,0,3,5,1,1,5,1,0,0,1,0,0,0,1971,1971-09-13,5600,5017,611,1336,194,36,85,581,452,56,696,19,64,47,71,129,66,38
148,41,38,6,12,2,1,0,6,3,0,8,0,0,0,1,1,1,0,1971,1971-09-14,5641,5055,617,1348,196,37,85,587,455,56,704,19,64,47,72,130,67,38
149,37,35,1,8,0,0,0,1,2,0,2,0,0,0,1,1,1,0,1971,1971-09-15,5678,5090,618,1356,196,37,85,588,457,56,706,19,64,47,73,131,68,38
150,37,33,1,7,1,0,0,1,2,0,6,1,1,0,0,0,0,0,1971,1971-09-16,5715,5123,619,1363,197,37,85,589,459,56,712,20,65,47,73,131,68,38
151,45,39,2,12,2,0,0,2,4,2,5,1,1,0,0,1,1,0,1971,1971-09-17,5760,5162,621,1375,199,37,85,591,463,58,717,21,66,47,73,132,69,38
152,42,34,6,9,1,0,2,6,7,1,3,0,0,1,0,1,0,0,1971,1971-09-18,5802,5196,627,1384,200,37,87,597,470,59,720,21,66,48,73,133,69,38
153,46,38,12,19,2,0,1,12,6,1,3,0,1,1,0,2,0,0,1971,,5848,5234,639,1403,202,37,88,609,476,60,723,21,67,49,73,135,69,38
154,32,32,4,10,2,0,1,3,0,0,5,0,0,0,0,2,2,0,1971,,5880,5266,643,1413,204,37,89,612,476,60,728,21,67,49,73,137,71,38
155,34,33,3,6,2,0,1,3,1,0,4,0,0,0,0,0,1,0,1971,1971-09-21,5914,5299,646,1419,206,37,90,615,477,60,732,21,67,49,73,137,72,38
156,33,32,1,5,2,0,0,1,1,0,3,0,0,0,0,0,1,0,1971,1971-09-22,5947,5331,647,1424,208,37,90,616,478,60,735,21,67,49,73,137,73,38
157,32,31,2,6,1,0,1,1,1,1,2,0,0,0,1,3,0,0,1971,1971-09-24,5979,5362,649,1430,209,37,91,617,479,61,737,21,67,49,74,140,73,38
158,39,35,5,9,1,1,1,5,3,0,4,0,1,0,0,0,1,0,1971,1971-09-25,6018,5397,654,1439,210,38,92,622,482,61,741,21,68,49,74,140,74,38
159,39,36,5,11,2,0,2,4,1,0,5,0,2,0,2,0,2,0,1971,1971-09-26,6057,5433,659,1450,212,38,94,626,483,61,746,21,70,49,76,140,76,38
160,29,25,2,3,0,0,1,2,3,0,2,0,1,0,0,0,0,1,1971,1971-09-28,6086,5458,661,1453,212,38,95,628,486,61,748,21,71,49,76,140,76,39
161,37,37,0,10,1,0,0,0,0,0,2,0,0,0,0,0,0,0,1971,1971-09-29,6123,5495,661,1463,213,38,95,628,486,61,750,21,71,49,76,140,76,39
162,33,28,2,6,0,0,0,2,3,1,5,0,1,1,1,0,1,1,1971,1971-09-30,6156,5523,663,1469,213,38,95,630,489,62,755,21,72,50,77,140,77,40
1,33,30,0,2,0,0,0,0,3,0,4,0,0,0,1,0,0,0,1970,1970-04-07,33,30,0,2,0,0,0,0,3,0,4,0,0,0,1,0,0,0
2,36,33,2,7,0,0,0,2,3,0,7,0,0,0,0,0,1,0,1970,1970-04-08,69,63,2,9,0,0,0,2,6,0,11,0,0,0,1,0,1,0
3,29,28,0,2,0,0,0,0,0,0,2,0,1,0,0,0,0,0,1970,1970-04-09,98,91,2,11,0,0,0,2,6,0,13,0,1,0,1,0,1,0
4,33,31,2,5,1,0,0,1,2,0,2,0,0,0,1,2,0,0,1970,1970-04-10,131,122,4,16,1,0,0,3,8,0,15,0,1,0,2,2,1,0
5,34,32,0,7,0,0,0,0,2,0,3,0,0,0,1,1,0,0,1970,1970-04-11,165,154,4,23,1,0,0,3,10,0,18,0,1,0,3,3,1,0
6,34,30,6,8,0,0,1,6,3,0,4,0,1,0,0,0,1,1,1970,1970-04-12,199,184,10,31,1,0,1,9,13,0,22,0,2,0,3,3,2,1
7,37,30,2,6,1,0,1,2,4,0,3,2,1,0,0,1,1,1,1970,1970-04-13,236,214,12,37,2,0,2,11,17,0,25,2,3,0,3,4,3,2
8,32,31,3,6,0,0,1,3,1,0,6,0,0,0,0,0,2,1,1970,1970-04-14,268,245,15,43,2,0,3,14,18,0,31,2,3,0,3,4,5,3
9,33,33,2,7,1,0,1,2,0,0,2,0,0,0,1,0,0,0,1970,1970-04-15,301,278,17,50,3,0,4,16,18,0,33,2,3,0,4,4,5,3
10,37,33,2,10,1,0,0,2,4,0,2,0,0,0,0,2,0,2,1970,1970-04-16,338,311,19,60,4,0,4,18,22,0,35,2,3,0,4,6,5,5
11,39,35,5,9,0,2,0,5,2,1,5,0,1,1,1,1,1,0,1970,1970-04-18,377,346,24,69,4,2,4,23,24,1,40,2,4,1,5,7,6,5
12,47,39,10,14,2,1,1,10,7,0,8,0,1,0,1,1,3,0,1970,1970-04-19,424,385,34,83,6,3,5,33,31,1,48,2,5,1,6,8,9,5
13,45,41,9,14,4,2,0,7,4,1,9,0,0,0,0,0,2,0,1970,1970-04-22,469,426,43,97,10,5,5,40,35,2,57,2,5,1,6,8,11,5
14,62,51,1,12,1,0,0,1,8,6,8,0,3,0,0,0,2,1,1970,1970-04-24,531,477,44,109,11,5,5,41,43,8,65,2,8,1,6,8,13,6
15,29,22,1,2,0,0,0,1,5,0,5,1,1,0,0,2,3,1,1970,1970-04-25,560,499,45,111,11,5,5,42,48,8,70,3,9,1,6,10,16,7
16,31,31,1,6,4,0,0,1,0,0,6,0,0,0,0,1,0,0,1970,1970-04-26,591,530,46,117,15,5,5,43,48,8,76,3,9,1,6,11,16,7
17,37,37,3,9,4,0,0,2,0,0,5,0,0,0,1,0,0,0,1970,1970-04-27,628,567,49,126,19,5,5,45,48,8,81,3,9,1,7,11,16,7
18,39,35,2,6,1,0,1,2,4,1,11,0,0,0,0,1,3,0,1970,1970-04-28,667,602,51,132,20,5,6,47,52,9,92,3,9,1,7,12,19,7
19,43,36,6,12,1,0,1,4,6,0,2,0,1,0,1,0,0,0,1970,1970-04-29,710,638,57,144,21,5,7,51,58,9,94,3,10,1,8,12,19,7
20,30,28,2,4,1,0,0,2,2,0,4,0,0,0,0,0,0,0,1970,1970-04-30,740,666,59,148,22,5,7,53,60,9,98,3,10,1,8,12,19,7
21,36,31,1,3,1,0,0,1,5,1,3,0,0,0,1,0,2,0,1970,1970-05-01,776,697,60,151,23,5,7,54,65,10,101,3,10,1,9,12,21,7
22,41,36,7,13,1,0,0,7,5,0,4,0,0,0,0,0,1,0,1970,1970-05-02,817,733,67,164,24,5,7,61,70,10,105,3,10,1,9,12,22,7
23,48,38,15,16,3,1,0,11,9,0,3,1,0,0,1,1,2,1,1970,1970-05-03,865,771,82,180,27,6,7,72,79,10,108,4,10,1,10,13,24,8
24,40,34,4,9,4,0,0,4,5,0,7,0,1,0,1,1,1,1,1970,1970-05-05,905,805,86,189,31,6,7,76,84,10,115,4,11,1,11,14,25,9
25,37,36,4,11,0,0,2,4,1,0,8,0,0,0,0,2,0,0,1970,1970-05-06,942,841,90,200,31,6,9,80,85,10,123,4,11,1,11,16,25,9
26,44,38,7,12,4,1,1,7,4,1,4,0,1,1,1,1,1,1,1970,1970-05-07,986,879,97,212,35,7,10,87,89,11,127,4,12,2,12,17,26,10
27,54,50,8,16,5,2,1,8,3,2,8,0,0,1,0,0,1,1,1970,1970-05-08,1040,929,105,228,40,9,11,95,92,13,135,4,12,3,12,17,27,11
28,58,49,9,12,1,2,0,8,6,0,10,0,2,1,0,0,2,0,1970,1970-05-09,1098,978,114,240,41,11,11,103,98,13,145,4,14,4,12,17,29,11
29,42,37,7,14,3,1,1,6,4,0,4,0,1,0,0,2,4,0,1970,1970-05-10,1140,1015,121,254,44,12,12,109,102,13,149,4,15,4,12,19,33,11
30,43,36,3,7,0,0,0,2,6,0,4,1,0,0,2,0,2,0,1970,1970-05-12,1183,1051,124,261,44,12,12,111,108,13,153,5,15,4,14,19,35,11
31,42,36,5,12,2,1,0,5,5,0,5,0,1,0,1,3,3,0,1970,1970-05-13,1225,1087,129,273,46,13,12,116,113,13,158,5,16,4,15,22,38,11
32,43,36,6,12,0,1,1,6,6,0,3,0,1,0,1,0,3,0,1970,1970-05-14,1268,1123,135,285,46,14,13,122,119,13,161,5,17,4,16,22,41,11
33,39,35,11,13,1,0,3,11,3,1,5,0,1,0,0,0,3,1,1970,1970-05-15,1307,1158,146,298,47,14,16,133,122,14,166,5,18,4,16,22,44,12
34,38,34,4,11,1,0,1,4,4,0,8,0,0,0,0,2,1,1,1970,1970-05-16,1345,1192,150,309,48,14,17,137,126,14,174,5,18,4,16,24,45,13
35,41,35,8,12,2,0,1,8,5,2,5,0,0,1,0,0,5,0,1970,1970-05-17,1386,1227,158,321,50,14,18,145,131,16,179,5,18,5,16,24,50,13
36,39,34,4,10,1,1,0,3,4,1,5,0,1,0,1,1,3,1,1970,1970-05-18,1425,1261,162,331,51,15,18,148,135,17,184,5,19,5,17,25,53,14
37,40,35,8,10,2,0,1,8,4,0,2,0,0,1,0,0,1,0,1970,1970-05-19,1465,1296,170,341,53,15,19,156,139,17,186,5,19,6,17,25,54,14
38,35,34,4,9,2,1,1,4,1,1,3,0,0,0,0,1,0,1,1970,1970-05-20,1500,1330,174,350,55,16,20,160,140,18,189,5,19,6,17,26,54,15
39,36,31,6,7,0,1,0,4,4,0,8,0,1,0,1,0,1,0,1970,1970-05-21,1536,1361,180,357,55,17,20,164,144,18,197,5,20,6,18,26,55,15
40,35,31,0,5,1,0,0,0,3,0,8,0,1,0,0,0,2,0,1970,1970-05-22,1571,1392,180,362,56,17,20,164,147,18,205,5,21,6,18,26,57,15
41,31,28,1,3,1,0,0,0,2,0,3,1,0,0,0,2,2,0,1970,1970-05-23,1602,1420,181,365,57,17,20,164,149,18,208,6,21,6,18,28,59,15
42,40,38,8,15,2,1,0,8,1,0,4,0,0,1,1,0,3,1,1970,1970-05-24,1642,1458,189,380,59,18,20,172,150,18,212,6,21,7,19,28,62,16
43,51,43,19,20,4,3,1,18,3,0,5,2,0,3,1,0,1,0,1970,1970-05-26,1693,1501,208,400,63,21,21,190,153,18,217,8,21,10,20,28,63,16
44,40,36,3,8,1,0,0,3,4,0,6,0,0,0,2,0,0,1,1970,1970-05-27,1733,1537,211,408,64,21,21,193,157,18,223,8,21,10,22,28,63,17
45,36,34,3,8,1,0,0,3,1,0,8,0,1,0,0,0,1,0,1970,1970-05-28,1769,1571,214,416,65,21,21,196,158,18,231,8,22,10,22,28,64,17
46,41,34,8,12,2,2,0,8,4,1,7,0,1,2,0,0,1,1,1970,1970-05-29,1810,1605,222,428,67,23,21,204,162,19,238,8,23,12,22,28,65,18
47,45,40,7,15,1,1,1,7,5,0,5,0,0,0,1,0,1,2,1970,1970-05-30,1855,1645,229,443,68,24,22,211,167,19,243,8,23,12,23,28,66,20
48,53,43,8,13,0,1,1,7,9,1,5,1,0,0,1,3,0,1,1970,1970-05-31,1908,1688,237,456,68,25,23,218,176,20,248,9,23,12,24,31,66,21
49,30,27,5,8,2,1,1,4,3,0,6,0,0,0,0,0,0,0,1970,1970-06-01,1938,1715,242,464,70,26,24,222,179,20,254,9,23,12,24,31,66,21
50,47,41,5,9,2,0,0,5,4,0,10,0,0,2,3,2,2,0,1970,1970-06-03,1985,1756,247,473,72,26,24,227,183,20,264,9,23,14,27,33,68,21
51,36,30,5,7,2,2,0,5,5,1,10,0,0,1,0,0,0,1,1970,1970-06-04,2021,1786,252,480,74,28,24,232,188,21,274,9,23,15,27,33,68,22
52,32,32,0,6,0,0,0,0,0,0,8,0,0,0,0,1,0,0,1970,1970-06-05,2053,1818,252,486,74,28,24,232,188,21,282,9,23,15,27,34,68,22
53,52,43,6,12,2,2,0,6,8,3,7,0,1,0,0,2,1,0,1970,1970-06-06,2105,1861,258,498,76,30,24,238,196,24,289,9,24,15,27,36,69,22
54,31,29,1,4,0,0,0,0,2,0,5,0,0,0,1,3,0,0,1970,1970-06-07,2136,1890,259,502,76,30,24,238,198,24,294,9,24,15,28,39,69,22
55,30,28,0,5,0,0,0,0,1,0,1,0,1,0,0,2,0,0,1970,1970-06-09,2166,1918,259,507,76,30,24,238,199,24,295,9,25,15,28,41,69,22
56,39,28,4,5,0,0,0,3,7,1,8,2,2,0,1,0,5,0,1970,1970-06-10,2205,1946,263,512,76,30,24,241,206,25,303,11,27,15,29,41,74,22
57,48,43,2,10,1,0,1,2,5,3,8,0,0,0,1,0,1,1,1970,1970-06-11,2253,1989,265,522,77,30,25,243,211,28,311,11,27,15,30,41,75,23
58,37,32,1,5,1,0,0,1,5,1,1,0,0,0,0,0,0,0,1970,1970-06-12,2290,2021,266,527,78,30,25,244,216,29,312,11,27,15,30,41,75,23
59,32,29,1,4,0,0,0,1,1,0,8,1,1,0,0,0,0,0,1970,1970-06-13,2322,2050,267,531,78,30,25,245,217,29,320,12,28,15,30,41,75,23
60,36,31,5,7,1,0,1,5,3,0,3,0,1,1,0,0,0,0,1970,1970-06-14,2358,2081,272,538,79,30,26,250,220,29,323,12,29,16,30,41,75,23
61,37,33,2,7,1,0,0,2,4,0,6,0,0,0,1,1,0,1,1970,1970-06-15,2395,2114,274,545,80,30,26,252,224,29,329,12,29,16,31,42,75,24
62,33,30,1,4,0,0,1,1,3,1,6,0,0,0,2,0,1,0,1970,1970-06-16,2428,2144,275,549,80,30,27,253,227,30,335,12,29,16,33,42,76,24
63,33,32,4,9,1,0,0,4,1,1,4,0,0,0,0,0,1,1,1970,1970-06-17,2461,2176,279,558,81,30,27,257,228,31,339,12,29,16,33,42,77,25
64,38,33,6,10,2,0,2,6,3,0,4,1,0,1,0,1,0,1,1970,1970-06-19,2499,2209,285,568,83,30,29,263,231,31,343,13,29,17,33,43,77,26
65,42,41,4,16,1,0,1,4,1,0,1,0,0,0,1,1,0,0,1970,1970-06-20,2541,2250,289,584,84,30,30,267,232,31,344,13,29,17,34,44,77,26
66,48,42,9,15,4,0,0,9,4,1,4,1,0,1,1,0,0,0,1970,,2589,2292,298,599,88,30,30,276,236,32,348,14,29,18,35,44,77,26
67,36,33,3,7,5,0,0,3,2,0,8,0,0,1,0,0,0,0,1970,,2625,2325,301,606,93,30,30,279,238,32,356,14,29,19,35,44,77,26
68,36,35,4,8,0,0,3,4,1,0,10,0,0,0,0,1,1,0,1970,1970-06-22,2661,2360,305,614,93,30,33,283,239,32,366,14,29,19,35,45,78,26
69,38,35,7,10,3,0,1,7,3,1,7,0,0,0,0,2,0,0,1970,1970-06-23,2699,2395,312,624,96,30,34,290,242,33,373,14,29,19,35,47,78,26
70,40,34,7,9,4,0,0,4,3,1,6,0,2,1,1,0,0,0,1970,1970-06-24,2739,2429,319,633,100,30,34,294,245,34,379,14,31,20,36,47,78,26
71,31,27,4,6,0,0,1,4,3,0,2,0,1,0,0,0,1,1,1970,1970-06-26,2770,2456,323,639,100,30,35,298,248,34,381,14,32,20,36,47,79,27
72,39,30,7,10,0,0,1,5,7,0,2,0,1,1,1,0,0,0,1970,1970-06-27,2809,2486,330,649,100,30,36,303,255,34,383,14,33,21,37,47,79,27
73,27,26,2,4,1,0,0,2,1,0,3,0,0,0,0,2,0,0,1970,1970-06-28,2836,2512,332,653,101,30,36,305,256,34,386,14,33,21,37,49,79,27
74,42,39,5,15,2,0,1,5,3,0,2,0,0,0,0,3,0,0,1970,1970-06-29,2878,2551,337,668,103,30,37,310,259,34,388,14,33,21,37,52,79,27
75,36,33,2,6,1,0,1,2,3,0,6,0,0,0,0,0,0,0,1970,1970-06-30,2914,2584,339,674,104,30,38,312,262,34,394,14,33,21,37,52,79,27
76,35,31,6,6,2,0,1,6,4,1,5,0,0,0,1,1,1,0,1970,1970-07-01,2949,2615,345,680,106,30,39,318,266,35,399,14,33,21,38,53,80,27
77,43,39,8,12,2,1,1,6,4,0,7,0,0,0,2,0,0,0,1970,1970-07-03,2992,2654,353,692,108,31,40,324,270,35,406,14,33,21,40,53,80,27
78,42,36,7,9,2,1,0,7,5,0,8,0,0,1,3,0,1,0,1970,1970-07-04,3034,2690,360,701,110,32,40,331,275,35,414,14,33,22,43,53,81,27
79,34,30,4,5,0,0,2,4,3,0,7,0,0,1,0,0,0,1,1970,1970-07-05,3068,2720,364,706,110,32,42,335,278,35,421,14,33,23,43,53,81,28
80,50,40,10,16,0,0,0,10,8,2,11,0,1,1,0,2,0,0,1970,1970-07-06,3118,2760,374,722,110,32,42,345,286,37,432,14,34,24,43,55,81,28
81,45,38,7,12,1,2,0,7,7,0,3,0,0,0,0,0,2,1,1970,1970-07-07,3163,2798,381,734,111,34,42,352,293,37,435,14,34,24,43,55,83,29
82,37,35,6,10,2,1,0,6,2,0,5,0,0,0,0,1,0,1,1970,1970-07-08,3200,2833,387,744,113,35,42,358,295,37,440,14,34,24,43,56,83,30
83,42,38,5,12,4,0,1,5,4,0,8,0,0,0,0,1,0,0,1970,1970-07-09,3242,2871,392,756,117,35,43,363,299,37,448,14,34,24,43,57,83,30
84,41,38,9,16,3,1,0,8,3,0,6,0,0,0,0,1,1,1,1970,1970-07-10,3283,2909,401,772,120,36,43,371,302,37,454,14,34,24,43,58,84,31
85,38,34,3,12,2,1,0,3,2,1,6,0,2,0,0,1,1,2,1970,1970-07-11,3321,2943,404,784,122,37,43,374,304,38,460,14,36,24,43,59,85,33
86,36,31,1,3,0,0,0,1,5,0,10,0,0,0,1,0,0,0,1970,1970-07-12,3357,2974,405,787,122,37,43,375,309,38,470,14,36,24,44,59,85,33
87,33,27,3,8,0,0,1,3,4,1,3,0,1,1,0,1,0,1,1970,1970-07-16,3390,3001,408,795,122,37,44,378,313,39,473,14,37,25,44,60,85,34
88,39,34,1,8,1,0,0,1,3,2,10,0,2,0,0,0,0,0,1970,1970-07-17,3429,3035,409,803,123,37,44,379,316,41,483,14,39,25,44,60,85,34
89,33,32,3,8,5,0,0,3,0,0,6,0,0,1,0,1,0,1,1970,1970-07-18,3462,3067,412,811,128,37,44,382,316,41,489,14,39,26,44,61,85,35
90,34,30,4,5,0,0,2,4,3,0,0,0,1,0,0,0,1,0,1970,,3496,3097,416,816,128,37,46,386,319,41,489,14,40,26,44,61,86,35
91,38,34,2,9,3,0,0,2,3,0,4,0,1,0,0,1,2,0,1970,,3534,3131,418,825,131,37,46,388,322,41,493,14,41,26,44,62,88,35
92,36,35,5,11,2,0,0,5,0,0,8,0,0,1,0,0,2,0,1970,1970-07-20,3570,3166,423,836,133,37,46,393,322,41,501,14,41,27,44,62,90,35
93,39,34,2,9,1,0,1,2,5,0,1,0,0,0,0,1,1,0,1970,1970-07-21,3609,3200,425,845,134,37,47,395,327,41,502,14,41,27,44,63,91,35
94,41,37,12,14,2,0,2,12,4,0,6,0,0,0,0,1,0,0,1970,1970-07-22,3650,3237,437,859,136,37,49,407,331,41,508,14,41,27,44,64,91,35
95,42,35,1,6,1,0,0,1,6,2,7,0,1,0,0,0,3,0,1970,1970-07-24,3692,3272,438,865,137,37,49,408,337,43,515,14,42,27,44,64,94,35
96,40,33,4,11,1,1,1,4,5,1,1,0,2,0,0,2,2,0,1970,1970-07-25,3732,3305,442,876,138,38,50,412,342,44,516,14,44,27,44,66,96,35
97,39,30,5,8,0,1,1,5,5,1,2,0,2,2,0,1,0,0,1970,1970-07-26,3771,3335,447,884,138,39,51,417,347,45,518,14,46,29,44,67,96,35
98,35,32,3,6,0,0,1,3,2,0,8,1,0,0,0,1,0,0,1970,1970-07-27,3806,3367,450,890,138,39,52,420,349,45,526,15,46,29,44,68,96,35
99,38,35,6,12,2,1,1,6,0,0,6,0,2,1,1,0,3,2,1970,1970-07-28,3844,3402,456,902,140,40,53,426,349,45,532,15,48,30,45,68,99,37
100,44,39,7,14,1,1,1,7,5,1,6,0,0,0,0,1,1,0,1970,1970-07-30,3888,3441,463,916,141,41,54,433,354,46,538,15,48,30,45,69,100,37
101,37,35,8,9,1,2,1,6,2,1,3,0,0,0,2,1,0,1,1970,1970-07-31,3925,3476,471,925,142,43,55,439,356,47,541,15,48,30,47,70,100,38
102,45,37,6,13,3,0,0,6,6,0,9,0,0,2,1,2,0,0,1970,,3970,3513,477,938,145,43,55,445,362,47,550,15,48,32,48,72,100,38
103,39,37,5,11,2,1,1,5,2,1,2,0,0,0,1,1,1,0,1970,,4009,3550,482,949,147,44,56,450,364,48,552,15,48,32,49,73,101,38
104,41,38,6,12,2,0,2,6,2,1,6,1,0,0,1,1,0,0,1970,1970-08-02,4050,3588,488,961,149,44,58,456,366,49,558,16,48,32,50,74,101,38
105,34,32,2,4,0,0,0,2,2,0,9,0,0,0,1,0,0,0,1970,1970-08-03,4084,3620,490,965,149,44,58,458,368,49,567,16,48,32,51,74,101,38
106,39,38,4,12,1,1,2,4,0,0,2,0,0,1,0,0,0,0,1970,1970-08-04,4123,3658,494,977,150,45,60,462,368,49,569,16,48,33,51,74,101,38
107,43,36,12,14,2,3,1,11,5,0,4,0,0,2,0,0,1,0,1970,1970-08-05,4166,3694,506,991,152,48,61,473,373,49,573,16,48,35,51,74,102,38
108,40,37,1,10,1,1,0,1,3,0,7,0,0,0,0,0,1,0,1970,1970-08-06,4206,3731,507,1001,153,49,61,474,376,49,580,16,48,35,51,74,103,38
109,33,33,2,7,0,0,1,2,0,0,9,0,0,0,0,0,1,1,1970,1970-08-07,4239,3764,509,1008,153,49,62,476,376,49,589,16,48,35,51,74,104,39
110,44,33,5,7,1,0,0,5,10,3,3,0,1,0,0,0,0,0,1970,1970-08-08,4283,3797,514,1015,154,49,62,481,386,52,592,16,49,35,51,74,104,39
111,44,37,7,15,4,0,0,6,7,1,8,0,0,0,1,2,3,1,1970,,4327,3834,521,1030,158,49,62,487,393,53,600,16,49,35,52,76,107,40
112,47,40,13,20,3,2,0,12,4,0,5,0,2,1,0,0,2,0,1970,,4374,3874,534,1050,161,51,62,499,397,53,605,16,51,36,52,76,109,40
113,42,40,5,15,1,0,1,5,1,0,4,0,1,0,0,0,2,1,1970,1970-08-11,4416,3914,539,1065,162,51,63,504,398,53,609,16,52,36,52,76,111,41
114,47,43,11,17,2,1,0,9,4,1,2,0,0,0,1,1,0,1,1970,1970-08-12,4463,3957,550,1082,164,52,63,513,402,54,611,16,52,36,53,77,111,42
115,49,43,13,17,1,2,3,11,4,0,5,0,2,0,3,1,0,1,1970,1970-08-14,4512,4000,563,1099,165,54,66,524,406,54,616,16,54,36,56,78,111,43
116,42,39,9,13,3,0,1,9,2,1,6,0,0,1,1,1,1,0,1970,,4554,4039,572,1112,168,54,67,533,408,55,622,16,54,37,57,79,112,43
117,37,33,2,9,4,0,1,2,4,0,5,0,0,0,0,1,0,0,1970,,4591,4072,574,1121,172,54,68,535,412,55,627,16,54,37,57,80,112,43
118,39,37,2,10,0,0,1,2,2,0,6,0,0,0,0,0,3,0,1970,1970-08-16,4630,4109,576,1131,172,54,69,537,414,55,633,16,54,37,57,80,115,43
119,43,39,8,14,3,3,0,8,2,0,8,1,0,1,1,1,0,0,1970,1970-08-17,4673,4148,584,1145,175,57,69,545,416,55,641,17,54,38,58,81,115,43
120,46,41,7,15,3,0,0,7,3,2,3,0,1,1,1,0,1,0,1970,1970-08-18,4719,4189,591,1160,178,57,69,552,419,57,644,17,55,39,59,81,116,43
121,42,36,4,9,0,0,1,4,5,2,6,0,1,0,2,1,2,0,1970,1970-08-19,4761,4225,595,1169,178,57,70,556,424,59,650,17,56,39,61,82,118,43
122,34,30,2,6,0,0,1,2,4,1,5,0,0,0,0,0,1,0,1970,1970-08-21,4795,4255,597,1175,178,57,71,558,428,60,655,17,56,39,61,82,119,43
123,65,51,1,7,1,0,0,1,11,2,7,1,2,0,1,2,2,1,1970,1970-08-22,4860,4306,598,1182,179,57,71,559,439,62,662,18,58,39,62,84,121,44
124,29,28,0,4,1,0,0,0,1,0,8,0,0,0,0,1,0,0,1970,1970-08-23,4889,4334,598,1186,180,57,71,559,440,62,670,18,58,39,62,85,121,44
125,38,35,2,8,2,0,0,1,2,0,5,0,1,0,1,0,0,0,1970,1970-08-24,4927,4369,600,1194,182,57,71,560,442,62,675,18,59,39,63,85,121,44
126,35,32,4,10,1,1,0,3,2,0,3,0,1,0,2,2,0,1,1970,1970-08-25,4962,4401,604,1204,183,58,71,563,444,62,678,18,60,39,65,87,121,45
127,38,36,8,11,3,0,1,8,2,0,5,0,0,0,1,0,1,0,1970,1970-08-26,5000,4437,612,1215,186,58,72,571,446,62,683,18,60,39,66,87,122,45
128,28,27,0,2,0,0,0,0,1,0,5,0,0,0,0,2,0,0,1970,1970-08-28,5028,4464,612,1217,186,58,72,571,447,62,688,18,60,39,66,89,122,45
129,37,33,2,9,0,0,1,2,3,0,4,0,1,0,0,3,2,0,1970,1970-08-29,5065,4497,614,1226,186,58,73,573,450,62,692,18,61,39,66,92,124,45
130,31,28,1,3,1,0,1,1,2,0,8,0,1,0,1,1,0,0,1970,1970-08-30,5096,4525,615,1229,187,58,74,574,452,62,700,18,62,39,67,93,124,45
131,41,36,6,10,1,1,1,6,3,0,5,0,1,1,2,0,1,1,1970,,5137,4561,621,1239,188,59,75,580,455,62,705,18,63,40,69,93,125,46
132,36,34,3,8,1,1,1,3,2,0,6,0,0,0,0,0,0,1,1970,,5173,4595,624,1247,189,60,76,583,457,62,711,18,63,40,69,93,125,47
133,37,36,3,10,2,0,1,3,0,0,4,1,0,0,0,0,0,0,1970,1970-09-02,5210,4631,627,1257,191,60,77,586,457,62,715,19,63,40,69,93,125,47
134,34,32,4,6,0,1,2,4,1,0,7,0,1,0,1,0,0,1,1970,1970-09-03,5244,4663,631,1263,191,61,79,590,458,62,722,19,64,40,70,93,125,48
135,36,36,3,10,1,0,1,3,0,0,2,0,0,0,0,1,1,0,1970,1970-09-04,5280,4699,634,1273,192,61,80,593,458,62,724,19,64,40,70,94,126,48
136,33,30,2,4,0,0,0,2,3,0,4,0,0,0,0,1,0,0,1970,1970-09-05,5313,4729,636,1277,192,61,80,595,461,62,728,19,64,40,70,95,126,48
137,39,34,4,9,0,0,0,3,4,1,6,1,0,0,0,1,1,1,1970,1970-09-06,5352,4763,640,1286,192,61,80,598,465,63,734,20,64,40,70,96,127,49
138,34,29,4,10,2,0,1,4,4,0,4,0,1,0,0,2,0,2,1970,,5386,4792,644,1296,194,61,81,602,469,63,738,20,65,40,70,98,127,51
139,39,32,6,11,3,0,0,6,5,0,2,0,1,1,0,1,1,0,1970,,5425,4824,650,1307,197,61,81,608,474,63,740,20,66,41,70,99,128,51
140,34,33,2,7,2,0,1,2,1,0,3,0,0,0,0,1,0,0,1970,1970-09-08,5459,4857,652,1314,199,61,82,610,475,63,743,20,66,41,70,100,128,51
141,32,31,0,5,0,0,0,0,1,0,3,0,0,0,0,1,0,0,1970,1970-09-09,5491,4888,652,1319,199,61,82,610,476,63,746,20,66,41,70,101,128,51
142,36,31,4,5,2,0,1,3,5,0,5,0,0,0,1,1,0,0,1970,1970-09-10,5527,4919,656,1324,201,61,83,613,481,63,751,20,66,41,71,102,128,51
143,39,36,3,11,1,1,0,3,3,0,2,0,0,0,0,2,0,0,1970,1970-09-11,5566,4955,659,1335,202,62,83,616,484,63,753,20,66,41,71,104,128,51
144,45,37,3,11,2,1,0,3,7,0,5,0,0,1,1,1,1,0,1970,1970-09-12,5611,4992,662,1346,204,63,83,619,491,63,758,20,66,42,72,105,129,51
145,41,35,5,7,1,0,1,4,5,0,5,0,1,0,1,0,1,1,1970,1970-09-13,5652,5027,667,1353,205,63,84,623,496,63,763,20,67,42,73,105,130,52
146,45,36,12,14,2,0,0,10,5,0,1,3,0,1,1,2,1,0,1970,1970-09-14,5697,5063,679,1367,207,63,84,633,501,63,764,23,67,43,74,107,131,52
147,39,32,5,8,2,1,0,5,6,1,4,0,0,1,2,0,0,1,1970,1970-09-15,5736,5095,684,1375,209,64,84,638,507,64,768,23,67,44,76,107,131,53
148,34,33,0,7,1,0,0,0,1,0,10,0,0,0,0,1,0,0,1970,1970-09-16,5770,5128,684,1382,210,64,84,638,508,64,778,23,67,44,76,108,131,53
149,38,36,5,9,2,0,0,5,2,1,7,0,0,0,1,1,0,0,1970,1970-09-17,5808,5164,689,1391,212,64,84,643,510,65,785,23,67,44,77,109,131,53
150,31,29,3,7,0,0,0,3,1,0,5,0,1,0,0,0,0,1,1970,1970-09-18,5839,5193,692,1398,212,64,84,646,511,65,790,23,68,44,77,109,131,54
151,36,31,6,8,2,1,0,5,4,0,4,0,0,1,0,0,1,0,1970,1970-09-19,5875,5224,698,1406,214,65,84,651,515,65,794,23,68,45,77,109,132,54
152,54,49,7,10,3,1,1,6,3,0,6,1,0,1,1,0,0,2,1970,1970-09-20,5929,5273,705,1416,217,66,85,657,518,65,800,24,68,46,78,109,132,56
153,33,32,0,6,0,0,0,0,1,0,2,0,0,0,0,1,0,0,1970,1970-09-21,5962,5305,705,1422,217,66,85,657,519,65,802,24,68,46,78,110,132,56
154,32,27,1,6,3,0,0,1,3,0,1,0,2,0,0,0,0,0,1970,1970-09-22,5994,5332,706,1428,220,66,85,658,522,65,803,24,70,46,78,110,132,56
155,50,44,10,14,4,0,0,9,4,0,3,0,1,1,3,0,3,0,1970,1970-09-23,6044,5376,716,1442,224,66,85,667,526,65,806,24,71,47,81,110,135,56
156,44,43,9,14,4,0,0,7,1,1,4,0,0,0,3,1,1,0,1970,1970-09-25,6088,5419,725,1456,228,66,85,674,527,66,810,24,71,47,84,111,136,56
157,41,38,3,12,2,0,1,2,3,0,3,0,0,0,0,1,0,0,1970,1970-09-26,6129,5457,728,1468,230,66,86,676,530,66,813,24,71,47,84,112,136,56
158,40,35,5,9,0,0,1,5,5,0,9,0,0,0,0,1,0,0,1970,1970-09-27,6169,5492,733,1477,230,66,87,681,535,66,822,24,71,47,84,113,136,56
159,46,41,8,17,1,0,0,7,3,0,4,0,1,1,2,0,0,1,1970,1970-09-29,6215,5533,741,1494,231,66,87,688,538,66,826,24,72,48,86,113,136,57
160,33,32,1,7,0,0,0,1,0,0,7,0,0,1,0,1,0,0,1970,1970-09-30,6248,5565,742,1501,231,66,87,689,538,66,833,24,72,49,86,114,136,57
161,45,41,7,14,2,1,0,6,3,1,8,0,0,1,1,0,2,0,1970,1970-10-01,6293,5606,749,1515,233,67,87,695,541,67,841,24,72,50,87,114,138,57
1,40,36,3,8,2,1,0,3,4,0,14,0,0,0,1,0,1,0,1969,1969-04-07,40,36,3,8,2,1,0,3,4,0,14,0,0,0,1,0,1,0
2,32,29,1,5,0,0,0,1,3,0,5,0,0,0,0,2,0,1,1969,1969-04-09,72,65,4,13,2,1,0,4,7,0,19,0,0,0,1,2,1,1
3,45,38,9,12,1,2,1,7,6,0,7,0,1,0,1,0,1,1,1969,1969-04-11,117,103,13,25,3,3,1,11,13,0,26,0,1,0,2,2,2,2
4,36,34,5,7,1,0,0,5,1,0,10,1,0,0,2,1,0,0,1969,1969-04-12,153,137,18,32,4,3,1,16,14,0,36,1,1,0,4,3,2,2
5,36,31,2,5,0,0,0,2,3,0,10,1,0,1,1,0,0,0,1969,1969-04-13,189,168,20,37,4,3,1,18,17,0,46,2,1,1,5,3,2,2
6,40,35,5,9,0,1,1,5,5,0,2,0,0,0,1,1,0,1,1969,1969-04-14,229,203,25,46,4,4,2,23,22,0,48,2,1,1,6,4,2,3
7,42,35,14,11,1,1,2,14,6,0,4,0,1,0,0,0,1,0,1969,1969-04-15,271,238,39,57,5,5,4,37,28,0,52,2,2,1,6,4,3,3
8,41,35,9,13,2,1,4,9,2,1,5,1,2,1,2,1,0,0,1969,1969-04-16,312,273,48,70,7,6,8,46,30,1,57,3,4,2,8,5,3,3
9,39,30,5,7,4,0,0,5,7,2,7,0,1,1,0,0,0,0,1969,1969-04-18,351,303,53,77,11,6,8,51,37,3,64,3,5,3,8,5,3,3
10,41,35,5,9,0,2,0,4,5,1,6,0,1,0,1,0,0,0,1969,1969-04-19,392,338,58,86,11,8,8,55,42,4,70,3,6,3,9,5,3,3
11,33,31,2,9,0,0,1,2,1,1,5,0,1,0,1,2,0,0,1969,1969-04-20,425,369,60,95,11,8,9,57,43,5,75,3,7,3,10,7,3,3
12,36,33,7,8,1,0,1,6,1,1,6,0,2,0,3,0,0,0,1969,1969-04-21,461,402,67,103,12,8,10,63,44,6,81,3,9,3,13,7,3,3
13,33,32,0,6,0,0,0,0,1,0,8,0,0,0,0,1,0,0,1969,1969-04-22,494,434,67,109,12,8,10,63,45,6,89,3,9,3,13,8,3,3
14,38,31,6,10,0,0,0,4,6,1,3,0,1,0,0,1,0,1,1969,1969-04-23,532,465,73,119,12,8,10,67,51,7,92,3,10,3,13,9,3,4
15,44,41,7,17,0,0,1,7,2,0,6,0,0,1,0,1,0,0,1969,1969-04-24,576,506,80,136,12,8,11,74,53,7,98,3,10,4,13,10,3,4
16,35,30,3,7,1,0,0,1,3,1,4,1,1,0,0,1,1,0,1969,1969-04-25,611,536,83,143,13,8,11,75,56,8,102,4,11,4,13,11,4,4
17,36,30,4,4,0,0,1,4,6,0,8,0,0,0,1,1,1,1,1969,1969-04-26,647,566,87,147,13,8,12,79,62,8,110,4,11,4,14,12,5,5
18,38,32,10,9,3,2,0,9,6,0,3,0,0,0,0,0,1,1,1969,1969-04-27,685,598,97,156,16,10,12,88,68,8,113,4,11,4,14,12,6,6
19,41,37,4,10,1,1,0,3,4,0,1,0,0,0,1,2,0,0,1969,1969-04-28,726,635,101,166,17,11,12,91,72,8,114,4,11,4,15,14,6,6
20,34,33,2,6,2,0,0,2,1,0,5,0,0,0,2,1,0,0,1969,1969-04-29,760,668,103,172,19,11,12,93,73,8,119,4,11,4,17,15,6,6
21,30,28,0,2,0,0,0,0,2,0,6,0,0,0,0,1,0,0,1969,1969-04-30,790,696,103,174,19,11,12,93,75,8,125,4,11,4,17,16,6,6
22,38,35,5,12,0,0,2,5,1,0,2,1,1,0,1,2,0,1,1969,1969-05-01,828,731,108,186,19,11,14,98,76,8,127,5,12,4,18,18,6,7
23,41,36,4,9,0,0,2,4,4,0,4,0,1,0,1,0,0,0,1969,1969-05-02,869,767,112,195,19,11,16,102,80,8,131,5,13,4,19,18,6,7
24,40,34,5,10,0,1,2,5,4,1,6,0,2,0,0,1,1,0,1969,1969-05-03,909,801,117,205,19,12,18,107,84,9,137,5,15,4,19,19,7,7
25,34,32,1,5,0,0,1,1,1,0,4,1,0,0,0,1,0,0,1969,1969-05-04,943,833,118,210,19,12,19,108,85,9,141,6,15,4,19,20,7,7
26,35,34,1,6,1,0,0,1,1,0,7,0,0,0,1,0,1,0,1969,1969-05-06,978,867,119,216,20,12,19,109,86,9,148,6,15,4,20,20,8,7
27,48,44,4,11,0,0,2,4,2,0,6,0,2,0,1,2,0,0,1969,1969-05-07,1026,911,123,227,20,12,21,113,88,9,154,6,17,4,21,22,8,7
28,44,37,13,10,2,1,2,12,5,1,8,1,1,0,0,0,0,0,1969,1969-05-09,1070,948,136,237,22,13,23,125,93,10,162,7,18,4,21,22,8,7
29,41,37,4,10,1,1,0,4,1,0,4,1,1,1,2,0,2,0,1969,1969-05-10,1111,985,140,247,23,14,23,129,94,10,166,8,19,5,23,22,10,7
30,34,33,2,7,1,0,1,2,1,0,6,0,0,0,0,0,0,0,1969,1969-05-12,1145,1018,142,254,24,14,24,131,95,10,172,8,19,5,23,22,10,7
31,34,32,1,5,1,0,0,1,2,0,3,0,0,0,0,0,0,0,1969,1969-05-14,1179,1050,143,259,25,14,24,132,97,10,175,8,19,5,23,22,10,7
32,37,33,4,10,3,0,1,4,2,0,4,0,2,0,0,0,0,0,1969,1969-05-16,1216,1083,147,269,28,14,25,136,99,10,179,8,21,5,23,22,10,7
33,37,32,6,10,3,0,0,5,5,1,5,0,0,0,0,0,0,1,1969,1969-05-17,1253,1115,153,279,31,14,25,141,104,11,184,8,21,5,23,22,10,8
34,41,36,6,13,1,1,1,6,4,1,4,0,0,1,0,0,0,1,1969,1969-05-18,1294,1151,159,292,32,15,26,147,108,12,188,8,21,6,23,22,10,9
35,35,30,0,5,2,0,0,0,5,1,7,0,0,0,0,2,1,0,1969,1969-05-20,1329,1181,159,297,34,15,26,147,113,13,195,8,21,6,23,24,11,9
36,31,29,3,7,1,0,1,3,1,1,10,0,1,0,0,0,0,0,1969,1969-05-21,1360,1210,162,304,35,15,27,150,114,14,205,8,22,6,23,24,11,9
37,30,30,0,4,0,0,0,0,0,0,7,0,0,0,2,2,0,1,1969,1969-05-22,1390,1240,162,308,35,15,27,150,114,14,212,8,22,6,25,26,11,10
38,31,31,0,5,0,0,0,0,0,0,8,0,0,0,0,0,0,0,1969,1969-05-23,1421,1271,162,313,35,15,27,150,114,14,220,8,22,6,25,26,11,10
39,35,28,5,8,0,0,1,5,5,0,2,0,1,1,0,1,1,0,1969,1969-05-24,1456,1299,167,321,35,15,28,155,119,14,222,8,23,7,25,27,12,10
40,36,33,0,6,0,0,0,0,3,0,9,0,0,0,0,0,0,0,1969,1969-05-25,1492,1332,167,327,35,15,28,155,122,14,231,8,23,7,25,27,12,10
41,37,32,5,7,1,0,2,4,3,0,7,0,1,1,1,1,0,0,1969,1969-05-27,1529,1364,172,334,36,15,30,159,125,14,238,8,24,8,26,28,12,10
42,44,35,6,12,0,2,1,6,7,1,5,0,1,1,0,0,2,0,1969,1969-05-28,1573,1399,178,346,36,17,31,165,132,15,243,8,25,9,26,28,14,10
43,33,31,5,5,2,0,1,3,1,0,4,0,0,1,2,1,0,1,1969,1969-05-29,1606,1430,183,351,38,17,32,168,133,15,247,8,25,10,28,29,14,11
44,38,35,6,10,2,0,1,6,3,0,4,0,0,0,0,1,0,0,1969,1969-05-30,1644,1465,189,361,40,17,33,174,136,15,251,8,25,10,28,30,14,11
45,45,40,7,15,2,0,2,6,3,0,10,0,2,0,0,0,0,0,1969,1969-05-31,1689,1505,196,376,42,17,35,180,139,15,261,8,27,10,28,30,14,11
46,47,41,12,14,2,2,0,11,6,0,7,0,0,0,1,1,0,0,1969,1969-06-01,1736,1546,208,390,44,19,35,191,145,15,268,8,27,10,29,31,14,11
47,33,31,1,5,2,0,1,1,2,0,8,0,0,0,0,1,1,0,1969,1969-06-02,1769,1577,209,395,46,19,36,192,147,15,276,8,27,10,29,32,15,11
48,32,30,2,3,1,0,1,2,2,0,9,0,0,0,1,0,0,0,1969,1969-06-03,1801,1607,211,398,47,19,37,194,149,15,285,8,27,10,30,32,15,11
49,57,53,0,8,3,0,0,0,4,0,7,0,0,0,2,1,0,1,1969,1969-06-04,1858,1660,211,406,50,19,37,194,153,15,292,8,27,10,32,33,15,12
50,35,31,4,6,0,0,1,3,3,0,5,1,0,0,1,0,0,0,1969,1969-06-06,1893,1691,215,412,50,19,38,197,156,15,297,9,27,10,33,33,15,12
51,44,36,9,14,3,1,1,8,5,1,4,0,2,1,2,0,0,0,1969,1969-06-07,1937,1727,224,426,53,20,39,205,161,16,301,9,29,11,35,33,15,12
52,37,32,3,5,2,0,0,2,4,0,6,0,1,0,1,0,1,0,1969,1969-06-08,1974,1759,227,431,55,20,39,207,165,16,307,9,30,11,36,33,16,12
53,38,34,2,9,2,0,0,2,3,1,5,0,1,0,1,1,0,0,1969,1969-06-10,2012,1793,229,440,57,20,39,209,168,17,312,9,31,11,37,34,16,12
54,34,32,0,5,2,0,0,0,2,0,3,0,0,0,1,1,1,0,1969,1969-06-11,2046,1825,229,445,59,20,39,209,170,17,315,9,31,11,38,35,17,12
55,33,31,0,7,0,0,0,0,2,0,11,0,0,0,0,1,0,1,1969,1969-06-12,2079,1856,229,452,59,20,39,209,172,17,326,9,31,11,38,36,17,13
56,30,30,1,6,0,0,0,1,0,0,5,0,0,0,0,0,0,0,1969,1969-06-13,2109,1886,230,458,59,20,39,210,172,17,331,9,31,11,38,36,17,13
57,34,32,1,7,1,1,0,1,2,0,3,0,0,0,1,3,1,0,1969,1969-06-14,2143,1918,231,465,60,21,39,211,174,17,334,9,31,11,39,39,18,13
58,32,29,3,8,1,1,1,2,2,0,1,0,0,1,0,1,0,1,1969,1969-06-15,2175,1947,234,473,61,22,40,213,176,17,335,9,31,12,39,40,18,14
59,53,41,2,7,0,0,0,1,8,4,7,1,3,0,1,2,1,0,1969,1969-06-16,2228,1988,236,480,61,22,40,214,184,21,342,10,34,12,40,42,19,14
60,35,32,7,9,0,0,1,7,2,0,7,0,0,1,0,0,0,0,1969,,2263,2020,243,489,61,22,41,221,186,21,349,10,34,13,40,42,19,14
61,45,39,11,14,2,0,1,10,6,0,5,0,0,0,2,0,0,0,1969,,2308,2059,254,503,63,22,42,231,192,21,354,10,34,13,42,42,19,14
62,44,39,10,16,2,0,1,10,3,0,10,1,0,1,1,0,2,0,1969,1969-06-18,2352,2098,264,519,65,22,43,241,195,21,364,11,34,14,43,42,21,14
63,40,33,4,10,4,0,0,4,5,2,3,0,1,1,0,2,1,0,1969,1969-06-20,2392,2131,268,529,69,22,43,245,200,23,367,11,35,15,43,44,22,14
64,41,37,9,11,1,0,2,8,2,0,2,1,1,0,0,0,0,0,1969,1969-06-21,2433,2168,277,540,70,22,45,253,202,23,369,12,36,15,43,44,22,14
65,43,35,5,10,4,1,1,5,5,1,5,1,1,1,0,0,0,0,1969,1969-06-22,2476,2203,282,550,74,23,46,258,207,24,374,13,37,16,43,44,22,14
66,41,34,5,11,0,1,1,3,4,2,2,0,3,0,1,1,0,0,1969,1969-06-23,2517,2237,287,561,74,24,47,261,211,26,376,13,40,16,44,45,22,14
67,40,38,5,11,2,0,1,5,1,0,4,0,0,1,2,1,0,0,1969,1969-06-24,2557,2275,292,572,76,24,48,266,212,26,380,13,40,17,46,46,22,14
68,35,35,3,10,0,0,1,3,0,0,8,0,0,0,0,1,0,0,1969,1969-06-25,2592,2310,295,582,76,24,49,269,212,26,388,13,40,17,46,47,22,14
69,36,33,3,7,0,0,1,2,2,0,0,0,1,0,0,0,0,0,1969,1969-06-26,2628,2343,298,589,76,24,50,271,214,26,388,13,41,17,46,47,22,14
70,32,31,0,6,0,0,0,0,1,0,1,0,0,0,0,1,0,0,1969,1969-06-27,2660,2374,298,595,76,24,50,271,215,26,389,13,41,17,46,48,22,14
71,56,44,19,17,1,1,1,16,12,1,4,0,0,0,1,1,0,0,1969,1969-06-28,2716,2418,317,612,77,25,51,287,227,27,393,13,41,17,47,49,22,14
72,40,32,3,9,0,2,0,3,6,1,2,0,2,0,0,1,1,0,1969,1969-06-29,2756,2450,320,621,77,27,51,290,233,28,395,13,43,17,47,50,23,14
73,43,33,7,11,1,0,0,6,9,1,4,0,0,1,0,1,0,0,1969,1969-06-30,2799,2483,327,632,78,27,51,296,242,29,399,13,43,18,47,51,23,14
74,34,31,4,5,2,0,1,4,3,1,4,0,0,0,3,0,0,1,1969,1969-07-01,2833,2514,331,637,80,27,52,300,245,30,403,13,43,18,50,51,23,15
75,38,32,2,7,0,0,0,2,6,0,5,0,0,0,0,1,1,0,1969,1969-07-02,2871,2546,333,644,80,27,52,302,251,30,408,13,43,18,50,52,24,15
76,46,41,3,10,4,0,0,3,4,0,6,0,1,0,0,1,0,0,1969,1969-07-03,2917,2587,336,654,84,27,52,305,255,30,414,13,44,18,50,53,24,15
77,39,36,1,9,1,0,0,1,3,0,3,0,0,0,0,0,0,0,1969,1969-07-04,2956,2623,337,663,85,27,52,306,258,30,417,13,44,18,50,53,24,15
78,38,32,6,11,1,0,2,6,3,1,3,0,2,1,0,0,0,1,1969,1969-07-05,2994,2655,343,674,86,27,54,312,261,31,420,13,46,19,50,53,24,16
79,38,33,1,8,0,0,1,1,4,0,7,1,0,0,1,2,0,1,1969,1969-07-06,3032,2688,344,682,86,27,55,313,265,31,427,14,46,19,51,55,24,17
80,31,31,2,3,0,0,2,2,0,0,7,0,0,0,1,0,0,0,1969,1969-07-07,3063,2719,346,685,86,27,57,315,265,31,434,14,46,19,52,55,24,17
81,38,34,5,14,1,1,1,3,4,0,5,0,0,0,0,1,2,1,1969,,3101,2753,351,699,87,28,58,318,269,31,439,14,46,19,52,56,26,18
82,38,37,4,13,1,1,0,4,1,1,4,0,0,0,0,1,1,0,1969,,3139,2790,355,712,88,29,58,322,270,32,443,14,46,19,52,57,27,18
83,30,29,3,6,1,0,0,2,0,0,4,0,1,0,1,1,0,0,1969,1969-07-09,3169,2819,358,718,89,29,58,324,270,32,447,14,47,19,53,58,27,18
84,31,28,0,3,1,0,0,0,3,0,2,0,0,0,0,1,0,1,1969,1969-07-10,3200,2847,358,721,90,29,58,324,273,32,449,14,47,19,53,59,27,19
85,44,41,4,10,3,0,0,4,3,0,7,0,0,0,1,1,1,0,1969,1969-07-11,3244,2888,362,731,93,29,58,328,276,32,456,14,47,19,54,60,28,19
86,56,49,3,12,1,1,0,2,3,1,5,0,3,1,1,1,1,0,1969,1969-07-12,3300,2937,365,743,94,30,58,330,279,33,461,14,50,20,55,61,29,19
87,36,35,2,6,0,0,2,2,1,0,2,0,0,0,2,0,0,0,1969,1969-07-13,3336,2972,367,749,94,30,60,332,280,33,463,14,50,20,57,61,29,19
88,37,34,4,10,3,1,1,4,0,0,5,0,2,1,0,0,0,0,1969,1969-07-14,3373,3006,371,759,97,31,61,336,280,33,468,14,52,21,57,61,29,19
89,42,35,7,9,4,0,1,7,7,2,8,0,0,0,0,0,0,0,1969,1969-07-15,3415,3041,378,768,101,31,62,343,287,35,476,14,52,21,57,61,29,19
90,35,34,3,6,0,1,1,2,1,0,8,0,0,0,2,1,2,0,1969,1969-07-16,3450,3075,381,774,101,32,63,345,288,35,484,14,52,21,59,62,31,19
91,48,45,13,16,2,2,2,12,2,0,8,1,0,0,3,0,0,0,1969,1969-07-17,3498,3120,394,790,103,34,65,357,290,35,492,15,52,21,62,62,31,19
92,35,34,3,8,0,1,0,3,0,0,6,0,1,0,0,1,0,0,1969,1969-07-18,3533,3154,397,798,103,35,65,360,290,35,498,15,53,21,62,63,31,19
93,40,33,4,9,0,0,0,4,3,0,7,1,1,2,0,0,1,0,1969,1969-07-19,3573,3187,401,807,103,35,65,364,293,35,505,16,54,23,62,63,32,19
94,35,33,3,7,0,1,0,3,2,0,6,0,0,0,1,2,0,0,1969,1969-07-20,3608,3220,404,814,103,36,65,367,295,35,511,16,54,23,63,65,32,19
95,40,38,3,9,2,1,0,3,2,0,4,0,0,0,2,0,1,0,1969,1969-07-24,3648,3258,407,823,105,37,65,370,297,35,515,16,54,23,65,65,33,19
96,45,39,4,12,2,0,1,4,4,1,4,1,1,0,1,0,0,0,1969,1969-07-25,3693,3297,411,835,107,37,66,374,301,36,519,17,55,23,66,65,33,19
97,41,39,2,7,2,1,0,1,2,0,11,0,0,0,0,1,0,0,1969,1969-07-26,3734,3336,413,842,109,38,66,375,303,36,530,17,55,23,66,66,33,19
98,43,37,6,13,1,1,1,6,4,0,6,0,1,1,1,0,2,1,1969,1969-07-27,3777,3373,419,855,110,39,67,381,307,36,536,17,56,24,67,66,35,20
99,38,34,2,6,0,0,0,2,2,0,6,0,2,0,2,1,2,1,1969,,3815,3407,421,861,110,39,67,383,309,36,542,17,58,24,69,67,37,21
100,41,38,6,14,4,0,0,5,3,0,9,0,0,0,0,0,1,1,1969,,3856,3445,427,875,114,39,67,388,312,36,551,17,58,24,69,67,38,22
101,38,32,2,7,2,0,0,1,4,0,9,0,2,0,0,0,0,0,1969,1969-07-30,3894,3477,429,882,116,39,67,389,316,36,560,17,60,24,69,67,38,22
102,54,51,1,6,0,0,1,1,3,0,13,0,0,0,2,0,1,0,1969,1969-07-31,3948,3528,430,888,116,39,68,390,319,36,573,17,60,24,71,67,39,22
103,34,33,2,8,1,0,0,1,1,0,7,0,0,0,0,2,0,0,1969,1969-08-01,3982,3561,432,896,117,39,68,391,320,36,580,17,60,24,71,69,39,22
104,39,34,6,9,1,0,0,6,5,0,1,0,0,0,1,2,1,0,1969,1969-08-02,4021,3595,438,905,118,39,68,397,325,36,581,17,60,24,72,71,40,22
105,38,33,5,14,4,1,0,5,1,0,0,1,1,2,0,2,0,1,1969,1969-08-03,4059,3628,443,919,122,40,68,402,326,36,581,18,61,26,72,73,40,23
106,35,33,1,7,0,1,0,1,2,1,3,0,0,0,0,0,3,0,1969,1969-08-04,4094,3661,444,926,122,41,68,403,328,37,584,18,61,26,72,73,43,23
107,34,33,3,7,0,0,1,3,1,0,5,0,0,0,0,1,0,0,1969,1969-08-05,4128,3694,447,933,122,41,69,406,329,37,589,18,61,26,72,74,43,23
108,41,34,7,14,0,0,2,7,5,2,9,0,2,0,0,1,1,1,1969,1969-08-06,4169,3728,454,947,122,41,71,413,334,39,598,18,63,26,72,75,44,24
109,36,34,6,9,3,1,1,6,2,1,8,0,0,0,1,0,1,0,1969,1969-08-07,4205,3762,460,956,125,42,72,419,336,40,606,18,63,26,73,75,45,24
110,39,28,5,9,0,0,0,3,7,2,6,0,4,0,1,0,0,3,1969,1969-08-08,4244,3790,465,965,125,42,72,422,343,42,612,18,67,26,74,75,45,27
111,37,34,0,6,0,0,0,0,2,0,3,1,0,0,1,0,0,0,1969,1969-08-09,4281,3824,465,971,125,42,72,422,345,42,615,19,67,26,75,75,45,27
112,33,31,4,10,1,0,0,4,2,0,5,0,0,0,0,2,0,1,1969,1969-08-10,4314,3855,469,981,126,42,72,426,347,42,620,19,67,26,75,77,45,28
113,34,33,2,8,1,1,0,2,1,0,6,0,0,0,1,2,0,1,1969,1969-08-11,4348,3888,471,989,127,43,72,428,348,42,626,19,67,26,76,79,45,29
114,36,28,5,8,1,0,2,5,5,1,4,0,2,1,0,1,1,0,1969,1969-08-12,4384,3916,476,997,128,43,74,433,353,43,630,19,69,27,76,80,46,29
115,31,30,0,6,1,0,0,0,1,0,5,0,0,0,0,2,0,0,1969,1969-08-13,4415,3946,476,1003,129,43,74,433,354,43,635,19,69,27,76,82,46,29
116,43,39,9,15,1,0,3,9,3,1,5,0,1,0,0,1,3,0,1969,1969-08-15,4458,3985,485,1018,130,43,77,442,357,44,640,19,70,27,76,83,49,29
117,45,37,9,11,1,1,2,9,7,2,5,0,0,1,0,0,2,0,1969,1969-08-16,4503,4022,494,1029,131,44,79,451,364,46,645,19,70,28,76,83,51,29
118,42,36,9,10,1,0,1,7,5,0,3,1,0,0,0,1,0,0,1969,1969-08-17,4545,4058,503,1039,132,44,80,458,369,46,648,20,70,28,76,84,51,29
119,34,33,2,8,0,0,1,2,1,0,3,0,0,0,0,1,1,1,1969,1969-08-19,4579,4091,505,1047,132,44,81,460,370,46,651,20,70,28,76,85,52,30
120,43,37,8,10,3,0,0,7,5,0,6,0,1,0,2,1,0,0,1969,1969-08-20,4622,4128,513,1057,135,44,81,467,375,46,657,20,71,28,78,86,52,30
121,35,33,1,8,0,0,0,1,2,0,2,0,0,0,0,1,2,0,1969,1969-08-21,4657,4161,514,1065,135,44,81,468,377,46,659,20,71,28,78,87,54,30
122,38,37,3,12,0,0,0,3,0,0,7,0,1,0,0,1,0,0,1969,1969-08-22,4695,4198,517,1077,135,44,81,471,377,46,666,20,72,28,78,88,54,30
123,34,32,2,5,0,1,0,1,2,0,3,0,0,0,0,0,1,0,1969,1969-08-23,4729,4230,519,1082,135,45,81,472,379,46,669,20,72,28,78,88,55,30
124,37,35,4,10,2,0,1,4,2,0,4,0,0,0,0,1,2,0,1969,1969-08-24,4766,4265,523,1092,137,45,82,476,381,46,673,20,72,28,78,89,57,30
125,38,34,6,11,3,0,0,4,3,3,4,0,1,0,0,0,3,1,1969,1969-08-26,4804,4299,529,1103,140,45,82,480,384,49,677,20,73,28,78,89,60,31
126,37,33,7,10,2,0,0,5,4,1,4,0,0,0,2,3,3,0,1969,1969-08-27,4841,4332,536,1113,142,45,82,485,388,50,681,20,73,28,80,92,63,31
127,40,35,5,11,2,0,0,4,4,0,5,0,1,0,0,0,2,1,1969,1969-08-28,4881,4367,541,1124,144,45,82,489,392,50,686,20,74,28,80,92,65,32
128,37,31,6,8,1,0,0,5,5,0,4,0,0,1,1,1,2,0,1969,1969-08-29,4918,4398,547,1132,145,45,82,494,397,50,690,20,74,29,81,93,67,32
129,31,29,2,5,0,0,0,2,1,0,2,0,1,0,1,0,0,0,1969,1969-08-30,4949,4427,549,1137,145,45,82,496,398,50,692,20,75,29,82,93,67,32
130,29,25,4,7,1,0,1,4,2,0,4,0,1,1,0,1,1,2,1969,1969-08-31,4978,4452,553,1144,146,45,83,500,400,50,696,20,76,30,82,94,68,34
131,42,39,10,16,5,2,0,10,2,1,3,0,1,0,1,1,4,0,1969,1969-09-01,5020,4491,563,1160,151,47,83,510,402,51,699,20,77,30,83,95,72,34
132,39,37,4,11,1,0,0,4,2,0,5,0,0,0,0,0,0,1,1969,1969-09-02,5059,4528,567,1171,152,47,83,514,404,51,704,20,77,30,83,95,72,35
133,39,34,5,12,3,0,0,3,3,2,6,0,1,1,1,1,2,0,1969,1969-09-03,5098,4562,572,1183,155,47,83,517,407,53,710,20,78,31,84,96,74,35
134,35,30,0,4,0,0,0,0,5,0,4,0,0,0,0,0,1,0,1969,1969-09-04,5133,4592,572,1187,155,47,83,517,412,53,714,20,78,31,84,96,75,35
135,39,37,1,10,0,0,0,1,1,0,1,0,1,0,1,1,0,1,1969,1969-09-05,5172,4629,573,1197,155,47,83,518,413,53,715,20,79,31,85,97,75,36
136,33,32,1,6,0,0,0,1,1,0,1,0,0,0,0,0,0,1,1969,1969-09-06,5205,4661,574,1203,155,47,83,519,414,53,716,20,79,31,85,97,75,37
137,37,34,2,9,1,0,1,2,3,0,4,0,0,0,0,0,1,2,1969,1969-09-07,5242,4695,576,1212,156,47,84,521,417,53,720,20,79,31,85,97,76,39
138,35,33,2,7,0,0,1,2,1,1,4,0,1,0,0,0,0,0,1969,1969-09-08,5277,4728,578,1219,156,47,85,523,418,54,724,20,80,31,85,97,76,39
139,36,32,1,6,0,0,1,1,2,1,4,0,2,0,0,2,0,0,1969,1969-09-09,5313,4760,579,1225,156,47,86,524,420,55,728,20,82,31,85,99,76,39
140,33,32,1,6,1,0,1,1,0,0,5,0,1,0,0,0,0,0,1969,1969-09-10,5346,4792,580,1231,157,47,87,525,420,55,733,20,83,31,85,99,76,39
141,35,29,1,5,2,0,0,1,5,0,5,0,1,0,0,2,0,1,1969,1969-09-11,5381,4821,581,1236,159,47,87,526,425,55,738,20,84,31,85,101,76,40
142,39,37,5,13,0,1,0,5,2,0,3,0,0,0,1,1,0,0,1969,1969-09-12,5420,4858,586,1249,159,48,87,531,427,55,741,20,84,31,86,102,76,40
143,40,34,7,13,4,1,1,7,5,1,4,0,1,0,0,0,2,2,1969,1969-09-13,5460,4892,593,1262,163,49,88,538,432,56,745,20,85,31,86,102,78,42
144,32,27,3,6,3,0,1,3,5,1,2,0,0,0,0,1,0,0,1969,1969-09-14,5492,4919,596,1268,166,49,89,541,437,57,747,20,85,31,86,103,78,42
145,40,35,1,8,0,0,1,1,5,0,7,0,0,0,0,0,0,0,1969,1969-09-15,5532,4954,597,1276,166,49,90,542,442,57,754,20,85,31,86,103,78,42
146,34,31,2,6,1,0,0,1,3,0,7,0,0,0,0,0,0,1,1969,,5566,4985,599,1282,167,49,90,543,445,57,761,20,85,31,86,103,78,43
147,50,41,3,11,2,0,0,3,6,2,3,0,2,1,2,2,0,0,1969,,5616,5026,602,1293,169,49,90,546,451,59,764,20,87,32,88,105,78,43
148,50,45,5,10,1,1,0,5,4,1,4,0,0,1,1,0,1,0,1969,1969-09-17,5666,5071,607,1303,170,50,90,551,455,60,768,20,87,33,89,105,79,43
149,34,30,5,7,0,1,0,5,1,0,4,1,2,0,1,0,0,0,1969,1969-09-18,5700,5101,612,1310,170,51,90,556,456,60,772,21,89,33,90,105,79,43
150,33,33,1,5,0,0,0,1,0,0,1,0,0,0,2,1,0,0,1969,1969-09-19,5733,5134,613,1315,170,51,90,557,456,60,773,21,89,33,92,106,79,43
151,39,37,4,10,1,0,1,4,2,0,2,0,0,0,0,0,1,0,1969,1969-09-20,5772,5171,617,1325,171,51,91,561,458,60,775,21,89,33,92,106,80,43
152,41,36,3,7,0,1,1,2,4,1,2,0,1,0,0,0,0,0,1969,1969-09-21,5813,5207,620,1332,171,52,92,563,462,61,777,21,90,33,92,106,80,43
153,38,32,1,6,1,0,0,0,6,1,4,0,0,0,1,1,0,1,1969,1969-09-22,5851,5239,621,1338,172,52,92,563,468,62,781,21,90,33,93,107,80,44
154,33,33,3,7,1,0,2,3,0,0,3,0,0,0,0,0,0,0,1969,,5884,5272,624,1345,173,52,94,566,468,62,784,21,90,33,93,107,80,44
155,40,36,2,12,2,0,0,2,3,0,4,0,1,0,0,2,0,0,1969,,5924,5308,626,1357,175,52,94,568,471,62,788,21,91,33,93,109,80,44
156,38,35,2,7,1,0,1,1,3,0,3,0,0,0,1,0,0,0,1969,1969-09-24,5962,5343,628,1364,176,52,95,569,474,62,791,21,91,33,94,109,80,44
157,31,29,1,4,0,0,0,1,1,0,3,0,1,0,0,0,0,0,1969,1969-09-26,5993,5372,629,1368,176,52,95,570,475,62,794,21,92,33,94,109,80,44
158,40,34,2,9,1,0,0,2,4,1,2,0,2,0,0,1,0,2,1969,1969-09-27,6033,5406,631,1377,177,52,95,572,479,63,796,21,94,33,94,110,80,46
159,32,32,1,5,1,0,0,1,0,0,4,0,0,0,1,0,0,1,1969,1969-09-28,6065,5438,632,1382,178,52,95,573,479,63,800,21,94,33,95,110,80,47
160,34,32,3,4,2,0,1,3,2,0,11,0,0,0,1,0,0,0,1969,1969-09-30,6099,5470,635,1386,180,52,96,576,481,63,811,21,94,33,96,110,80,47
161,31,28,5,8,4,0,0,4,1,0,2,0,1,0,1,2,0,2,1969,1969-10-01,6130,5498,640,1394,184,52,96,580,482,63,813,21,95,33,97,112,80,49
162,37,34,5,11,1,0,1,4,2,0,10,0,1,0,0,0,0,2,1969,1969-10-02,6167,5532,645,1405,185,52,97,584,484,63,823,21,96,33,97,112,80,51
1,31,31,0,4,1,0,0,0,0,0,10,0,0,0,0,0,0,0,1968,1968-04-10,31,31,0,4,1,0,0,0,0,0,10,0,0,0,0,0,0,0
2,33,28,0,4,1,0,0,0,4,0,3,0,1,0,0,1,0,0,1968,1968-04-11,64,59,0,8,2,0,0,0,4,0,13,0,1,0,0,1,0,0
3,34,28,1,6,1,0,1,1,6,1,4,0,0,0,0,2,0,0,1968,1968-04-13,98,87,1,14,3,0,1,1,10,1,17,0,1,0,0,3,0,0
4,33,32,0,5,1,0,0,0,1,0,8,0,0,0,0,0,0,0,1968,1968-04-14,131,119,1,19,4,0,1,1,11,1,25,0,1,0,0,3,0,0
5,31,29,3,4,1,0,1,3,1,0,8,0,1,0,0,0,0,0,1968,1968-04-15,162,148,4,23,5,0,2,4,12,1,33,0,2,0,0,3,0,0
6,32,30,5,8,3,0,0,5,1,0,2,0,1,0,0,0,0,1,1968,1968-04-16,194,178,9,31,8,0,2,9,13,1,35,0,3,0,0,3,0,1
7,36,32,2,7,1,0,1,2,4,0,8,0,0,0,0,1,1,0,1968,1968-04-17,230,210,11,38,9,0,3,11,17,1,43,0,3,0,0,4,1,1
8,38,33,3,8,1,0,1,3,5,0,12,0,0,0,0,0,2,1,1968,1968-04-19,268,243,14,46,10,0,4,14,22,1,55,0,3,0,0,4,3,2
9,35,34,2,9,3,0,0,2,1,0,8,0,0,0,0,0,0,1,1968,1968-04-20,303,277,16,55,13,0,4,16,23,1,63,0,3,0,0,4,3,3
10,39,37,7,10,1,1,0,6,1,0,4,0,0,1,1,0,1,0,1968,,342,314,23,65,14,1,4,22,24,1,67,0,3,1,1,4,4,3
11,39,34,3,10,0,0,0,2,4,1,7,0,1,0,0,2,4,0,1968,,381,348,26,75,14,1,4,24,28,2,74,0,4,1,1,6,8,3
12,39,35,5,12,2,1,0,5,3,0,5,0,1,0,1,0,0,1,1968,1968-04-22,420,383,31,87,16,2,4,29,31,2,79,0,5,1,2,6,8,4
13,37,35,3,8,2,0,1,3,2,0,8,0,0,0,1,1,0,0,1968,1968-04-24,457,418,34,95,18,2,5,32,33,2,87,0,5,1,3,7,8,4
14,35,30,4,3,0,0,1,4,3,1,11,0,2,0,1,0,0,0,1968,1968-04-26,492,448,38,98,18,2,6,36,36,3,98,0,7,1,4,7,8,4
15,31,31,0,5,0,0,0,0,0,0,5,0,0,0,0,0,0,0,1968,1968-04-27,523,479,38,103,18,2,6,36,36,3,103,0,7,1,4,7,8,4
16,31,31,1,5,1,0,1,1,0,0,8,0,0,0,0,1,0,0,1968,1968-04-28,554,510,39,108,19,2,7,37,36,3,111,0,7,1,4,8,8,4
17,38,30,3,9,1,0,0,3,6,2,7,0,1,1,1,1,0,0,1968,1968-04-29,592,540,42,117,20,2,7,40,42,5,118,0,8,2,5,9,8,4
18,32,31,1,7,0,1,0,1,0,0,6,0,1,0,0,1,0,1,1968,1968-04-30,624,571,43,124,20,3,7,41,42,5,124,0,9,2,5,10,8,5
19,36,35,3,9,0,1,1,3,0,0,6,0,0,1,0,0,0,0,1968,1968-05-01,660,606,46,133,20,4,8,44,42,5,130,0,9,3,5,10,8,5
20,59,48,2,7,1,0,0,2,7,1,9,0,4,0,0,2,0,0,1968,1968-05-02,719,654,48,140,21,4,8,46,49,6,139,0,13,3,5,12,8,5
21,32,28,4,7,0,0,0,4,2,1,5,0,1,1,0,0,0,0,1968,1968-05-03,751,682,52,147,21,4,8,50,51,7,144,0,14,4,5,12,8,5
22,30,29,0,2,0,0,0,0,1,0,7,0,0,0,1,0,0,0,1968,1968-05-04,781,711,52,149,21,4,8,50,52,7,151,0,14,4,6,12,8,5
23,63,60,2,12,2,0,0,1,3,1,8,0,0,0,1,1,2,0,1968,1968-05-05,844,771,54,161,23,4,8,51,55,8,159,0,14,4,7,13,10,5
24,38,29,2,7,0,0,0,2,5,0,5,0,3,1,0,0,1,0,1968,1968-05-07,882,800,56,168,23,4,8,53,60,8,164,0,17,5,7,13,11,5
25,37,34,6,7,1,0,3,6,3,0,4,0,0,0,1,0,0,0,1968,1968-05-08,919,834,62,175,24,4,11,59,63,8,168,0,17,5,8,13,11,5
26,36,32,6,7,2,0,3,6,3,0,8,0,0,1,0,0,0,1,1968,1968-05-09,955,866,68,182,26,4,14,65,66,8,176,0,17,6,8,13,11,6
27,33,31,1,8,1,0,0,1,0,0,6,0,1,1,0,1,0,0,1968,1968-05-10,988,897,69,190,27,4,14,66,66,8,182,0,18,7,8,14,11,6
28,34,33,1,6,2,0,0,1,1,0,7,0,0,0,0,0,1,0,1968,1968-05-11,1022,930,70,196,29,4,14,67,67,8,189,0,18,7,8,14,12,6
29,49,40,1,6,0,1,0,1,6,0,7,1,2,0,0,0,0,0,1968,1968-05-12,1071,970,71,202,29,5,14,68,73,8,196,1,20,7,8,14,12,6
30,36,35,1,9,1,0,0,1,1,0,7,0,0,0,0,1,0,0,1968,1968-05-13,1107,1005,72,211,30,5,14,69,74,8,203,1,20,7,8,15,12,6
31,30,29,1,6,1,0,0,1,1,0,7,0,0,0,0,0,0,1,1968,1968-05-14,1137,1034,73,217,31,5,14,70,75,8,210,1,20,7,8,15,12,7
32,36,35,3,8,1,0,1,3,0,0,7,0,0,1,1,0,0,0,1968,1968-05-15,1173,1069,76,225,32,5,15,73,75,8,217,1,20,8,9,15,12,7
33,34,32,0,6,1,0,0,0,2,0,7,0,0,0,0,1,0,0,1968,1968-05-16,1207,1101,76,231,33,5,15,73,77,8,224,1,20,8,9,16,12,7
34,39,32,6,12,3,0,0,4,5,0,2,0,2,0,0,1,1,0,1968,1968-05-17,1246,1133,82,243,36,5,15,77,82,8,226,1,22,8,9,17,13,7
35,30,27,1,5,0,0,0,0,1,0,4,0,2,0,1,0,1,0,1968,1968-05-18,1276,1160,83,248,36,5,15,77,83,8,230,1,24,8,10,17,14,7
36,38,34,1,7,0,0,0,1,3,0,7,1,0,0,0,0,0,0,1968,,1314,1194,84,255,36,5,15,78,86,8,237,2,24,8,10,17,14,7
37,36,28,1,6,1,0,0,1,6,0,4,0,1,1,0,2,0,1,1968,,1350,1222,85,261,37,5,15,79,92,8,241,2,25,9,10,19,14,8
38,33,27,1,2,0,0,0,1,4,0,2,0,2,0,0,0,0,0,1968,1968-05-20,1383,1249,86,263,37,5,15,80,96,8,243,2,27,9,10,19,14,8
39,42,40,9,14,2,1,1,9,1,1,6,0,1,0,1,0,1,0,1968,1968-05-21,1425,1289,95,277,39,6,16,89,97,9,249,2,28,9,11,19,15,8
40,32,30,2,3,1,0,0,2,2,0,9,0,0,0,0,0,1,1,1968,1968-05-22,1457,1319,97,280,40,6,16,91,99,9,258,2,28,9,11,19,16,9
41,43,38,3,7,3,1,1,3,3,1,10,0,1,1,0,0,0,0,1968,1968-05-23,1500,1357,100,287,43,7,17,94,102,10,268,2,29,10,11,19,16,9
42,55,43,9,19,2,0,1,9,9,3,4,0,1,2,0,0,1,1,1968,1968-05-24,1555,1400,109,306,45,7,18,103,111,13,272,2,30,12,11,19,17,10
43,36,33,2,6,1,0,0,1,3,1,6,0,0,0,0,0,0,0,1968,1968-05-25,1591,1433,111,312,46,7,18,104,114,14,278,2,30,12,11,19,17,10
44,40,33,5,11,2,0,0,4,6,1,5,0,1,0,0,3,1,0,1968,1968-05-26,1631,1466,116,323,48,7,18,108,120,15,283,2,31,12,11,22,18,10
45,36,35,1,8,3,0,0,1,1,0,4,0,0,0,0,0,0,0,1968,1968-05-27,1667,1501,117,331,51,7,18,109,121,15,287,2,31,12,11,22,18,10
46,31,27,0,1,0,0,0,0,4,0,10,0,0,0,0,1,0,0,1968,1968-05-28,1698,1528,117,332,51,7,18,109,125,15,297,2,31,12,11,23,18,10
47,40,34,5,10,3,0,1,4,6,1,5,0,0,0,0,0,0,1,1968,1968-05-29,1738,1562,122,342,54,7,19,113,131,16,302,2,31,12,11,23,18,11
48,47,34,5,13,1,0,0,5,10,1,2,0,2,1,0,1,0,2,1968,1968-05-30,1785,1596,127,355,55,7,19,118,141,17,304,2,33,13,11,24,18,13
49,33,29,3,7,3,0,0,3,2,0,8,0,1,1,1,0,2,0,1968,1968-05-31,1818,1625,130,362,58,7,19,121,143,17,312,2,34,14,12,24,20,13
50,42,32,4,8,2,1,0,4,9,4,8,0,1,0,1,1,0,0,1968,1968-06-01,1860,1657,134,370,60,8,19,125,152,21,320,2,35,14,13,25,20,13
51,31,30,1,3,1,0,1,1,1,0,7,0,0,0,1,0,0,0,1968,1968-06-02,1891,1687,135,373,61,8,20,126,153,21,327,2,35,14,14,25,20,13
52,35,29,2,6,2,0,0,2,6,1,3,0,0,0,0,0,2,0,1968,1968-06-03,1926,1716,137,379,63,8,20,128,159,22,330,2,35,14,14,25,22,13
53,35,29,5,8,0,1,1,2,6,1,8,0,0,0,1,2,0,2,1968,1968-06-04,1961,1745,142,387,63,9,21,130,165,23,338,2,35,14,15,27,22,15
54,37,33,2,6,1,0,0,1,2,0,4,0,1,1,0,0,0,0,1968,1968-06-05,1998,1778,144,393,64,9,21,131,167,23,342,2,36,15,15,27,22,15
55,39,34,4,11,4,0,0,4,5,1,6,0,0,0,1,2,0,0,1968,1968-06-06,2037,1812,148,404,68,9,21,135,172,24,348,2,36,15,16,29,22,15
56,31,27,2,6,3,1,0,2,2,1,8,0,1,1,0,1,0,0,1968,1968-06-07,2068,1839,150,410,71,10,21,137,174,25,356,2,37,16,16,30,22,15
57,35,33,5,10,1,0,1,4,1,1,4,0,0,1,1,1,1,1,1968,1968-06-08,2103,1872,155,420,72,10,22,141,175,26,360,2,37,17,17,31,23,16
58,37,34,4,8,1,1,1,4,2,0,8,0,0,1,3,1,0,0,1968,1968-06-09,2140,1906,159,428,73,11,23,145,177,26,368,2,37,18,20,32,23,16
59,35,32,0,4,0,0,0,0,1,0,2,0,2,0,0,0,0,0,1968,1968-06-10,2175,1938,159,432,73,11,23,145,178,26,370,2,39,18,20,32,23,16
60,32,31,0,5,1,0,0,0,1,0,4,0,0,0,0,1,0,0,1968,1968-06-11,2207,1969,159,437,74,11,23,145,179,26,374,2,39,18,20,33,23,16
61,32,30,1,6,0,0,0,0,1,0,3,0,1,0,0,0,0,0,1968,1968-06-12,2239,1999,160,443,74,11,23,145,180,26,377,2,40,18,20,33,23,16
62,35,33,6,9,3,1,0,5,0,0,5,0,1,1,0,0,0,0,1968,,2274,2032,166,452,77,12,23,150,180,26,382,2,41,19,20,33,23,16
63,33,32,1,7,0,0,0,1,1,0,5,0,0,0,0,2,0,0,1968,,2307,2064,167,459,77,12,23,151,181,26,387,2,41,19,20,35,23,16
64,36,36,5,10,1,0,2,5,0,0,9,0,0,0,0,0,0,1,1968,1968-06-15,2343,2100,172,469,78,12,25,156,181,26,396,2,41,19,20,35,23,17
65,37,34,2,8,1,1,0,1,1,1,4,1,0,1,0,0,0,0,1968,1968-06-16,2380,2134,174,477,79,13,25,157,182,27,400,3,41,20,20,35,23,17
66,37,33,2,7,1,0,0,2,3,1,8,0,1,0,0,0,1,2,1968,1968-06-18,2417,2167,176,484,80,13,25,159,185,28,408,3,42,20,20,35,24,19
67,32,29,1,6,1,0,0,1,3,0,8,0,0,0,0,3,0,1,1968,1968-06-19,2449,2196,177,490,81,13,25,160,188,28,416,3,42,20,20,38,24,20
68,33,32,3,5,2,0,1,3,1,0,4,0,0,0,0,0,0,0,1968,,2482,2228,180,495,83,13,26,163,189,28,420,3,42,20,20,38,24,20
69,37,33,3,8,0,2,1,3,3,0,4,0,1,0,0,3,0,0,1968,,2519,2261,183,503,83,15,27,166,192,28,424,3,43,20,20,41,24,20
70,35,33,1,7,0,0,1,1,2,0,8,0,0,0,0,0,0,0,1968,1968-06-21,2554,2294,184,510,83,15,28,167,194,28,432,3,43,20,20,41,24,20
71,37,36,5,10,1,0,2,5,0,0,11,0,1,0,0,0,1,0,1968,1968-06-22,2591,2330,189,520,84,15,30,172,194,28,443,3,44,20,20,41,25,20
72,37,35,4,9,1,0,2,4,2,0,7,0,0,0,0,0,0,1,1968,1968-06-23,2628,2365,193,529,85,15,32,176,196,28,450,3,44,20,20,41,25,21
73,32,30,0,2,1,0,0,0,2,0,10,0,0,0,1,0,0,0,1968,1968-06-25,2660,2395,193,531,86,15,32,176,198,28,460,3,44,20,21,41,25,21
74,35,33,2,7,1,0,0,1,1,0,5,0,1,0,1,0,0,1,1968,1968-06-26,2695,2428,195,538,87,15,32,177,199,28,465,3,45,20,22,41,25,22
75,47,44,6,14,2,0,2,6,1,0,6,0,1,1,1,1,1,0,1968,1968-06-27,2742,2472,201,552,89,15,34,183,200,28,471,3,46,21,23,42,26,22
76,31,31,0,4,1,0,0,0,0,0,4,0,0,0,0,0,1,0,1968,1968-06-28,2773,2503,201,556,90,15,34,183,200,28,475,3,46,21,23,42,27,22
77,40,33,7,12,1,0,1,7,6,1,3,0,1,0,0,2,0,0,1968,1968-06-29,2813,2536,208,568,91,15,35,190,206,29,478,3,47,21,23,44,27,22
78,34,31,3,8,3,0,0,3,2,1,3,0,0,1,0,0,2,0,1968,1968-06-30,2847,2567,211,576,94,15,35,193,208,30,481,3,47,22,23,44,29,22
79,36,33,1,9,1,0,0,0,2,0,4,0,1,0,0,1,0,1,1968,1968-07-01,2883,2600,212,585,95,15,35,193,210,30,485,3,48,22,23,45,29,23
80,38,34,3,7,0,1,0,3,3,0,7,1,0,0,0,0,0,0,1968,1968-07-02,2921,2634,215,592,95,16,35,196,213,30,492,4,48,22,23,45,29,23
81,35,34,1,7,3,0,0,1,1,0,5,0,0,0,0,0,0,0,1968,1968-07-03,2956,2668,216,599,98,16,35,197,214,30,497,4,48,22,23,45,29,23
82,36,33,2,10,1,0,1,2,1,0,3,0,2,0,0,1,0,1,1968,1968-07-04,2992,2701,218,609,99,16,36,199,215,30,500,4,50,22,23,46,29,24
83,45,41,0,7,1,0,0,0,4,2,2,0,0,0,0,2,0,0,1968,1968-07-05,3037,2742,218,616,100,16,36,199,219,32,502,4,50,22,23,48,29,24
84,39,32,2,10,0,0,0,1,6,1,5,0,1,0,0,1,0,2,1968,1968-07-06,3076,2774,220,626,100,16,36,200,225,33,507,4,51,22,23,49,29,26
85,36,33,6,11,3,1,0,5,2,2,2,0,1,0,0,1,0,0,1968,1968-07-07,3112,2807,226,637,103,17,36,205,227,35,509,4,52,22,23,50,29,26
86,31,31,0,4,1,0,0,0,0,0,6,0,0,0,0,0,0,0,1968,1968-07-11,3143,2838,226,641,104,17,36,205,227,35,515,4,52,22,23,50,29,26
87,34,31,0,5,2,0,0,0,2,1,7,1,0,0,0,0,0,1,1968,1968-07-12,3177,2869,226,646,106,17,36,205,229,36,522,5,52,22,23,50,29,27
88,39,34,1,7,2,1,0,1,5,0,9,0,0,0,0,0,0,0,1968,1968-07-13,3216,2903,227,653,108,18,36,206,234,36,531,5,52,22,23,50,29,27
89,34,32,1,5,1,0,0,1,2,0,2,0,0,0,0,0,0,0,1968,1968-07-14,3250,2935,228,658,109,18,36,207,236,36,533,5,52,22,23,50,29,27
90,34,33,2,6,0,1,0,1,1,0,3,0,0,0,1,1,1,0,1968,1968-07-15,3284,2968,230,664,109,19,36,208,237,36,536,5,52,22,24,51,30,27
91,42,37,9,12,5,0,2,9,3,0,7,0,1,1,1,0,0,1,1968,1968-07-16,3326,3005,239,676,114,19,38,217,240,36,543,5,53,23,25,51,30,28
92,38,31,4,6,4,0,0,4,5,1,8,0,0,2,1,1,0,0,1968,1968-07-17,3364,3036,243,682,118,19,38,221,245,37,551,5,53,25,26,52,30,28
93,37,32,2,5,0,0,1,2,5,0,12,0,0,0,0,0,0,0,1968,1968-07-19,3401,3068,245,687,118,19,39,223,250,37,563,5,53,25,26,52,30,28
94,36,32,5,7,2,0,1,5,4,0,5,0,0,0,1,0,0,0,1968,1968-07-20,3437,3100,250,694,120,19,40,228,254,37,568,5,53,25,27,52,30,28
95,36,35,2,8,2,0,1,2,1,0,5,0,0,0,0,0,0,0,1968,1968-07-21,3473,3135,252,702,122,19,41,230,255,37,573,5,53,25,27,52,30,28
96,33,32,0,7,1,0,0,0,1,0,8,0,0,0,0,0,0,0,1968,1968-07-22,3506,3167,252,709,123,19,41,230,256,37,581,5,53,25,27,52,30,28
97,33,27,3,4,1,0,1,3,5,1,8,1,0,0,1,1,0,1,1968,1968-07-23,3539,3194,255,713,124,19,42,233,261,38,589,6,53,25,28,53,30,29
98,31,30,0,3,0,0,0,0,0,0,6,1,0,0,0,0,1,0,1968,1968-07-24,3570,3224,255,716,124,19,42,233,261,38,595,7,53,25,28,53,31,29
99,35,34,3,9,1,1,0,3,1,0,4,0,0,0,0,2,0,0,1968,1968-07-26,3605,3258,258,725,125,20,42,236,262,38,599,7,53,25,28,55,31,29
100,34,30,1,4,0,0,0,1,2,0,13,1,1,0,0,1,0,0,1968,1968-07-27,3639,3288,259,729,125,20,42,237,264,38,612,8,54,25,28,56,31,29
101,38,38,3,11,3,0,0,3,0,0,4,0,0,0,0,0,0,0,1968,,3677,3326,262,740,128,20,42,240,264,38,616,8,54,25,28,56,31,29
102,31,28,0,4,1,0,0,0,1,0,10,0,2,0,0,1,2,0,1968,,3708,3354,262,744,129,20,42,240,265,38,626,8,56,25,28,57,33,29
103,31,29,0,4,2,0,0,0,2,0,4,0,0,0,0,2,0,0,1968,1968-07-29,3739,3383,262,748,131,20,42,240,267,38,630,8,56,25,28,59,33,29
104,34,33,3,6,2,1,0,3,1,0,5,0,0,0,0,1,0,0,1968,1968-07-30,3773,3416,265,754,133,21,42,243,268,38,635,8,56,25,28,60,33,29
105,36,30,6,7,1,1,0,4,5,0,5,0,1,0,0,0,0,0,1968,1968-07-31,3809,3446,271,761,134,22,42,247,273,38,640,8,57,25,28,60,33,29
106,30,30,0,3,0,0,0,0,0,0,5,0,0,0,1,0,0,0,1968,1968-08-01,3839,3476,271,764,134,22,42,247,273,38,645,8,57,25,29,60,33,29
107,33,31,2,7,1,0,1,2,1,1,9,0,0,1,0,0,0,2,1968,1968-08-02,3872,3507,273,771,135,22,43,249,274,39,654,8,57,26,29,60,33,31
108,36,30,8,11,2,0,1,8,5,1,2,0,0,1,0,1,1,0,1968,1968-08-03,3908,3537,281,782,137,22,44,257,279,40,656,8,57,27,29,61,34,31
109,37,35,4,11,3,0,0,4,2,0,4,0,0,0,0,2,0,0,1968,,3945,3572,285,793,140,22,44,261,281,40,660,8,57,27,29,63,34,31
110,37,34,2,10,2,0,0,2,3,1,6,0,0,0,2,2,2,0,1968,,3982,3606,287,803,142,22,44,263,284,41,666,8,57,27,31,65,36,31
111,35,32,1,8,1,0,0,1,3,0,5,0,0,0,0,2,1,1,1968,1968-08-05,4017,3638,288,811,143,22,44,264,287,41,671,8,57,27,31,67,37,32
112,37,33,1,8,1,0,0,0,2,0,5,0,2,0,1,2,1,0,1968,1968-08-06,4054,3671,289,819,144,22,44,264,289,41,676,8,59,27,32,69,38,32
113,36,30,6,9,1,1,0,6,5,2,4,0,1,0,1,1,2,1,1968,1968-08-07,4090,3701,295,828,145,23,44,270,294,43,680,8,60,27,33,70,40,33
114,29,27,0,1,0,0,0,0,2,0,5,0,0,0,0,0,0,1,1968,1968-08-08,4119,3728,295,829,145,23,44,270,296,43,685,8,60,27,33,70,40,34
115,36,33,2,8,2,0,1,2,3,1,7,0,0,0,0,1,0,1,1968,1968-08-09,4155,3761,297,837,147,23,45,272,299,44,692,8,60,27,33,71,40,35
116,58,53,3,12,0,0,1,3,4,0,12,0,1,0,1,0,0,0,1968,1968-08-10,4213,3814,300,849,147,23,46,275,303,44,704,8,61,27,34,71,40,35
117,34,32,1,8,1,0,0,1,2,1,0,0,0,0,0,0,0,0,1968,1968-08-11,4247,3846,301,857,148,23,46,276,305,45,704,8,61,27,34,71,40,35
118,33,31,0,5,0,0,0,0,2,0,5,0,0,0,1,1,2,1,1968,1968-08-13,4280,3877,301,862,148,23,46,276,307,45,709,8,61,27,35,72,42,36
119,34,33,1,7,1,0,1,1,1,0,5,0,0,0,0,0,0,1,1968,1968-08-14,4314,3910,302,869,149,23,47,277,308,45,714,8,61,27,35,72,42,37
120,45,37,8,12,1,1,0,8,5,0,8,1,1,1,0,0,1,0,1968,1968-08-16,4359,3947,310,881,150,24,47,285,313,45,722,9,62,28,35,72,43,37
121,32,30,0,4,1,0,0,0,2,0,4,0,0,0,0,0,0,1,1968,1968-08-17,4391,3977,310,885,151,24,47,285,315,45,726,9,62,28,35,72,43,38
122,32,30,1,4,1,0,0,1,2,0,3,0,0,0,0,1,0,0,1968,1968-08-18,4423,4007,311,889,152,24,47,286,317,45,729,9,62,28,35,73,43,38
123,38,35,5,8,4,1,0,5,3,0,8,0,0,0,0,0,0,0,1968,1968-08-19,4461,4042,316,897,156,25,47,291,320,45,737,9,62,28,35,73,43,38
124,41,35,5,10,0,2,0,5,4,0,11,0,0,2,0,0,1,0,1968,1968-08-20,4502,4077,321,907,156,27,47,296,324,45,748,9,62,30,35,73,44,38
125,37,35,1,7,0,0,1,1,2,0,7,0,0,0,1,0,0,0,1968,1968-08-21,4539,4112,322,914,156,27,48,297,326,45,755,9,62,30,36,73,44,38
126,36,35,1,9,1,0,0,1,1,1,7,0,0,0,0,0,0,1,1968,1968-08-22,4575,4147,323,923,157,27,48,298,327,46,762,9,62,30,36,73,44,39
127,35,32,3,4,0,0,0,3,3,0,9,0,0,0,0,0,1,0,1968,1968-08-23,4610,4179,326,927,157,27,48,301,330,46,771,9,62,30,36,73,45,39
128,42,38,7,12,2,0,1,7,2,0,11,1,0,1,1,0,0,0,1968,1968-08-24,4652,4217,333,939,159,27,49,308,332,46,782,10,62,31,37,73,45,39
129,43,39,5,12,1,0,1,5,3,1,3,0,0,1,2,0,0,0,1968,1968-08-25,4695,4256,338,951,160,27,50,313,335,47,785,10,62,32,39,73,45,39
130,43,32,4,11,0,1,0,4,7,2,4,0,4,0,2,1,1,0,1968,1968-08-26,4738,4288,342,962,160,28,50,317,342,49,789,10,66,32,41,74,46,39
131,35,33,2,6,0,1,0,2,1,0,7,1,0,0,0,0,0,0,1968,1968-08-27,4773,4321,344,968,160,29,50,319,343,49,796,11,66,32,41,74,46,39
132,36,34,4,7,0,0,2,3,2,0,3,0,0,0,0,0,0,0,1968,,4809,4355,348,975,160,29,52,322,345,49,799,11,66,32,41,74,46,39
133,37,32,8,8,2,0,1,7,5,1,6,0,0,0,0,0,0,0,1968,,4846,4387,356,983,162,29,53,329,350,50,805,11,66,32,41,74,46,39
134,40,37,5,10,0,0,0,4,2,2,7,0,1,0,2,0,1,0,1968,1968-08-30,4886,4424,361,993,162,29,53,333,352,52,812,11,67,32,43,74,47,39
135,35,34,1,6,0,0,0,0,1,0,6,0,0,0,1,0,0,0,1968,1968-08-31,4921,4458,362,999,162,29,53,333,353,52,818,11,67,32,44,74,47,39
136,35,31,3,5,1,1,0,2,3,0,3,0,0,1,0,0,0,0,1968,1968-09-01,4956,4489,365,1004,163,30,53,335,356,52,821,11,67,33,44,74,47,39
137,38,33,4,8,3,0,0,4,4,0,7,0,0,1,0,1,1,0,1968,,4994,4522,369,1012,166,30,53,339,360,52,828,11,67,34,44,75,48,39
138,37,33,5,7,0,0,1,5,4,0,6,0,0,0,0,1,0,0,1968,,5031,4555,374,1019,166,30,54,344,364,52,834,11,67,34,44,76,48,39
139,44,39,10,12,5,0,4,10,5,2,9,0,0,0,1,1,1,0,1968,1968-09-03,5075,4594,384,1031,171,30,58,354,369,54,843,11,67,34,45,77,49,39
140,37,34,3,10,0,2,0,3,2,0,7,0,1,0,0,1,0,1,1968,1968-09-04,5112,4628,387,1041,171,32,58,357,371,54,850,11,68,34,45,78,49,40
141,39,35,6,9,2,1,1,6,3,0,5,0,1,0,2,0,0,0,1968,,5151,4663,393,1050,173,33,59,363,374,54,855,11,69,34,47,78,49,40
142,47,36,8,13,3,0,0,7,8,1,5,1,1,1,2,1,1,1,1968,,5198,4699,401,1063,176,33,59,370,382,55,860,12,70,35,49,79,50,41
143,35,31,2,7,1,1,0,2,2,0,9,0,0,2,0,0,0,0,1968,1968-09-07,5233,4730,403,1070,177,34,59,372,384,55,869,12,70,37,49,79,50,41
144,37,36,3,11,2,0,1,3,0,0,8,0,0,1,0,0,0,0,1968,1968-09-08,5270,4766,406,1081,179,34,60,375,384,55,877,12,70,38,49,79,50,41
145,41,38,10,12,3,0,2,10,1,1,5,1,1,0,0,0,0,0,1968,1968-09-09,5311,4804,416,1093,182,34,62,385,385,56,882,13,71,38,49,79,50,41
146,39,34,3,8,2,0,0,3,2,0,3,1,0,2,1,0,0,0,1968,1968-09-10,5350,4838,419,1101,184,34,62,388,387,56,885,14,71,40,50,79,50,41
147,41,38,4,11,2,0,1,3,2,0,6,1,0,0,0,0,0,0,1968,1968-09-11,5391,4876,423,1112,186,34,63,391,389,56,891,15,71,40,50,79,50,41
148,29,27,2,8,1,0,0,2,0,0,3,0,1,1,0,2,0,0,1968,1968-09-13,5420,4903,425,1120,187,34,63,393,389,56,894,15,72,41,50,81,50,41
149,35,28,3,6,2,0,0,3,5,0,9,0,1,1,0,0,2,0,1968,1968-09-14,5455,4931,428,1126,189,34,63,396,394,56,903,15,73,42,50,81,52,41
150,38,37,2,10,1,1,0,2,1,0,7,0,0,0,0,0,0,0,1968,1968-09-15,5493,4968,430,1136,190,35,63,398,395,56,910,15,73,42,50,81,52,41
151,37,32,6,9,2,0,0,6,4,2,4,0,1,0,3,2,0,1,1968,1968-09-16,5530,5000,436,1145,192,35,63,404,399,58,914,15,74,42,53,83,52,42
152,41,32,7,9,0,0,0,6,9,1,8,0,0,0,0,1,0,0,1968,1968-09-17,5571,5032,443,1154,192,35,63,410,408,59,922,15,74,42,53,84,52,42
153,32,27,0,4,0,0,0,0,5,0,3,0,0,0,0,3,0,0,1968,1968-09-18,5603,5059,443,1158,192,35,63,410,413,59,925,15,74,42,53,87,52,42
154,36,32,3,7,2,0,0,3,3,0,5,1,0,0,1,0,0,0,1968,1968-09-19,5639,5091,446,1165,194,35,63,413,416,59,930,16,74,42,54,87,52,42
155,36,31,5,8,2,0,0,4,4,0,6,0,0,1,0,0,1,0,1968,1968-09-20,5675,5122,451,1173,196,35,63,417,420,59,936,16,74,43,54,87,53,42
156,35,32,3,11,2,0,1,3,2,0,3,0,1,0,1,1,0,0,1968,1968-09-21,5710,5154,454,1184,198,35,64,420,422,59,939,16,75,43,55,88,53,42
157,35,28,3,7,0,0,1,2,5,1,11,0,2,0,0,0,0,0,1968,1968-09-22,5745,5182,457,1191,198,35,65,422,427,60,950,16,77,43,55,88,53,42
158,37,33,2,8,1,0,1,2,2,0,6,0,1,1,0,0,0,0,1968,1968-09-24,5782,5215,459,1199,199,35,66,424,429,60,956,16,78,44,55,88,53,42
159,35,33,1,7,0,0,1,1,1,0,7,1,0,0,0,0,1,0,1968,1968-09-25,5817,5248,460,1206,199,35,67,425,430,60,963,17,78,44,55,88,54,42
160,43,36,5,10,2,1,0,5,5,1,3,1,0,1,2,1,1,0,1968,1968-09-27,5860,5284,465,1216,201,36,67,430,435,61,966,18,78,45,57,89,55,42
161,40,36,4,11,1,0,0,4,3,0,8,0,1,0,0,0,2,0,1968,1968-09-28,5900,5320,469,1227,202,36,67,434,438,61,974,18,79,45,57,89,57,42
162,35,34,1,7,0,0,0,0,1,0,6,0,0,0,0,0,0,1,1968,1968-09-29,5935,5354,470,1234,202,36,67,434,439,61,980,18,79,45,57,89,57,43
1,34,32,1,6,1,0,0,1,2,0,5,0,0,0,0,2,0,0,1967,1967-04-10,34,32,1,6,1,0,0,1,2,0,5,0,0,0,0,2,0,0
2,38,34,4,9,0,2,0,3,3,0,5,0,0,1,0,1,0,0,1967,1967-04-14,72,66,5,15,1,2,0,4,5,0,10,0,0,1,0,3,0,0
3,37,34,4,8,1,0,0,4,3,0,1,0,0,0,1,1,0,1,1967,1967-04-15,109,100,9,23,2,2,0,8,8,0,11,0,0,1,1,4,0,1
4,34,33,1,9,1,0,0,1,1,0,4,0,0,0,0,2,2,0,1967,1967-04-16,143,133,10,32,3,2,0,9,9,0,15,0,0,1,1,6,2,1
5,41,32,7,10,0,0,0,7,6,0,3,1,1,1,0,0,1,0,1967,1967-04-18,184,165,17,42,3,2,0,16,15,0,18,1,1,2,1,6,3,1
6,38,33,3,10,3,0,0,3,4,2,3,0,0,1,0,2,0,1,1967,1967-04-19,222,198,20,52,6,2,0,19,19,2,21,1,1,3,1,8,3,2
7,52,46,1,9,3,0,0,1,5,1,17,0,1,0,0,1,1,0,1967,1967-04-20,274,244,21,61,9,2,0,20,24,3,38,1,2,3,1,9,4,2
8,33,30,1,5,1,0,0,1,2,0,6,1,0,0,0,0,0,1,1967,1967-04-22,307,274,22,66,10,2,0,21,26,3,44,2,2,3,1,9,4,3
9,43,33,9,10,1,0,1,9,8,2,6,0,1,1,2,1,0,0,1967,1967-04-23,350,307,31,76,11,2,1,30,34,5,50,2,3,4,3,10,4,3
10,51,44,6,8,2,0,2,6,4,0,9,1,1,1,1,0,0,0,1967,1967-04-24,401,351,37,84,13,2,3,36,38,5,59,3,4,5,4,10,4,3
11,31,31,1,7,0,0,1,1,0,0,4,0,0,0,0,3,0,0,1967,1967-04-25,432,382,38,91,13,2,4,37,38,5,63,3,4,5,4,13,4,3
12,36,29,2,5,1,0,0,2,7,2,4,0,0,0,0,0,0,0,1967,1967-04-26,468,411,40,96,14,2,4,39,45,7,67,3,4,5,4,13,4,3
13,41,34,6,11,4,1,0,6,6,2,5,1,0,0,0,0,0,1,1967,1967-04-27,509,445,46,107,18,3,4,45,51,9,72,4,4,5,4,13,4,4
14,37,33,4,8,2,0,1,4,3,0,3,0,1,0,0,1,0,0,1967,1967-04-28,546,478,50,115,20,3,5,49,54,9,75,4,5,5,4,14,4,4
15,32,31,0,5,1,0,0,0,1,0,11,0,0,0,0,1,0,0,1967,1967-04-29,578,509,50,120,21,3,5,49,55,9,86,4,5,5,4,15,4,4
16,37,29,1,3,1,0,0,1,8,2,2,0,0,0,0,1,0,0,1967,1967-04-30,615,538,51,123,22,3,5,50,63,11,88,4,5,5,4,16,4,4
17,46,42,5,13,4,0,1,5,2,0,1,0,2,0,0,1,0,0,1967,1967-05-02,661,580,56,136,26,3,6,55,65,11,89,4,7,5,4,17,4,4
18,62,55,5,12,2,1,1,4,5,1,8,1,1,0,1,1,2,0,1967,1967-05-03,723,635,61,148,28,4,7,59,70,12,97,5,8,5,5,18,6,4
19,37,32,3,6,1,0,0,3,5,0,7,0,0,0,0,1,0,0,1967,1967-05-04,760,667,64,154,29,4,7,62,75,12,104,5,8,5,5,19,6,4
20,41,33,1,7,1,1,0,0,8,3,8,0,0,0,0,1,3,0,1967,1967-05-05,801,700,65,161,30,5,7,62,83,15,112,5,8,5,5,20,9,4
21,38,35,4,11,3,0,0,4,2,1,7,0,1,0,0,1,1,0,1967,1967-05-08,839,735,69,172,33,5,7,66,85,16,119,5,9,5,5,21,10,4
22,38,34,2,9,0,0,0,1,4,0,3,0,0,0,0,2,0,0,1967,1967-05-09,877,769,71,181,33,5,7,67,89,16,122,5,9,5,5,23,10,4
23,43,37,5,8,2,1,0,4,4,1,5,0,1,1,3,0,1,2,1967,1967-05-10,920,806,76,189,35,6,7,71,93,17,127,5,10,6,8,23,11,6
24,35,34,1,8,1,0,0,1,0,0,1,0,0,1,1,0,1,1,1967,1967-05-12,955,840,77,197,36,6,7,72,93,17,128,5,10,7,9,23,12,7
25,44,36,3,10,1,0,1,2,7,0,6,1,0,0,1,1,1,0,1967,1967-05-13,999,876,80,207,37,6,8,74,100,17,134,6,10,7,10,24,13,7
26,37,31,2,6,0,0,0,2,4,1,0,0,2,0,1,2,0,0,1967,,1036,907,82,213,37,6,8,76,104,18,134,6,12,7,11,26,13,7
27,49,41,3,11,2,0,1,3,6,2,7,1,1,0,0,0,0,1,1967,,1085,948,85,224,39,6,9,79,110,20,141,7,13,7,11,26,13,8
28,40,36,3,6,0,0,0,3,3,0,4,0,1,0,1,0,0,0,1967,1967-05-15,1125,984,88,230,39,6,9,82,113,20,145,7,14,7,12,26,13,8
29,34,29,6,6,0,0,1,3,3,0,6,0,2,0,1,0,1,1,1967,1967-05-16,1159,1013,94,236,39,6,10,85,116,20,151,7,16,7,13,26,14,9
30,35,32,7,10,2,0,1,4,3,1,3,0,0,0,1,2,0,0,1967,1967-05-17,1194,1045,101,246,41,6,11,89,119,21,154,7,16,7,14,28,14,9
31,40,37,8,14,2,0,1,8,2,1,4,0,0,1,1,1,1,0,1967,1967-05-19,1234,1082,109,260,43,6,12,97,121,22,158,7,16,8,15,29,15,9
32,37,31,3,7,1,0,3,3,6,0,3,0,0,0,0,1,0,0,1967,1967-05-20,1271,1113,112,267,44,6,15,100,127,22,161,7,16,8,15,30,15,9
33,42,34,6,11,3,1,1,6,6,0,3,0,1,1,0,1,1,1,1967,,1313,1147,118,278,47,7,16,106,133,22,164,7,17,9,15,31,16,10
34,33,30,2,3,0,0,0,2,2,0,4,1,0,0,2,2,0,0,1967,,1346,1177,120,281,47,7,16,108,135,22,168,8,17,9,17,33,16,10
35,34,32,2,5,0,0,2,2,2,0,7,0,0,0,0,0,0,0,1967,1967-05-22,1380,1209,122,286,47,7,18,110,137,22,175,8,17,9,17,33,16,10
36,39,33,7,6,2,0,0,6,6,0,6,0,0,0,1,1,1,0,1967,1967-05-23,1419,1242,129,292,49,7,18,116,143,22,181,8,17,9,18,34,17,10
37,40,33,8,7,3,0,0,7,6,1,4,0,1,0,1,0,0,0,1967,1967-05-24,1459,1275,137,299,52,7,18,123,149,23,185,8,18,9,19,34,17,10
38,34,33,1,6,0,0,0,1,1,0,7,0,0,0,0,0,0,0,1967,1967-05-26,1493,1308,138,305,52,7,18,124,150,23,192,8,18,9,19,34,17,10
39,48,41,10,12,0,2,0,8,5,2,6,1,0,1,4,0,1,1,1967,1967-05-27,1541,1349,148,317,52,9,18,132,155,25,198,9,18,10,23,34,18,11
40,34,32,1,6,0,0,0,1,2,0,6,0,0,0,0,1,0,0,1967,1967-05-28,1575,1381,149,323,52,9,18,133,157,25,204,9,18,10,23,35,18,11
41,38,32,7,10,2,0,1,7,5,1,8,0,0,1,0,0,3,0,1967,1967-05-29,1613,1413,156,333,54,9,19,140,162,26,212,9,18,11,23,35,21,11
42,36,33,7,11,1,0,0,6,2,0,6,0,1,0,1,0,0,1,1967,1967-05-30,1649,1446,163,344,55,9,19,146,164,26,218,9,19,11,24,35,21,12
43,41,37,0,8,0,0,0,0,2,0,8,1,1,0,0,1,0,1,1967,1967-05-31,1690,1483,163,352,55,9,19,146,166,26,226,10,20,11,24,36,21,13
44,35,32,1,8,0,1,0,1,3,0,2,0,0,0,0,3,0,0,1967,1967-06-01,1725,1515,164,360,55,10,19,147,169,26,228,10,20,11,24,39,21,13
45,36,34,3,6,1,0,0,2,2,0,8,0,0,0,1,0,3,0,1967,1967-06-02,1761,1549,167,366,56,10,19,149,171,26,236,10,20,11,25,39,24,13
46,34,31,5,9,0,0,2,5,2,0,4,0,0,1,0,1,1,0,1967,1967-06-03,1795,1580,172,375,56,10,21,154,173,26,240,10,20,12,25,40,25,13
47,38,31,1,5,1,0,0,1,6,0,7,1,0,0,0,0,1,0,1967,1967-06-04,1833,1611,173,380,57,10,21,155,179,26,247,11,20,12,25,40,26,13
48,38,30,4,8,2,0,1,3,6,1,7,0,2,0,0,1,1,1,1967,1967-06-05,1871,1641,177,388,59,10,22,158,185,27,254,11,22,12,25,41,27,14
49,40,37,2,12,3,1,0,2,2,1,5,0,1,0,0,1,0,0,1967,1967-06-06,1911,1678,179,400,62,11,22,160,187,28,259,11,23,12,25,42,27,14
50,38,34,5,10,1,2,1,5,3,0,9,0,0,1,0,2,0,0,1967,1967-06-07,1949,1712,184,410,63,13,23,165,190,28,268,11,23,13,25,44,27,14
51,42,38,4,11,2,0,0,4,3,0,5,1,0,0,0,0,0,0,1967,1967-06-08,1991,1750,188,421,65,13,23,169,193,28,273,12,23,13,25,44,27,14
52,33,31,2,7,2,0,0,2,1,0,5,0,1,0,0,1,0,1,1967,1967-06-09,2024,1781,190,428,67,13,23,171,194,28,278,12,24,13,25,45,27,15
53,37,32,2,3,2,0,0,2,2,0,10,0,2,1,0,1,1,0,1967,1967-06-10,2061,1813,192,431,69,13,23,173,196,28,288,12,26,14,25,46,28,15
54,45,42,7,13,1,0,2,7,3,0,7,0,0,0,2,0,0,0,1967,,2106,1855,199,444,70,13,25,180,199,28,295,12,26,14,27,46,28,15
55,41,39,5,11,2,0,0,5,2,0,4,0,0,0,1,0,0,0,1967,,2147,1894,204,455,72,13,25,185,201,28,299,12,26,14,28,46,28,15
56,37,36,2,9,2,0,1,2,1,0,9,0,0,0,0,0,1,0,1967,1967-06-13,2184,1930,206,464,74,13,26,187,202,28,308,12,26,14,28,46,29,15
57,42,35,4,9,1,1,2,4,6,0,4,0,1,0,0,0,0,0,1967,1967-06-14,2226,1965,210,473,75,14,28,191,208,28,312,12,27,14,28,46,29,15
58,37,35,5,9,1,0,2,5,2,0,3,0,0,0,1,1,0,1,1967,1967-06-15,2263,2000,215,482,76,14,30,196,210,28,315,12,27,14,29,47,29,16
59,36,29,2,4,0,0,0,2,5,0,5,1,1,0,0,0,0,0,1967,1967-06-16,2299,2029,217,486,76,14,30,198,215,28,320,13,28,14,29,47,29,16
60,34,30,6,10,2,2,0,6,1,0,6,1,0,2,0,1,0,1,1967,1967-06-17,2333,2059,223,496,78,16,30,204,216,28,326,14,28,16,29,48,29,17
61,38,35,5,13,2,0,0,5,2,1,2,0,0,1,1,2,2,0,1967,1967-06-18,2371,2094,228,509,80,16,30,209,218,29,328,14,28,17,30,50,31,17
62,35,28,3,7,0,0,1,3,5,1,4,0,2,0,0,2,0,0,1967,1967-06-19,2406,2122,231,516,80,16,31,212,223,30,332,14,30,17,30,52,31,17
63,61,53,3,11,1,2,0,2,5,2,12,2,1,0,0,1,0,0,1967,1967-06-20,2467,2175,234,527,81,18,31,214,228,32,344,16,31,17,30,53,31,17
64,35,31,0,4,0,0,0,0,4,0,2,0,0,0,0,0,0,0,1967,1967-06-21,2502,2206,234,531,81,18,31,214,232,32,346,16,31,17,30,53,31,17
65,35,34,2,6,1,0,0,2,1,0,8,0,0,0,1,0,1,0,1967,1967-06-22,2537,2240,236,537,82,18,31,216,233,32,354,16,31,17,31,53,32,17
66,34,33,1,9,0,0,1,1,0,0,3,1,0,0,0,3,0,0,1967,1967-06-23,2571,2273,237,546,82,18,32,217,233,32,357,17,31,17,31,56,32,17
67,32,29,2,5,0,0,0,2,1,1,5,0,2,0,2,0,0,0,1967,1967-06-24,2603,2302,239,551,82,18,32,219,234,33,362,17,33,17,33,56,32,17
68,41,29,2,6,0,0,0,2,9,1,5,0,2,1,1,1,0,0,1967,1967-06-25,2644,2331,241,557,82,18,32,221,243,34,367,17,35,18,34,57,32,17
69,36,29,3,4,0,1,1,3,5,0,6,1,0,1,0,1,0,0,1967,1967-06-26,2680,2360,244,561,82,19,33,224,248,34,373,18,35,19,34,58,32,17
70,46,39,9,13,6,0,0,8,6,1,5,1,0,0,0,1,1,0,1967,1967-06-27,2726,2399,253,574,88,19,33,232,254,35,378,19,35,19,34,59,33,17
71,41,38,7,9,3,0,2,4,3,1,10,0,0,0,2,0,1,0,1967,1967-06-28,2767,2437,260,583,91,19,35,236,257,36,388,19,35,19,36,59,34,17
72,31,30,0,5,1,0,0,0,1,0,1,0,0,0,0,2,0,0,1967,1967-06-29,2798,2467,260,588,92,19,35,236,258,36,389,19,35,19,36,61,34,17
73,39,31,5,7,2,0,2,5,5,0,1,1,1,1,0,0,0,1,1967,1967-06-30,2837,2498,265,595,94,19,37,241,263,36,390,20,36,20,36,61,34,18
74,35,33,2,8,0,0,2,2,2,0,8,0,0,0,0,1,0,0,1967,1967-07-01,2872,2531,267,603,94,19,39,243,265,36,398,20,36,20,36,62,34,18
75,39,35,4,11,1,0,0,4,3,0,5,0,1,0,0,1,0,1,1967,1967-07-02,2911,2566,271,614,95,19,39,247,268,36,403,20,37,20,36,63,34,19
76,32,31,2,5,1,2,0,1,1,0,1,0,0,0,0,1,0,0,1967,1967-07-03,2943,2597,273,619,96,21,39,248,269,36,404,20,37,20,36,64,34,19
77,43,41,7,16,2,1,1,7,2,0,5,0,0,0,0,0,0,1,1967,1967-07-04,2986,2638,280,635,98,22,40,255,271,36,409,20,37,20,36,64,34,20
78,39,36,5,10,1,2,1,5,3,0,3,0,0,0,0,0,0,1,1967,1967-07-05,3025,2674,285,645,99,24,41,260,274,36,412,20,37,20,36,64,34,21
79,35,32,1,5,1,0,1,1,3,0,4,0,0,0,0,0,0,0,1967,1967-07-07,3060,2706,286,650,100,24,42,261,277,36,416,20,37,20,36,64,34,21
80,33,32,4,4,1,0,2,4,1,0,8,0,0,0,1,0,0,0,1967,1967-07-08,3093,2738,290,654,101,24,44,265,278,36,424,20,37,20,37,64,34,21
81,34,34,0,5,0,0,0,0,0,0,5,0,0,0,0,1,0,0,1967,1967-07-09,3127,2772,290,659,101,24,44,265,278,36,429,20,37,20,37,65,34,21
82,35,35,1,8,0,0,0,1,0,0,4,0,0,0,0,0,0,0,1967,1967-07-13,3162,2807,291,667,101,24,44,266,278,36,433,20,37,20,37,65,34,21
83,36,30,5,7,1,1,1,3,6,2,6,0,0,0,1,0,0,2,1967,1967-07-14,3198,2837,296,674,102,25,45,269,284,38,439,20,37,20,38,65,34,23
84,36,33,5,12,2,0,2,4,1,0,4,1,0,1,0,1,1,0,1967,1967-07-15,3234,2870,301,686,104,25,47,273,285,38,443,21,37,21,38,66,35,23
85,41,35,1,9,1,1,0,1,5,0,8,1,0,0,1,1,0,0,1967,,3275,2905,302,695,105,26,47,274,290,38,451,22,37,21,39,67,35,23
86,37,32,2,7,0,0,0,2,5,0,5,0,0,0,1,2,0,0,1967,,3312,2937,304,702,105,26,47,276,295,38,456,22,37,21,40,69,35,23
87,32,31,0,4,1,0,0,0,1,0,4,0,0,0,0,0,0,0,1967,,3344,2968,304,706,106,26,47,276,296,38,460,22,37,21,40,69,35,23
88,41,36,2,12,0,0,1,2,4,0,1,1,0,0,2,4,1,0,1967,,3385,3004,306,718,106,26,48,278,300,38,461,23,37,21,42,73,36,23
89,46,37,3,9,1,0,0,3,6,0,5,2,1,0,0,3,0,1,1967,1967-07-19,3431,3041,309,727,107,26,48,281,306,38,466,25,38,21,42,76,36,24
90,38,36,4,9,2,0,0,4,2,0,3,0,0,0,0,0,0,0,1967,1967-07-20,3469,3077,313,736,109,26,48,285,308,38,469,25,38,21,42,76,36,24
91,32,30,3,7,2,0,0,2,0,0,5,0,1,1,0,2,0,0,1967,1967-07-21,3501,3107,316,743,111,26,48,287,308,38,474,25,39,22,42,78,36,24
92,41,38,4,12,2,0,1,4,1,1,4,1,1,0,1,0,1,0,1967,1967-07-22,3542,3145,320,755,113,26,49,291,309,39,478,26,40,22,43,78,37,24
93,33,30,1,4,1,0,1,1,3,0,7,0,0,0,0,1,0,0,1967,1967-07-23,3575,3175,321,759,114,26,50,292,312,39,485,26,40,22,43,79,37,24
94,41,36,4,11,3,0,0,4,4,1,6,0,1,0,0,0,0,0,1967,1967-07-24,3616,3211,325,770,117,26,50,296,316,40,491,26,41,22,43,79,37,24
95,30,25,3,4,0,0,0,3,2,1,6,2,0,1,1,1,0,0,1967,1967-07-25,3646,3236,328,774,117,26,50,299,318,41,497,28,41,23,44,80,37,24
96,35,32,2,9,1,0,0,2,2,0,10,0,1,0,0,2,0,1,1967,1967-07-26,3681,3268,330,783,118,26,50,301,320,41,507,28,42,23,44,82,37,25
97,49,41,7,14,2,0,1,6,6,0,4,0,2,0,1,1,1,2,1967,1967-07-27,3730,3309,337,797,120,26,51,307,326,41,511,28,44,23,45,83,38,27
98,35,27,2,8,0,1,1,1,4,0,5,2,2,0,0,2,1,1,1967,1967-07-28,3765,3336,339,805,120,27,52,308,330,41,516,30,46,23,45,85,39,28
99,31,30,2,5,1,0,1,2,1,0,2,0,0,0,0,1,0,0,1967,1967-07-29,3796,3366,341,810,121,27,53,310,331,41,518,30,46,23,45,86,39,28
100,26,25,1,4,0,0,1,1,1,0,3,0,0,0,0,2,0,1,1967,1967-07-30,3822,3391,342,814,121,27,54,311,332,41,521,30,46,23,45,88,39,29
101,44,42,2,9,1,0,0,2,2,0,6,0,0,0,2,1,0,1,1967,1967-07-31,3866,3433,344,823,122,27,54,313,334,41,527,30,46,23,47,89,39,30
102,32,32,1,5,1,0,0,1,0,0,4,0,0,0,0,0,0,0,1967,1967-08-01,3898,3465,345,828,123,27,54,314,334,41,531,30,46,23,47,89,39,30
103,43,42,2,13,1,0,0,1,1,0,6,0,0,0,0,1,0,0,1967,1967-08-02,3941,3507,347,841,124,27,54,315,335,41,537,30,46,23,47,90,39,30
104,45,38,2,10,2,0,1,2,4,2,9,1,2,0,1,0,1,1,1967,1967-08-04,3986,3545,349,851,126,27,55,317,339,43,546,31,48,23,48,90,40,31
105,35,34,1,5,0,0,0,1,1,0,5,0,0,0,2,0,0,0,1967,1967-08-05,4021,3579,350,856,126,27,55,318,340,43,551,31,48,23,50,90,40,31
106,41,33,5,9,3,1,0,5,4,2,6,0,2,2,0,0,0,0,1967,1967-08-06,4062,3612,355,865,129,28,55,323,344,45,557,31,50,25,50,90,40,31
107,39,32,6,8,0,0,0,3,4,1,8,0,2,1,1,0,2,1,1967,1967-08-07,4101,3644,361,873,129,28,55,326,348,46,565,31,52,26,51,90,42,32
108,37,33,6,9,4,0,1,6,2,2,5,0,2,0,1,1,1,1,1967,1967-08-08,4138,3677,367,882,133,28,56,332,350,48,570,31,54,26,52,91,43,33
109,40,38,2,6,0,0,2,2,1,0,4,0,1,0,0,0,0,0,1967,1967-08-09,4178,3715,369,888,133,28,58,334,351,48,574,31,55,26,52,91,43,33
110,41,36,4,12,1,0,0,4,4,0,6,0,0,1,0,2,0,0,1967,1967-08-10,4219,3751,373,900,134,28,58,338,355,48,580,31,55,27,52,93,43,33
111,40,37,5,9,2,0,1,4,2,0,8,1,0,0,2,1,1,0,1967,1967-08-11,4259,3788,378,909,136,28,59,342,357,48,588,32,55,27,54,94,44,33
112,33,31,0,6,2,0,0,0,1,0,3,1,0,0,0,0,0,1,1967,1967-08-12,4292,3819,378,915,138,28,59,342,358,48,591,33,55,27,54,94,44,34
113,33,29,0,3,1,0,0,0,4,0,3,0,0,0,0,0,0,0,1967,1967-08-13,4325,3848,378,918,139,28,59,342,362,48,594,33,55,27,54,94,44,34
114,45,36,1,7,0,0,0,1,6,2,3,0,3,0,0,2,0,0,1967,1967-08-15,4370,3884,379,925,139,28,59,343,368,50,597,33,58,27,54,96,44,34
115,42,38,7,10,5,0,0,6,3,2,6,0,1,0,2,0,0,0,1967,1967-08-16,4412,3922,386,935,144,28,59,349,371,52,603,33,59,27,56,96,44,34
116,35,35,0,8,4,0,0,0,0,0,5,0,0,0,1,0,0,0,1967,1967-08-17,4447,3957,386,943,148,28,59,349,371,52,608,33,59,27,57,96,44,34
117,31,30,5,9,1,0,2,5,1,0,7,0,0,0,0,2,0,0,1967,1967-08-18,4478,3987,391,952,149,28,61,354,372,52,615,33,59,27,57,98,44,34
118,38,31,7,10,1,0,0,4,5,2,1,1,1,0,1,2,1,1,1967,1967-08-19,4516,4018,398,962,150,28,61,358,377,54,616,34,60,27,58,100,45,35
119,38,33,6,9,0,0,0,4,4,0,8,1,0,0,0,0,0,0,1967,1967-08-20,4554,4051,404,971,150,28,61,362,381,54,624,35,60,27,58,100,45,35
120,34,29,2,8,3,1,0,1,3,2,6,1,1,0,0,2,0,0,1967,1967-08-21,4588,4080,406,979,153,29,61,363,384,56,630,36,61,27,58,102,45,35
121,35,33,1,7,1,0,1,1,1,0,4,1,0,0,0,1,1,0,1967,1967-08-22,4623,4113,407,986,154,29,62,364,385,56,634,37,61,27,58,103,46,35
122,41,32,8,13,2,0,0,7,6,1,4,1,2,0,0,1,0,1,1967,1967-08-23,4664,4145,415,999,156,29,62,371,391,57,638,38,63,27,58,104,46,36
123,43,38,4,9,2,0,0,2,3,1,8,0,2,0,2,0,0,0,1967,1967-08-24,4707,4183,419,1008,158,29,62,373,394,58,646,38,65,27,60,104,46,36
124,30,28,2,5,1,1,0,2,1,0,4,0,0,1,0,0,2,0,1967,,4737,4211,421,1013,159,30,62,375,395,58,650,38,65,28,60,104,48,36
125,34,30,1,4,0,0,0,0,2,1,5,1,1,0,1,1,1,0,1967,,4771,4241,422,1017,159,30,62,375,397,59,655,39,66,28,61,105,49,36
126,49,42,2,12,0,0,0,2,5,3,5,0,1,1,0,1,0,1,1967,1967-08-26,4820,4283,424,1029,159,30,62,377,402,62,660,39,67,29,61,106,49,37
127,37,33,2,8,1,0,0,2,3,0,8,0,0,1,0,1,0,0,1967,1967-08-27,4857,4316,426,1037,160,30,62,379,405,62,668,39,67,30,61,107,49,37
128,34,31,0,3,1,0,0,0,3,0,9,0,0,0,2,1,0,0,1967,1967-08-28,4891,4347,426,1040,161,30,62,379,408,62,677,39,67,30,63,108,49,37
129,32,28,1,3,0,0,0,1,3,1,6,0,0,1,0,1,0,0,1967,1967-08-29,4923,4375,427,1043,161,30,62,380,411,63,683,39,67,31,63,109,49,37
130,43,36,9,11,2,0,1,8,6,0,4,0,1,0,0,0,0,2,1967,1967-08-30,4966,4411,436,1054,163,30,63,388,417,63,687,39,68,31,63,109,49,39
131,38,31,4,6,2,1,1,4,2,1,3,1,3,1,2,0,0,0,1967,1967-08-31,5004,4442,440,1060,165,31,64,392,419,64,690,40,71,32,65,109,49,39
132,39,35,6,10,2,0,3,6,3,1,4,0,0,1,1,2,0,0,1967,1967-09-01,5043,4477,446,1070,167,31,67,398,422,65,694,40,71,33,66,111,49,39
133,37,34,2,8,3,0,0,2,3,1,5,0,0,0,0,0,0,0,1967,1967-09-02,5080,4511,448,1078,170,31,67,400,425,66,699,40,71,33,66,111,49,39
134,33,30,1,6,1,0,0,1,1,0,4,1,1,0,0,0,1,0,1967,1967-09-03,5113,4541,449,1084,171,31,67,401,426,66,703,41,72,33,66,111,50,39
135,37,36,1,5,0,0,1,1,0,0,6,0,1,0,0,0,0,0,1967,,5150,4577,450,1089,171,31,68,402,426,66,709,41,73,33,66,111,50,39
136,41,39,8,12,2,1,1,8,2,0,7,0,0,0,1,0,0,1,1967,,5191,4616,458,1101,173,32,69,410,428,66,716,41,73,33,67,111,50,40
137,31,30,6,8,0,1,3,6,1,0,8,0,0,0,2,3,0,0,1967,1967-09-06,5222,4646,464,1109,173,33,72,416,429,66,724,41,73,33,69,114,50,40
138,51,41,2,8,3,0,1,2,7,3,10,1,2,0,1,1,0,0,1967,1967-09-07,5273,4687,466,1117,176,33,73,418,436,69,734,42,75,33,70,115,50,40
139,32,31,4,8,2,0,1,4,1,0,8,0,0,0,0,0,0,1,1967,1967-09-08,5305,4718,470,1125,178,33,74,422,437,69,742,42,75,33,70,115,50,41
140,36,33,3,10,1,0,2,3,2,0,8,0,1,0,0,3,0,0,1967,1967-09-09,5341,4751,473,1135,179,33,76,425,439,69,750,42,76,33,70,118,50,41
141,33,30,4,9,1,0,0,3,0,0,2,1,2,0,0,0,0,1,1967,,5374,4781,477,1144,180,33,76,428,439,69,752,43,78,33,70,118,50,42
142,41,34,0,3,0,0,0,0,6,0,6,0,1,0,0,0,0,1,1967,,5415,4815,477,1147,180,33,76,428,445,69,758,43,79,33,70,118,50,43
143,33,33,0,8,1,0,0,0,0,0,3,0,0,0,0,2,0,0,1967,1967-09-11,5448,4848,477,1155,181,33,76,428,445,69,761,43,79,33,70,120,50,43
144,31,31,2,4,1,0,1,2,0,0,12,0,0,0,0,0,0,0,1967,1967-09-12,5479,4879,479,1159,182,33,77,430,445,69,773,43,79,33,70,120,50,43
145,35,28,6,8,1,0,1,5,4,1,2,0,3,0,0,1,0,0,1967,1967-09-13,5514,4907,485,1167,183,33,78,435,449,70,775,43,82,33,70,121,50,43
146,34,33,1,6,0,0,1,1,1,0,9,0,0,0,0,0,0,0,1967,,5548,4940,486,1173,183,33,79,436,450,70,784,43,82,33,70,121,50,43
147,33,30,1,7,1,0,0,1,1,0,6,0,2,0,0,1,1,0,1967,,5581,4970,487,1180,184,33,79,437,451,70,790,43,84,33,70,122,51,43
148,43,42,4,11,3,1,0,4,0,0,7,0,1,0,0,1,1,0,1967,1967-09-16,5624,5012,491,1191,187,34,79,441,451,70,797,43,85,33,70,123,52,43
149,33,32,1,7,0,0,0,1,1,0,6,0,0,0,0,2,0,0,1967,1967-09-17,5657,5044,492,1198,187,34,79,442,452,70,803,43,85,33,70,125,52,43
150,36,33,2,8,1,1,0,2,3,0,7,0,0,0,0,2,0,0,1967,1967-09-18,5693,5077,494,1206,188,35,79,444,455,70,810,43,85,33,70,127,52,43
151,36,30,3,7,0,1,0,2,4,0,7,0,1,1,1,0,0,2,1967,1967-09-19,5729,5107,497,1213,188,36,79,446,459,70,817,43,86,34,71,127,52,45
152,37,33,4,8,4,0,0,4,3,2,6,0,0,1,1,1,0,0,1967,1967-09-20,5766,5140,501,1221,192,36,79,450,462,72,823,43,86,35,72,128,52,45
153,37,34,7,12,4,1,1,6,1,0,3,0,2,0,0,0,0,0,1967,1967-09-22,5803,5174,508,1233,196,37,80,456,463,72,826,43,88,35,72,128,52,45
154,35,33,0,6,1,0,0,0,2,0,5,0,0,0,0,0,1,0,1967,1967-09-23,5838,5207,508,1239,197,37,80,456,465,72,831,43,88,35,72,128,53,45
155,30,30,1,3,2,0,0,1,0,0,6,0,0,0,0,0,0,0,1967,1967-09-24,5868,5237,509,1242,199,37,80,457,465,72,837,43,88,35,72,128,53,45
156,40,38,1,6,0,0,0,1,2,0,5,0,0,0,0,1,1,0,1967,1967-09-25,5908,5275,510,1248,199,37,80,458,467,72,842,43,88,35,72,129,54,45
157,29,28,3,6,2,0,1,3,1,1,2,0,0,0,0,1,1,1,1967,1967-09-26,5937,5303,513,1254,201,37,81,461,468,73,844,43,88,35,72,130,55,46
158,36,29,0,5,0,0,0,0,5,1,12,0,2,0,0,1,0,0,1967,1967-09-27,5973,5332,513,1259,201,37,81,461,473,74,856,43,90,35,72,131,55,46
159,32,27,3,6,1,1,0,3,4,1,8,0,1,0,0,1,0,1,1967,1967-09-28,6005,5359,516,1265,202,38,81,464,477,75,864,43,91,35,72,132,55,47
160,35,32,1,6,1,0,1,1,3,0,6,0,0,0,0,0,0,0,1967,1967-09-29,6040,5391,517,1271,203,38,82,465,480,75,870,43,91,35,72,132,55,47
161,35,33,0,7,0,0,0,0,2,0,7,0,0,0,1,2,0,0,1967,1967-09-30,6075,5424,517,1278,203,38,82,465,482,75,877,43,91,35,73,134,55,47
162,35,32,2,7,0,0,0,0,3,0,4,0,0,0,1,0,1,0,1967,1967-10-01,6110,5456,519,1285,203,38,82,465,485,75,881,43,91,35,74,134,56,47
1,32,28,3,10,0,0,0,3,1,0,1,0,2,1,0,1,0,1,1966,1966-04-12,32,28,3,10,0,0,0,3,1,0,1,0,2,1,0,1,0,1
2,39,31,6,6,0,0,2,6,7,1,2,0,0,1,0,1,4,0,1966,1966-04-13,71,59,9,16,0,0,2,9,8,1,3,0,2,2,0,2,4,1
3,36,34,2,10,1,0,2,2,2,0,4,0,0,0,0,2,1,0,1966,1966-04-14,107,93,11,26,1,0,4,11,10,1,7,0,2,2,0,4,5,1
4,36,31,4,7,1,0,1,4,4,0,3,0,1,0,1,0,0,0,1966,1966-04-15,143,124,15,33,2,0,5,15,14,1,10,0,3,2,1,4,5,1
5,34,32,4,11,2,1,0,4,2,0,5,0,0,0,0,1,1,1,1966,1966-04-16,177,156,19,44,4,1,5,19,16,1,15,0,3,2,1,5,6,2
6,33,29,5,7,1,0,1,5,4,0,5,0,0,0,0,0,2,2,1966,1966-04-17,210,185,24,51,5,1,6,24,20,1,20,0,3,2,1,5,8,4
7,44,36,6,13,2,0,0,5,5,1,8,0,3,0,0,0,1,1,1966,1966-04-18,254,221,30,64,7,1,6,29,25,2,28,0,6,2,1,5,9,5
8,37,37,5,13,4,1,1,5,0,0,8,0,0,0,0,2,0,0,1966,1966-04-19,291,258,35,77,11,2,7,34,25,2,36,0,6,2,1,7,9,5
9,38,34,3,8,1,0,1,3,3,0,6,0,1,0,0,0,0,0,1966,1966-04-20,329,292,38,85,12,2,8,37,28,2,42,0,7,2,1,7,9,5
10,36,34,2,8,1,0,0,2,0,0,8,1,0,1,1,0,0,0,1966,1966-04-22,365,326,40,93,13,2,8,39,28,2,50,1,7,3,2,7,9,5
11,41,36,0,10,1,0,0,0,4,0,6,1,0,0,1,0,0,0,1966,1966-04-23,406,362,40,103,14,2,8,39,32,2,56,2,7,3,3,7,9,5
12,35,31,0,5,2,0,0,0,4,0,6,0,0,0,0,1,0,0,1966,1966-04-24,441,393,40,108,16,2,8,39,36,2,62,2,7,3,3,8,9,5
13,33,33,0,7,0,0,0,0,0,0,7,0,0,0,0,1,1,0,1966,1966-04-25,474,426,40,115,16,2,8,39,36,2,69,2,7,3,3,9,10,5
14,33,30,4,7,2,0,0,4,2,0,6,0,1,0,0,0,1,0,1966,1966-04-26,507,456,44,122,18,2,8,43,38,2,75,2,8,3,3,9,11,5
15,38,37,4,14,1,1,0,4,0,0,3,0,1,0,0,0,0,1,1966,1966-04-27,545,493,48,136,19,3,8,47,38,2,78,2,9,3,3,9,11,6
16,38,33,8,10,2,0,1,7,5,0,5,0,0,0,0,0,2,0,1966,1966-04-28,583,526,56,146,21,3,9,54,43,2,83,2,9,3,3,9,13,6
17,40,35,3,9,2,0,1,3,4,1,4,0,1,0,1,0,2,0,1966,1966-04-29,623,561,59,155,23,3,10,57,47,3,87,2,10,3,4,9,15,6
18,36,31,1,5,0,0,0,1,5,0,8,0,0,0,0,0,2,1,1966,1966-04-30,659,592,60,160,23,3,10,58,52,3,95,2,10,3,4,9,17,7
19,30,27,3,4,1,0,0,3,3,1,1,0,0,0,1,0,1,2,1966,1966-05-01,689,619,63,164,24,3,10,61,55,4,96,2,10,3,5,9,18,9
20,34,32,1,4,0,0,1,1,2,0,5,0,0,0,1,0,1,0,1966,1966-05-03,723,651,64,168,24,3,11,62,57,4,101,2,10,3,6,9,19,9
21,29,29,1,4,1,0,0,1,0,0,7,0,0,0,0,1,0,1,1966,1966-05-04,752,680,65,172,25,3,11,63,57,4,108,2,10,3,6,10,19,10
22,43,39,8,8,0,0,3,5,3,0,8,0,1,0,3,1,0,0,1966,1966-05-05,795,719,73,180,25,3,14,68,60,4,116,2,11,3,9,11,19,10
23,34,34,1,8,1,0,0,1,0,0,5,0,0,0,0,0,0,0,1966,1966-05-06,829,753,74,188,26,3,14,69,60,4,121,2,11,3,9,11,19,10
24,47,40,14,16,4,0,5,13,5,0,1,0,1,1,0,1,2,0,1966,1966-05-07,876,793,88,204,30,3,19,82,65,4,122,2,12,4,9,12,21,10
25,36,32,1,4,0,0,0,0,3,0,5,1,0,0,1,0,0,0,1966,1966-05-08,912,825,89,208,30,3,19,82,68,4,127,3,12,4,10,12,21,10
26,43,34,6,9,2,0,0,6,7,1,4,1,0,1,1,1,6,0,1966,1966-05-10,955,859,95,217,32,3,19,88,75,5,131,4,12,5,11,13,27,10
27,38,35,5,8,2,0,0,5,3,1,7,0,0,0,0,0,0,0,1966,1966-05-11,993,894,100,225,34,3,19,93,78,6,138,4,12,5,11,13,27,10
28,39,33,1,9,2,0,1,1,2,0,3,3,1,0,0,1,1,1,1966,1966-05-12,1032,927,101,234,36,3,20,94,80,6,141,7,13,5,11,14,28,11
29,36,35,3,7,1,0,0,2,1,0,4,0,0,0,1,0,0,0,1966,1966-05-13,1068,962,104,241,37,3,20,96,81,6,145,7,13,5,12,14,28,11
30,36,34,4,8,3,0,0,3,2,2,5,0,0,0,1,2,2,0,1966,1966-05-14,1104,996,108,249,40,3,20,99,83,8,150,7,13,5,13,16,30,11
31,38,33,3,9,0,2,0,3,2,1,3,1,2,0,1,0,1,2,1966,1966-05-15,1142,1029,111,258,40,5,20,102,85,9,153,8,15,5,14,16,31,13
32,46,43,2,10,2,0,0,1,1,0,7,1,0,1,1,1,0,0,1966,1966-05-17,1188,1072,113,268,42,5,20,103,86,9,160,9,15,6,15,17,31,13
33,38,35,4,10,2,0,1,4,3,0,6,0,0,0,0,2,0,0,1966,1966-05-18,1226,1107,117,278,44,5,21,107,89,9,166,9,15,6,15,19,31,13
34,37,36,4,12,0,0,1,4,1,0,2,0,0,0,2,1,3,1,1966,1966-05-19,1263,1143,121,290,44,5,22,111,90,9,168,9,15,6,17,20,34,14
35,35,33,3,8,0,1,1,3,1,0,6,1,0,0,0,2,0,0,1966,1966-05-20,1298,1176,124,298,44,6,23,114,91,9,174,10,15,6,17,22,34,14
36,46,40,5,9,0,0,1,5,5,1,5,0,1,0,0,0,0,2,1966,1966-05-21,1344,1216,129,307,44,6,24,119,96,10,179,10,16,6,17,22,34,16
37,31,30,0,5,1,0,0,0,1,0,11,0,0,0,0,2,1,0,1966,1966-05-22,1375,1246,129,312,45,6,24,119,97,10,190,10,16,6,17,24,35,16
38,35,33,3,9,2,0,1,3,1,1,5,0,0,1,0,1,0,0,1966,1966-05-23,1410,1279,132,321,47,6,25,122,98,11,195,10,16,7,17,25,35,16
39,33,30,3,7,0,0,1,3,3,0,1,0,0,0,0,0,1,1,1966,1966-05-24,1443,1309,135,328,47,6,26,125,101,11,196,10,16,7,17,25,36,17
40,34,33,2,8,0,0,0,2,1,0,6,0,0,0,1,1,2,1,1966,1966-05-25,1477,1342,137,336,47,6,26,127,102,11,202,10,16,7,18,26,38,18
41,34,27,4,6,1,0,0,1,6,0,5,0,1,0,2,2,1,2,1966,1966-05-27,1511,1369,141,342,48,6,26,128,108,11,207,10,17,7,20,28,39,20
42,41,30,7,10,1,0,1,7,9,2,6,1,0,1,0,3,3,0,1966,1966-05-28,1552,1399,148,352,49,6,27,135,117,13,213,11,17,8,20,31,42,20
43,40,36,6,12,4,0,2,6,3,0,4,0,1,0,0,1,1,1,1966,1966-05-29,1592,1435,154,364,53,6,29,141,120,13,217,11,18,8,20,32,43,21
44,43,39,10,16,7,0,1,8,1,0,4,0,2,1,0,1,1,0,1966,1966-05-30,1635,1474,164,380,60,6,30,149,121,13,221,11,20,9,20,33,44,21
45,42,35,6,9,2,1,1,6,6,0,4,1,0,0,0,1,2,0,1966,1966-05-31,1677,1509,170,389,62,7,31,155,127,13,225,12,20,9,20,34,46,21
46,30,30,1,4,0,1,0,0,0,0,8,0,0,0,0,0,0,1,1966,1966-06-01,1707,1539,171,393,62,8,31,155,127,13,233,12,20,9,20,34,46,22
47,39,36,2,10,1,0,0,2,2,1,3,1,0,0,1,1,0,0,1966,1966-06-02,1746,1575,173,403,63,8,31,157,129,14,236,13,20,9,21,35,46,22
48,31,30,2,3,0,0,1,2,1,0,4,0,0,0,1,0,0,1,1966,1966-06-03,1777,1605,175,406,63,8,32,159,130,14,240,13,20,9,22,35,46,23
49,41,37,6,12,0,1,1,6,2,1,6,1,1,0,0,1,3,1,1966,1966-06-04,1818,1642,181,418,63,9,33,165,132,15,246,14,21,9,22,36,49,24
50,49,45,16,19,3,1,4,16,2,1,5,0,1,1,2,0,1,0,1966,,1867,1687,197,437,66,10,37,181,134,16,251,14,22,10,24,36,50,24
51,38,34,2,9,4,0,1,2,2,1,3,0,1,1,0,0,0,0,1966,,1905,1721,199,446,70,10,38,183,136,17,254,14,23,11,24,36,50,24
52,46,42,8,15,3,1,4,7,3,0,10,0,0,1,0,2,1,0,1966,1966-06-07,1951,1763,207,461,73,11,42,190,139,17,264,14,23,12,24,38,51,24
53,38,37,1,8,0,0,0,1,1,0,7,0,0,0,2,0,0,0,1966,1966-06-08,1989,1800,208,469,73,11,42,191,140,17,271,14,23,12,26,38,51,24
54,37,34,6,6,1,0,1,6,2,1,3,0,1,0,2,0,0,0,1966,1966-06-10,2026,1834,214,475,74,11,43,197,142,18,274,14,24,12,28,38,51,24
55,42,36,4,11,1,0,0,4,5,1,5,0,1,0,0,1,1,0,1966,1966-06-11,2068,1870,218,486,75,11,43,201,147,19,279,14,25,12,28,39,52,24
56,34,31,2,4,0,0,2,2,2,0,6,1,0,0,0,0,0,0,1966,1966-06-12,2102,1901,220,490,75,11,45,203,149,19,285,15,25,12,28,39,52,24
57,48,43,6,15,3,0,1,5,3,1,6,0,1,0,0,2,0,0,1966,1966-06-13,2150,1944,226,505,78,11,46,208,152,20,291,15,26,12,28,41,52,24
58,31,31,0,5,2,0,0,0,0,0,6,0,0,0,0,1,1,0,1966,1966-06-14,2181,1975,226,510,80,11,46,208,152,20,297,15,26,12,28,42,53,24
59,36,30,6,6,0,0,1,6,6,0,7,0,0,0,0,0,0,0,1966,1966-06-15,2217,2005,232,516,80,11,47,214,158,20,304,15,26,12,28,42,53,24
60,38,30,3,7,1,0,0,3,8,0,4,0,0,0,0,2,0,2,1966,1966-06-16,2255,2035,235,523,81,11,47,217,166,20,308,15,26,12,28,44,53,26
61,33,33,1,7,3,0,0,1,0,0,8,0,0,0,0,0,0,1,1966,1966-06-17,2288,2068,236,530,84,11,47,218,166,20,316,15,26,12,28,44,53,27
62,31,27,3,6,0,0,1,3,4,0,4,0,0,0,0,1,3,2,1966,1966-06-18,2319,2095,239,536,84,11,48,221,170,20,320,15,26,12,28,45,56,29
63,31,28,2,8,0,0,0,2,1,0,4,0,2,0,0,1,0,0,1966,1966-06-19,2350,2123,241,544,84,11,48,223,171,20,324,15,28,12,28,46,56,29
64,33,31,2,4,0,0,0,1,1,0,2,0,0,1,2,0,0,1,1966,1966-06-20,2383,2154,243,548,84,11,48,224,172,20,326,15,28,13,30,46,56,30
65,39,38,4,11,2,0,1,4,1,0,3,0,0,0,1,1,0,0,1966,1966-06-21,2422,2192,247,559,86,11,49,228,173,20,329,15,28,13,31,47,56,30
66,42,39,5,13,2,0,0,5,1,1,6,1,1,0,0,0,1,0,1966,1966-06-22,2464,2231,252,572,88,11,49,233,174,21,335,16,29,13,31,47,57,30
67,39,36,4,11,1,0,0,4,2,0,3,0,1,0,0,0,1,0,1966,1966-06-24,2503,2267,256,583,89,11,49,237,176,21,338,16,30,13,31,47,58,30
68,35,33,4,7,0,0,2,4,2,0,4,0,0,0,0,1,0,0,1966,,2538,2300,260,590,89,11,51,241,178,21,342,16,30,13,31,48,58,30
69,33,32,3,9,0,0,1,3,1,0,5,0,0,0,0,1,0,3,1966,,2571,2332,263,599,89,11,52,244,179,21,347,16,30,13,31,49,58,33
70,40,35,2,7,3,0,0,2,3,0,9,2,0,0,2,0,0,0,1966,1966-06-26,2611,2367,265,606,92,11,52,246,182,21,356,18,30,13,33,49,58,33
71,35,34,1,9,2,0,0,1,1,0,4,0,0,0,0,2,0,0,1966,1966-06-27,2646,2401,266,615,94,11,52,247,183,21,360,18,30,13,33,51,58,33
72,34,31,1,5,0,0,0,1,2,0,3,0,0,1,2,1,1,0,1966,1966-06-28,2680,2432,267,620,94,11,52,248,185,21,363,18,30,14,35,52,59,33
73,44,38,9,15,4,0,0,9,4,0,6,1,1,0,1,1,0,2,1966,1966-06-29,2724,2470,276,635,98,11,52,257,189,21,369,19,31,14,36,53,59,35
74,31,31,0,6,0,0,0,0,0,0,2,0,0,0,1,3,0,0,1966,1966-07-01,2755,2501,276,641,98,11,52,257,189,21,371,19,31,14,37,56,59,35
75,36,32,7,12,1,1,0,5,2,0,2,0,2,0,1,3,0,1,1966,1966-07-02,2791,2533,283,653,99,12,52,262,191,21,373,19,33,14,38,59,59,36
76,30,28,0,3,0,0,0,0,1,0,5,1,0,0,0,1,0,1,1966,1966-07-03,2821,2561,283,656,99,12,52,262,192,21,378,20,33,14,38,60,59,37
77,36,32,2,9,3,0,0,2,2,1,10,1,1,0,0,0,0,0,1966,1966-07-04,2857,2593,285,665,102,12,52,264,194,22,388,21,34,14,38,60,59,37
78,34,29,1,5,2,0,0,1,4,1,6,0,1,0,2,0,1,0,1966,1966-07-05,2891,2622,286,670,104,12,52,265,198,23,394,21,35,14,40,60,60,37
79,30,29,1,9,1,0,0,1,0,0,4,0,1,0,0,2,1,0,1966,1966-07-06,2921,2651,287,679,105,12,52,266,198,23,398,21,36,14,40,62,61,37
80,37,32,3,10,0,1,0,3,1,0,5,0,3,1,2,0,0,0,1966,1966-07-07,2958,2683,290,689,105,13,52,269,199,23,403,21,39,15,42,62,61,37
81,37,31,7,8,4,0,0,7,5,0,8,0,1,0,1,0,0,0,1966,1966-07-08,2995,2714,297,697,109,13,52,276,204,23,411,21,40,15,43,62,61,37
82,36,33,2,9,0,0,1,2,3,0,4,0,0,0,1,1,0,0,1966,1966-07-09,3031,2747,299,706,109,13,53,278,207,23,415,21,40,15,44,63,61,37
83,31,31,0,5,0,0,0,0,0,0,10,0,0,0,0,1,0,0,1966,1966-07-10,3062,2778,299,711,109,13,53,278,207,23,425,21,40,15,44,64,61,37
84,38,35,4,7,1,0,1,4,2,0,8,1,0,0,2,0,0,0,1966,1966-07-14,3100,2813,303,718,110,13,54,282,209,23,433,22,40,15,46,64,61,37
85,47,41,4,10,1,0,1,4,5,1,3,0,1,0,0,0,0,1,1966,1966-07-15,3147,2854,307,728,111,13,55,286,214,24,436,22,41,15,46,64,61,38
86,45,34,7,7,2,0,1,6,10,2,2,0,1,0,1,1,1,0,1966,1966-07-16,3192,2888,314,735,113,13,56,292,224,26,438,22,42,15,47,65,62,38
87,29,28,0,2,0,0,0,0,0,0,6,0,1,0,0,0,0,0,1966,,3221,2916,314,737,113,13,56,292,224,26,444,22,43,15,47,65,62,38
88,38,33,3,6,1,0,0,3,3,0,3,1,1,0,2,1,0,0,1966,,3259,2949,317,743,114,13,56,295,227,26,447,23,44,15,49,66,62,38
89,31,30,0,5,1,0,0,0,1,0,4,0,0,0,0,2,0,1,1966,1966-07-18,3290,2979,317,748,115,13,56,295,228,26,451,23,44,15,49,68,62,39
90,41,38,5,14,1,0,1,4,1,0,3,0,2,0,1,1,0,0,1966,1966-07-20,3331,3017,322,762,116,13,57,299,229,26,454,23,46,15,50,69,62,39
91,43,36,4,11,1,0,0,4,4,1,6,2,1,0,0,0,0,0,1966,1966-07-21,3374,3053,326,773,117,13,57,303,233,27,460,25,47,15,50,69,62,39
92,34,34,0,8,0,0,0,0,0,0,3,0,0,0,0,1,2,0,1966,1966-07-22,3408,3087,326,781,117,13,57,303,233,27,463,25,47,15,50,70,64,39
93,38,28,6,7,1,0,0,5,6,1,3,0,2,2,1,0,1,0,1966,1966-07-23,3446,3115,332,788,118,13,57,308,239,28,466,25,49,17,51,70,65,39
94,33,33,5,9,1,0,3,5,0,0,3,0,0,0,1,0,0,0,1966,,3479,3148,337,797,119,13,60,313,239,28,469,25,49,17,52,70,65,39
95,38,30,6,10,1,0,0,6,6,0,4,1,1,0,0,0,1,0,1966,,3517,3178,343,807,120,13,60,319,245,28,473,26,50,17,52,70,66,39
96,34,31,6,10,1,1,1,6,1,0,5,1,1,0,0,0,0,2,1966,1966-07-25,3551,3209,349,817,121,14,61,325,246,28,478,27,51,17,52,70,66,41
97,36,35,3,9,0,0,1,3,0,0,2,1,0,0,1,0,0,0,1966,1966-07-26,3587,3244,352,826,121,14,62,328,246,28,480,28,51,17,53,70,66,41
98,46,38,2,7,1,0,0,2,3,1,12,3,1,1,1,0,0,1,1966,1966-07-27,3633,3282,354,833,122,14,62,330,249,29,492,31,52,18,54,70,66,42
99,32,30,0,5,0,0,0,0,2,0,8,0,0,0,0,2,0,0,1966,1966-07-29,3665,3312,354,838,122,14,62,330,251,29,500,31,52,18,54,72,66,42
100,32,32,1,6,1,0,0,1,0,0,1,0,0,0,0,0,0,0,1966,1966-07-30,3697,3344,355,844,123,14,62,331,251,29,501,31,52,18,54,72,66,42
101,43,38,6,12,1,1,1,5,4,1,5,0,0,1,1,1,0,0,1966,1966-07-31,3740,3382,361,856,124,15,63,336,255,30,506,31,52,19,55,73,66,42
102,37,34,5,9,0,0,2,5,3,0,3,0,0,0,0,1,0,1,1966,1966-08-01,3777,3416,366,865,124,15,65,341,258,30,509,31,52,19,55,74,66,43
103,36,36,5,11,1,0,3,5,0,0,7,0,0,0,0,0,0,1,1966,1966-08-02,3813,3452,371,876,125,15,68,346,258,30,516,31,52,19,55,74,66,44
104,35,33,1,7,2,0,0,0,1,0,11,1,0,0,1,2,0,0,1966,1966-08-03,3848,3485,372,883,127,15,68,346,259,30,527,32,52,19,56,76,66,44
105,32,32,1,6,3,0,0,1,0,0,6,0,0,0,0,0,0,0,1966,1966-08-04,3880,3517,373,889,130,15,68,347,259,30,533,32,52,19,56,76,66,44
106,47,44,12,18,5,0,0,11,2,0,7,0,1,0,1,1,1,0,1966,1966-08-05,3927,3561,385,907,135,15,68,358,261,30,540,32,53,19,57,77,67,44
107,37,34,4,9,1,0,0,4,2,1,11,1,0,0,0,1,0,1,1966,1966-08-06,3964,3595,389,916,136,15,68,362,263,31,551,33,53,19,57,78,67,45
108,53,44,14,20,3,2,2,13,4,1,6,3,1,1,1,1,1,0,1966,1966-08-07,4017,3639,403,936,139,17,70,375,267,32,557,36,54,20,58,79,68,45
109,43,41,9,13,5,0,3,8,2,0,4,0,0,0,1,0,0,0,1966,1966-08-08,4060,3680,412,949,144,17,73,383,269,32,561,36,54,20,59,79,68,45
110,32,30,1,3,1,0,1,1,2,0,10,0,0,0,0,0,0,0,1966,1966-08-09,4092,3710,413,952,145,17,74,384,271,32,571,36,54,20,59,79,68,45
111,37,36,1,8,2,0,1,1,1,0,4,0,0,0,1,0,0,0,1966,1966-08-10,4129,3746,414,960,147,17,75,385,272,32,575,36,54,20,60,79,68,45
112,32,31,1,5,0,0,0,0,1,0,9,0,0,0,0,0,0,1,1966,1966-08-12,4161,3777,415,965,147,17,75,385,273,32,584,36,54,20,60,79,68,46
113,38,34,6,13,0,0,1,6,3,0,3,0,0,1,0,3,1,0,1966,1966-08-13,4199,3811,421,978,147,17,76,391,276,32,587,36,54,21,60,82,69,46
114,53,46,4,9,0,0,1,4,5,1,5,0,2,0,1,1,0,1,1966,,4252,3857,425,987,147,17,77,395,281,33,592,36,56,21,61,83,69,47
115,47,44,10,18,3,0,0,9,2,0,3,0,0,1,0,1,1,0,1966,,4299,3901,435,1005,150,17,77,404,283,33,595,36,56,22,61,84,70,47
116,33,32,4,8,0,0,1,4,1,0,3,0,0,0,0,0,1,0,1966,1966-08-15,4332,3933,439,1013,150,17,78,408,284,33,598,36,56,22,61,84,71,47
117,30,27,2,4,0,1,0,2,3,0,5,0,0,0,1,1,0,1,1966,1966-08-16,4362,3960,441,1017,150,18,78,410,287,33,603,36,56,22,62,85,71,48
118,34,31,1,6,0,0,0,1,2,0,4,0,0,1,0,1,1,0,1966,1966-08-17,4396,3991,442,1023,150,18,78,411,289,33,607,36,56,23,62,86,72,48
119,32,29,3,5,0,0,1,3,2,0,7,1,0,0,1,0,0,1,1966,1966-08-18,4428,4020,445,1028,150,18,79,414,291,33,614,37,56,23,63,86,72,49
120,35,31,0,5,0,0,0,0,3,0,7,0,1,0,0,0,1,0,1966,1966-08-19,4463,4051,445,1033,150,18,79,414,294,33,621,37,57,23,63,86,73,49
121,50,45,2,12,1,0,1,2,3,2,5,1,1,0,0,4,0,0,1966,1966-08-20,4513,4096,447,1045,151,18,80,416,297,35,626,38,58,23,63,90,73,49
122,34,32,4,11,0,0,0,4,1,1,0,0,0,1,1,0,0,1,1966,1966-08-21,4547,4128,451,1056,151,18,80,420,298,36,626,38,58,24,64,90,73,50
123,48,39,4,7,2,0,1,4,7,1,4,0,2,0,1,2,0,0,1966,1966-08-22,4595,4167,455,1063,153,18,81,424,305,37,630,38,60,24,65,92,73,50
124,39,37,8,11,2,1,1,8,1,0,4,0,1,0,1,0,0,0,1966,1966-08-23,4634,4204,463,1074,155,19,82,432,306,37,634,38,61,24,66,92,73,50
125,37,32,2,8,1,1,0,2,3,0,6,0,1,1,1,0,2,4,1966,1966-08-24,4671,4236,465,1082,156,20,82,434,309,37,640,38,62,25,67,92,75,54
126,42,31,4,6,1,0,0,4,8,2,8,1,1,1,1,0,2,0,1966,1966-08-26,4713,4267,469,1088,157,20,82,438,317,39,648,39,63,26,68,92,77,54
127,34,33,2,8,0,0,1,2,0,0,7,0,1,0,0,0,1,1,1966,1966-08-27,4747,4300,471,1096,157,20,83,440,317,39,655,39,64,26,68,92,78,55
128,41,38,5,12,1,0,3,5,1,0,7,1,1,0,0,0,1,0,1966,1966-08-28,4788,4338,476,1108,158,20,86,445,318,39,662,40,65,26,68,92,79,55
129,34,32,3,7,1,1,1,2,2,0,4,0,0,0,0,1,0,0,1966,1966-08-29,4822,4370,479,1115,159,21,87,447,320,39,666,40,65,26,68,93,79,55
130,36,33,4,8,3,0,2,4,3,0,0,0,0,0,1,0,0,1,1966,1966-08-30,4858,4403,483,1123,162,21,89,451,323,39,666,40,65,26,69,93,79,56
131,39,35,3,10,0,0,1,3,4,0,7,0,0,0,0,2,0,0,1966,1966-08-31,4897,4438,486,1133,162,21,90,454,327,39,673,40,65,26,69,95,79,56
132,41,37,4,10,1,1,0,4,3,0,5,0,1,0,0,1,0,0,1966,1966-09-01,4938,4475,490,1143,163,22,90,458,330,39,678,40,66,26,69,96,79,56
133,38,31,6,8,2,0,2,6,1,0,7,3,1,2,1,1,0,0,1966,1966-09-02,4976,4506,496,1151,165,22,92,464,331,39,685,43,67,28,70,97,79,56
134,42,36,7,11,2,1,0,6,4,1,4,1,1,0,2,2,1,0,1966,1966-09-03,5018,4542,503,1162,167,23,92,470,335,40,689,44,68,28,72,99,80,56
135,46,38,8,13,4,1,1,8,7,0,8,0,1,0,0,1,0,0,1966,1966-09-04,5064,4580,511,1175,171,24,93,478,342,40,697,44,69,28,72,100,80,56
136,41,34,4,11,1,0,1,4,7,1,4,0,0,0,0,0,1,1,1966,1966-09-05,5105,4614,515,1186,172,24,94,482,349,41,701,44,69,28,72,100,81,57
137,28,28,0,3,0,0,0,0,0,0,3,0,0,0,0,2,0,0,1966,1966-09-06,5133,4642,515,1189,172,24,94,482,349,41,704,44,69,28,72,102,81,57
138,51,44,2,11,1,1,0,2,6,1,5,0,0,1,0,2,0,0,1966,1966-09-07,5184,4686,517,1200,173,25,94,484,355,42,709,44,69,29,72,104,81,57
139,40,36,7,14,5,0,0,7,4,1,5,0,0,0,0,0,0,0,1966,1966-09-09,5224,4722,524,1214,178,25,94,491,359,43,714,44,69,29,72,104,81,57
140,40,34,1,8,0,0,0,1,5,0,5,0,1,0,0,1,1,1,1966,1966-09-10,5264,4756,525,1222,178,25,94,492,364,43,719,44,70,29,72,105,82,58
141,31,28,4,6,1,0,0,4,2,0,6,0,1,0,1,1,0,0,1966,,5295,4784,529,1228,179,25,94,496,366,43,725,44,71,29,73,106,82,58
142,32,28,1,6,0,0,0,1,3,2,5,0,1,0,0,1,1,0,1966,,5327,4812,530,1234,179,25,94,497,369,45,730,44,72,29,73,107,83,58
143,35,30,3,7,0,0,0,3,5,0,8,0,0,0,0,0,0,0,1966,1966-09-12,5362,4842,533,1241,179,25,94,500,374,45,738,44,72,29,73,107,83,58
144,40,39,8,16,0,1,2,7,1,0,4,0,0,0,1,1,0,1,1966,1966-09-13,5402,4881,541,1257,179,26,96,507,375,45,742,44,72,29,74,108,83,59
145,34,32,5,7,2,0,0,3,2,1,4,0,0,0,1,0,0,0,1966,1966-09-15,5436,4913,546,1264,181,26,96,510,377,46,746,44,72,29,75,108,83,59
146,34,29,5,8,0,0,1,5,3,1,5,1,0,1,1,1,0,1,1966,1966-09-16,5470,4942,551,1272,181,26,97,515,380,47,751,45,72,30,76,109,83,60
147,41,32,5,12,0,1,1,5,6,1,3,0,2,1,0,2,1,0,1966,1966-09-17,5511,4974,556,1284,181,27,98,520,386,48,754,45,74,31,76,111,84,60
148,37,34,0,7,0,0,0,0,2,0,3,1,0,0,0,0,0,0,1966,1966-09-18,5548,5008,556,1291,181,27,98,520,388,48,757,46,74,31,76,111,84,60
149,35,31,6,8,1,0,3,5,3,0,8,0,1,0,0,0,0,0,1966,1966-09-19,5583,5039,562,1299,182,27,101,525,391,48,765,46,75,31,76,111,84,60
150,45,40,11,15,5,0,1,10,3,0,2,2,0,0,0,0,0,0,1966,1966-09-20,5628,5079,573,1314,187,27,102,535,394,48,767,48,75,31,76,111,84,60
151,34,32,2,6,2,0,0,1,2,1,6,0,0,0,0,1,0,0,1966,1966-09-21,5662,5111,575,1320,189,27,102,536,396,49,773,48,75,31,76,112,84,60
152,43,39,4,11,2,0,0,4,3,1,4,0,1,0,2,0,1,1,1966,,5705,5150,579,1331,191,27,102,540,399,50,777,48,76,31,78,112,85,61
153,40,36,4,9,0,0,1,4,3,0,3,1,0,0,2,1,0,1,1966,,5745,5186,583,1340,191,27,103,544,402,50,780,49,76,31,80,113,85,62
154,31,30,0,4,1,0,0,0,1,0,7,0,0,0,0,0,2,0,1966,1966-09-24,5776,5216,583,1344,192,27,103,544,403,50,787,49,76,31,80,113,87,62
155,29,27,1,2,0,0,0,1,2,0,8,0,0,0,0,1,0,0,1966,1966-09-25,5805,5243,584,1346,192,27,103,545,405,50,795,49,76,31,80,114,87,62
156,41,33,6,11,2,0,2,5,4,0,6,0,4,0,1,0,1,1,1966,1966-09-26,5846,5276,590,1357,194,27,105,550,409,50,801,49,80,31,81,114,88,63
157,37,35,2,8,1,0,1,2,2,1,4,0,0,0,1,0,0,0,1966,1966-09-27,5883,5311,592,1365,195,27,106,552,411,51,805,49,80,31,82,114,88,63
158,33,31,0,4,0,0,0,0,2,0,4,0,0,0,0,0,0,0,1966,1966-09-28,5916,5342,592,1369,195,27,106,552,413,51,809,49,80,31,82,114,88,63
159,35,33,2,9,1,0,0,2,1,1,2,0,1,0,0,2,0,0,1966,1966-09-29,5951,5375,594,1378,196,27,106,554,414,52,811,49,81,31,82,116,88,63
160,39,33,3,7,2,0,0,3,6,0,8,0,0,0,0,0,3,1,1966,1966-09-30,5990,5408,597,1385,198,27,106,557,420,52,819,49,81,31,82,116,91,64
161,37,29,3,5,1,0,1,3,6,0,4,0,2,0,0,0,0,0,1966,,6027,5437,600,1390,199,27,107,560,426,52,823,49,83,31,82,116,91,64
162,40,34,6,9,2,0,1,5,4,2,7,0,1,1,2,0,3,0,1966,,6067,5471,606,1399,201,27,108,565,430,54,830,49,84,32,84,116,94,64
1,37,34,6,8,1,0,2,5,2,0,4,0,1,0,0,0,2,0,1965,1965-04-12,37,34,6,8,1,0,2,5,2,0,4,0,1,0,0,0,2,0
2,35,29,3,6,3,0,1,3,3,1,4,1,2,0,0,0,3,1,1965,1965-04-14,72,63,9,14,4,0,3,8,5,1,8,1,3,0,0,0,5,1
3,37,34,2,8,4,0,1,2,3,1,9,0,0,0,0,0,0,1,1965,1965-04-17,109,97,11,22,8,0,4,10,8,2,17,1,3,0,0,0,5,2
4,40,29,6,8,1,2,0,6,6,1,3,0,3,2,1,0,0,1,1965,1965-04-18,149,126,17,30,9,2,4,16,14,3,20,1,6,2,1,0,5,3
5,35,33,2,8,0,1,0,2,1,0,5,0,1,0,1,2,0,0,1965,1965-04-20,184,159,19,38,9,3,4,18,15,3,25,1,7,2,2,2,5,3
6,39,31,5,11,5,0,0,5,7,1,2,0,1,0,0,1,1,2,1965,1965-04-21,223,190,24,49,14,3,4,23,22,4,27,1,8,2,2,3,6,5
7,32,31,2,8,2,0,0,2,1,0,3,0,0,0,0,1,0,1,1965,1965-04-22,255,221,26,57,16,3,4,25,23,4,30,1,8,2,2,4,6,6
8,33,30,4,9,3,0,0,3,2,1,4,0,0,1,1,0,0,2,1965,1965-04-23,288,251,30,66,19,3,4,28,25,5,34,1,8,3,3,4,6,8
9,38,32,9,10,0,0,1,7,6,1,3,0,0,0,1,2,1,1,1965,1965-04-24,326,283,39,76,19,3,5,35,31,6,37,1,8,3,4,6,7,9
10,38,38,4,15,3,0,0,3,0,0,3,0,0,0,1,3,0,0,1965,1965-04-25,364,321,43,91,22,3,5,38,31,6,40,1,8,3,5,9,7,9
11,44,35,3,9,1,0,0,3,7,2,7,0,2,0,1,0,2,0,1965,1965-04-26,408,356,46,100,23,3,5,41,38,8,47,1,10,3,6,9,9,9
12,37,31,5,10,2,0,0,5,4,0,3,0,2,0,0,0,1,0,1965,1965-04-27,445,387,51,110,25,3,5,46,42,8,50,1,12,3,6,9,10,9
13,31,30,0,3,0,0,0,0,1,0,6,0,0,0,1,1,0,0,1965,1965-04-28,476,417,51,113,25,3,5,46,43,8,56,1,12,3,7,10,10,9
14,30,27,2,5,0,1,0,2,0,0,6,1,2,0,0,0,1,0,1965,1965-04-29,506,444,53,118,25,4,5,48,43,8,62,2,14,3,7,10,11,9
15,41,34,6,12,2,1,1,6,5,2,2,0,2,0,0,0,1,0,1965,1965-04-30,547,478,59,130,27,5,6,54,48,10,64,2,16,3,7,10,12,9
16,32,29,4,7,0,0,1,3,2,0,3,0,1,0,1,0,2,1,1965,1965-05-01,579,507,63,137,27,5,7,57,50,10,67,2,17,3,8,10,14,10
17,39,36,2,8,0,0,0,2,2,1,0,0,0,1,0,0,1,1,1965,1965-05-02,618,543,65,145,27,5,7,59,52,11,67,2,17,4,8,10,15,11
18,42,31,8,8,1,0,2,8,8,0,8,1,1,1,0,0,1,1,1965,1965-05-04,660,574,73,153,28,5,9,67,60,11,75,3,18,5,8,10,16,12
19,39,34,4,8,1,0,2,4,4,0,13,1,0,0,0,1,3,0,1965,1965-05-05,699,608,77,161,29,5,11,71,64,11,88,4,18,5,8,11,19,12
20,37,34,4,9,1,1,2,3,2,0,6,0,0,1,0,1,0,0,1965,1965-05-06,736,642,81,170,30,6,13,74,66,11,94,4,18,6,8,12,19,12
21,39,33,4,8,0,0,0,4,4,0,7,0,2,0,0,0,0,0,1965,1965-05-07,775,675,85,178,30,6,13,78,70,11,101,4,20,6,8,12,19,12
22,43,41,9,14,1,1,2,7,1,0,6,0,1,0,1,0,3,0,1965,1965-05-08,818,716,94,192,31,7,15,85,71,11,107,4,21,6,9,12,22,12
23,38,34,3,8,1,0,1,3,1,0,12,3,0,0,0,0,0,0,1965,1965-05-09,856,750,97,200,32,7,16,88,72,11,119,7,21,6,9,12,22,12
24,42,36,3,7,0,0,0,3,5,0,8,1,0,0,0,0,1,0,1965,1965-05-10,898,786,100,207,32,7,16,91,77,11,127,8,21,6,9,12,23,12
25,31,30,1,4,0,0,0,1,1,0,6,0,0,0,0,1,1,0,1965,1965-05-11,929,816,101,211,32,7,16,92,78,11,133,8,21,6,9,13,24,12
26,35,32,4,10,0,0,1,3,3,2,4,0,0,0,1,2,1,0,1965,1965-05-12,964,848,105,221,32,7,17,95,81,13,137,8,21,6,10,15,25,12
27,34,32,3,8,2,0,1,3,1,1,6,1,0,0,0,0,2,0,1965,1965-05-13,998,880,108,229,34,7,18,98,82,14,143,9,21,6,10,15,27,12
28,33,30,1,4,1,0,0,0,2,0,2,0,1,0,2,1,1,0,1965,1965-05-14,1031,910,109,233,35,7,18,98,84,14,145,9,22,6,12,16,28,12
29,29,23,3,1,0,0,1,3,4,0,4,0,2,0,1,1,0,1,1965,1965-05-15,1060,933,112,234,35,7,19,101,88,14,149,9,24,6,13,17,28,13
30,39,37,3,10,2,0,0,3,1,0,2,0,1,0,0,1,0,1,1965,,1099,970,115,244,37,7,19,104,89,14,151,9,25,6,13,18,28,14
31,38,34,3,10,2,0,0,3,3,2,6,0,1,0,0,1,1,0,1965,,1137,1004,118,254,39,7,19,107,92,16,157,9,26,6,13,19,29,14
32,42,41,5,11,1,0,0,2,1,0,6,0,0,0,2,2,1,1,1965,1965-05-17,1179,1045,123,265,40,7,19,109,93,16,163,9,26,6,15,21,30,15
33,33,30,1,3,1,0,0,1,2,0,0,1,0,0,1,0,0,0,1965,1965-05-18,1212,1075,124,268,41,7,19,110,95,16,163,10,26,6,16,21,30,15
34,59,53,4,13,4,0,1,4,5,1,10,0,1,0,0,0,1,0,1965,1965-05-19,1271,1128,128,281,45,7,20,114,100,17,173,10,27,6,16,21,31,15
35,42,39,3,14,3,0,1,3,2,1,2,0,1,0,0,0,0,0,1965,1965-05-21,1313,1167,131,295,48,7,21,117,102,18,175,10,28,6,16,21,31,15
36,39,34,3,10,1,0,0,3,3,2,5,1,1,0,1,1,1,2,1965,1965-05-22,1352,1201,134,305,49,7,21,120,105,20,180,11,29,6,17,22,32,17
37,63,56,2,11,2,0,0,2,5,3,13,0,2,0,0,0,2,1,1965,1965-05-23,1415,1257,136,316,51,7,21,122,110,23,193,11,31,6,17,22,34,18
38,42,34,4,8,0,0,0,3,5,0,5,1,0,2,1,0,4,0,1965,1965-05-24,1457,1291,140,324,51,7,21,125,115,23,198,12,31,8,18,22,38,18
39,32,28,2,6,1,0,0,2,2,0,7,1,1,0,0,0,0,0,1965,1965-05-25,1489,1319,142,330,52,7,21,127,117,23,205,13,32,8,18,22,38,18
40,34,31,1,5,1,0,0,0,3,0,0,0,0,0,0,1,2,1,1965,1965-05-26,1523,1350,143,335,53,7,21,127,120,23,205,13,32,8,18,23,40,19
41,34,28,3,6,0,0,0,3,4,1,6,1,1,0,0,0,1,1,1965,1965-05-27,1557,1378,146,341,53,7,21,130,124,24,211,14,33,8,18,23,41,20
42,37,34,4,7,1,0,0,4,3,1,6,0,0,0,1,0,1,1,1965,1965-05-28,1594,1412,150,348,54,7,21,134,127,25,217,14,33,8,19,23,42,21
43,35,31,5,9,2,0,2,5,2,0,1,0,2,0,0,0,1,0,1965,1965-05-29,1629,1443,155,357,56,7,23,139,129,25,218,14,35,8,19,23,43,21
44,47,39,12,13,3,1,0,11,7,2,6,1,0,0,3,0,1,0,1965,1965-05-30,1676,1482,167,370,59,8,23,150,136,27,224,15,35,8,22,23,44,21
45,37,32,4,9,1,0,0,4,4,0,6,1,0,0,0,0,3,0,1965,,1713,1514,171,379,60,8,23,154,140,27,230,16,35,8,22,23,47,21
46,30,29,1,3,1,0,0,1,0,0,8,0,0,1,0,0,1,0,1965,,1743,1543,172,382,61,8,23,155,140,27,238,16,35,9,22,23,48,21
47,36,33,4,8,0,0,2,4,2,0,6,1,0,0,0,0,2,1,1965,1965-06-02,1779,1576,176,390,61,8,25,159,142,27,244,17,35,9,22,23,50,22
48,44,42,11,15,5,1,1,11,2,0,6,0,0,0,0,0,0,0,1965,1965-06-03,1823,1618,187,405,66,9,26,170,144,27,250,17,35,9,22,23,50,22
49,35,31,2,8,1,0,0,2,3,1,7,0,1,0,0,0,1,1,1965,1965-06-04,1858,1649,189,413,67,9,26,172,147,28,257,17,36,9,22,23,51,23
50,40,37,1,9,0,0,1,1,3,0,5,0,0,0,1,0,3,0,1965,1965-06-05,1898,1686,190,422,67,9,27,173,150,28,262,17,36,9,23,23,54,23
51,37,34,4,9,2,0,3,4,2,0,9,0,1,0,0,0,0,1,1965,,1935,1720,194,431,69,9,30,177,152,28,271,17,37,9,23,23,54,24
52,37,33,4,6,0,0,1,4,4,0,6,0,0,0,1,0,0,1,1965,,1972,1753,198,437,69,9,31,181,156,28,277,17,37,9,24,23,54,25
53,48,40,14,16,4,1,1,14,4,0,4,1,3,0,0,1,0,0,1965,1965-06-07,2020,1793,212,453,73,10,32,195,160,28,281,18,40,9,24,24,54,25
54,39,36,2,11,1,0,0,2,2,0,10,0,1,0,0,0,2,1,1965,1965-06-08,2059,1829,214,464,74,10,32,197,162,28,291,18,41,9,24,24,56,26
55,39,36,3,10,0,0,0,3,2,0,8,0,1,0,1,1,2,0,1965,1965-06-09,2098,1865,217,474,74,10,32,200,164,28,299,18,42,9,25,25,58,26
56,33,32,0,7,2,0,0,0,0,0,2,0,1,0,1,0,0,0,1965,1965-06-10,2131,1897,217,481,76,10,32,200,164,28,301,18,43,9,26,25,58,26
57,32,31,2,5,1,0,2,2,1,0,6,0,0,0,0,0,0,1,1965,1965-06-11,2163,1928,219,486,77,10,34,202,165,28,307,18,43,9,26,25,58,27
58,41,37,5,9,3,0,0,4,3,0,8,1,0,0,3,2,4,0,1965,1965-06-12,2204,1965,224,495,80,10,34,206,168,28,315,19,43,9,29,27,62,27
59,36,33,5,9,1,1,0,5,2,0,6,0,1,0,0,0,0,0,1965,,2240,1998,229,504,81,11,34,211,170,28,321,19,44,9,29,27,62,27
60,42,36,4,9,1,0,0,4,4,0,6,1,1,0,2,0,1,0,1965,,2282,2034,233,513,82,11,34,215,174,28,327,20,45,9,31,27,63,27
61,33,33,1,5,0,0,1,1,0,0,9,0,0,0,1,0,0,0,1965,1965-06-15,2315,2067,234,518,82,11,35,216,174,28,336,20,45,9,32,27,63,27
62,34,30,2,7,0,0,0,2,3,0,5,0,1,0,0,0,3,0,1965,1965-06-16,2349,2097,236,525,82,11,35,218,177,28,341,20,46,9,32,27,66,27
63,36,29,3,7,1,0,0,2,6,2,6,0,1,0,0,0,0,1,1965,1965-06-17,2385,2126,239,532,83,11,35,220,183,30,347,20,47,9,32,27,66,28
64,33,32,2,8,1,0,0,2,1,0,3,0,0,0,0,1,0,2,1965,1965-06-18,2418,2158,241,540,84,11,35,222,184,30,350,20,47,9,32,28,66,30
65,35,30,4,8,2,0,0,4,4,0,2,0,1,0,0,0,0,1,1965,1965-06-19,2453,2188,245,548,86,11,35,226,188,30,352,20,48,9,32,28,66,31
66,29,28,2,4,1,0,0,2,1,0,3,0,0,0,0,0,0,0,1965,,2482,2216,247,552,87,11,35,228,189,30,355,20,48,9,32,28,66,31
67,35,32,2,8,0,0,0,2,2,0,4,0,0,1,0,0,2,1,1965,,2517,2248,249,560,87,11,35,230,191,30,359,20,48,10,32,28,68,32
68,33,29,0,3,1,0,0,0,4,0,6,0,0,0,0,1,0,0,1965,1965-06-21,2550,2277,249,563,88,11,35,230,195,30,365,20,48,10,32,29,68,32
69,33,30,4,9,0,1,1,4,1,0,4,0,1,1,0,0,0,1,1965,1965-06-22,2583,2307,253,572,88,12,36,234,196,30,369,20,49,11,32,29,68,33
70,34,30,3,4,1,0,1,3,2,0,7,1,0,1,0,0,1,0,1965,1965-06-24,2617,2337,256,576,89,12,37,237,198,30,376,21,49,12,32,29,69,33
71,35,32,4,9,3,0,0,4,2,0,2,1,0,0,0,1,0,0,1965,1965-06-25,2652,2369,260,585,92,12,37,241,200,30,378,22,49,12,32,30,69,33
72,31,27,1,3,0,0,0,1,2,0,5,0,2,0,0,1,0,0,1965,1965-06-26,2683,2396,261,588,92,12,37,242,202,30,383,22,51,12,32,31,69,33
73,34,31,2,5,1,0,0,2,3,0,11,0,0,0,0,1,2,0,1965,1965-06-27,2717,2427,263,593,93,12,37,244,205,30,394,22,51,12,32,32,71,33
74,34,33,0,6,1,0,0,0,1,0,5,0,0,0,1,1,1,0,1965,1965-06-28,2751,2460,263,599,94,12,37,244,206,30,399,22,51,12,33,33,72,33
75,43,36,9,11,1,0,2,9,6,0,4,0,1,0,0,0,1,1,1965,1965-06-29,2794,2496,272,610,95,12,39,253,212,30,403,22,52,12,33,33,73,34
76,33,31,1,5,3,0,0,1,2,1,3,0,0,0,0,0,0,0,1965,,2827,2527,273,615,98,12,39,254,214,31,406,22,52,12,33,33,73,34
77,38,34,4,8,1,0,0,3,3,0,10,0,1,0,0,0,1,0,1965,,2865,2561,277,623,99,12,39,257,217,31,416,22,53,12,33,33,74,34
78,41,37,3,11,1,0,0,3,3,1,7,0,0,1,1,0,3,1,1965,1965-07-01,2906,2598,280,634,100,12,39,260,220,32,423,22,53,13,34,33,77,35
79,36,31,3,8,1,1,0,2,2,0,3,0,3,0,0,1,2,0,1965,1965-07-02,2942,2629,283,642,101,13,39,262,222,32,426,22,56,13,34,34,79,35
80,40,32,3,8,2,0,0,3,4,0,3,2,1,1,0,0,2,1,1965,1965-07-03,2982,2661,286,650,103,13,39,265,226,32,429,24,57,14,34,34,81,36
81,33,33,1,6,2,0,0,1,0,0,3,0,0,0,1,0,0,0,1965,1965-07-04,3015,2694,287,656,105,13,39,266,226,32,432,24,57,14,35,34,81,36
82,38,32,4,6,1,0,1,4,6,0,9,0,0,0,0,0,3,0,1965,1965-07-05,3053,2726,291,662,106,13,40,270,232,32,441,24,57,14,35,34,84,36
83,44,39,11,13,5,0,1,9,2,1,5,1,0,2,2,0,2,1,1965,1965-07-06,3097,2765,302,675,111,13,41,279,234,33,446,25,57,16,37,34,86,37
84,40,35,6,10,3,0,1,5,5,0,5,0,0,0,0,1,1,0,1965,1965-07-07,3137,2800,308,685,114,13,42,284,239,33,451,25,57,16,37,35,87,37
85,44,38,9,12,3,0,0,8,3,0,5,2,1,0,1,1,4,0,1965,1965-07-08,3181,2838,317,697,117,13,42,292,242,33,456,27,58,16,38,36,91,37
86,34,30,1,5,1,0,0,1,4,0,4,0,0,0,2,2,0,0,1965,1965-07-09,3215,2868,318,702,118,13,42,293,246,33,460,27,58,16,40,38,91,37
87,39,34,8,10,3,0,1,8,3,0,6,0,1,1,1,1,2,1,1965,1965-07-10,3254,2902,326,712,121,13,43,301,249,33,466,27,59,17,41,39,93,38
88,38,35,4,8,0,1,0,2,2,0,5,1,0,0,2,1,0,1,1965,,3292,2937,330,720,121,14,43,303,251,33,471,28,59,17,43,40,93,39
89,41,35,3,11,1,2,0,3,2,1,3,0,3,1,0,0,1,1,1965,,3333,2972,333,731,122,16,43,306,253,34,474,28,62,18,43,40,94,40
90,32,27,5,7,0,0,0,4,3,0,4,1,1,0,2,1,1,3,1965,1965-07-15,3365,2999,338,738,122,16,43,310,256,34,478,29,63,18,45,41,95,43
91,38,36,3,11,0,0,0,2,2,0,4,0,0,0,2,1,1,0,1965,1965-07-16,3403,3035,341,749,122,16,43,312,258,34,482,29,63,18,47,42,96,43
92,35,31,7,9,0,1,1,7,3,0,0,1,0,0,1,0,2,0,1965,1965-07-17,3438,3066,348,758,122,17,44,319,261,34,482,30,63,18,48,42,98,43
93,44,39,4,9,2,0,0,4,5,1,9,0,0,0,0,0,2,0,1965,1965-07-18,3482,3105,352,767,124,17,44,323,266,35,491,30,63,18,48,42,100,43
94,36,31,8,9,3,1,1,5,4,1,2,0,1,0,0,1,2,0,1965,1965-07-19,3518,3136,360,776,127,18,45,328,270,36,493,30,64,18,48,43,102,43
95,36,31,3,8,1,0,0,2,4,1,6,0,1,0,0,3,0,0,1965,1965-07-20,3554,3167,363,784,128,18,45,330,274,37,499,30,65,18,48,46,102,43
96,39,35,4,9,2,1,0,4,2,0,7,1,0,1,0,0,0,0,1965,1965-07-21,3593,3202,367,793,130,19,45,334,276,37,506,31,65,19,48,46,102,43
97,36,31,2,5,0,0,1,2,5,0,10,0,0,0,0,1,0,0,1965,1965-07-22,3629,3233,369,798,130,19,46,336,281,37,516,31,65,19,48,47,102,43
98,50,44,3,11,1,0,1,3,4,2,8,0,1,1,1,1,2,1,1965,1965-07-23,3679,3277,372,809,131,19,47,339,285,39,524,31,66,20,49,48,104,44
99,43,36,2,10,1,1,0,2,4,1,5,0,1,2,0,0,2,1,1965,1965-07-24,3722,3313,374,819,132,20,47,341,289,40,529,31,67,22,49,48,106,45
100,37,33,5,11,2,0,0,5,2,0,2,1,1,0,1,0,3,2,1965,1965-07-25,3759,3346,379,830,134,20,47,346,291,40,531,32,68,22,50,48,109,47
101,32,26,5,5,0,0,2,4,5,0,9,0,1,0,0,0,3,1,1965,1965-07-26,3791,3372,384,835,134,20,49,350,296,40,540,32,69,22,50,48,112,48
102,42,33,9,11,1,0,1,8,6,2,7,2,1,0,0,0,4,1,1965,1965-07-27,3833,3405,393,846,135,20,50,358,302,42,547,34,70,22,50,48,116,49
103,32,30,1,4,0,0,0,1,2,0,12,0,0,0,0,0,1,1,1965,1965-07-28,3865,3435,394,850,135,20,50,359,304,42,559,34,70,22,50,48,117,50
104,38,34,4,8,2,0,1,4,3,1,5,1,0,0,0,1,0,0,1965,1965-07-30,3903,3469,398,858,137,20,51,363,307,43,564,35,70,22,50,49,117,50
105,37,33,3,6,0,0,2,3,3,0,9,1,0,0,0,0,1,0,1965,1965-07-31,3940,3502,401,864,137,20,53,366,310,43,573,36,70,22,50,49,118,50
106,34,29,3,3,0,0,2,3,4,0,6,0,0,1,1,0,1,1,1965,1965-08-01,3974,3531,404,867,137,20,55,369,314,43,579,36,70,23,51,49,119,51
107,39,34,5,8,1,0,2,3,5,0,6,0,0,0,0,1,0,0,1965,1965-08-02,4013,3565,409,875,138,20,57,372,319,43,585,36,70,23,51,50,119,51
108,39,34,3,12,2,0,0,3,4,0,2,0,1,0,1,2,1,2,1965,,4052,3599,412,887,140,20,57,375,323,43,587,36,71,23,52,52,120,53
109,36,33,3,10,1,1,0,3,1,0,7,0,2,0,0,0,1,1,1965,,4088,3632,415,897,141,21,57,378,324,43,594,36,73,23,52,52,121,54
110,43,37,6,10,1,0,1,5,4,0,8,1,1,0,1,0,1,0,1965,1965-08-05,4131,3669,421,907,142,21,58,383,328,43,602,37,74,23,53,52,122,54
111,46,36,4,5,1,0,0,3,8,0,3,1,0,1,1,0,1,1,1965,1965-08-06,4177,3705,425,912,143,21,58,386,336,43,605,38,74,24,54,52,123,55
112,38,33,5,8,1,0,0,5,5,0,11,0,0,0,0,0,0,1,1965,1965-08-07,4215,3738,430,920,144,21,58,391,341,43,616,38,74,24,54,52,123,56
113,34,30,0,4,0,1,0,0,4,0,4,0,0,0,0,1,0,0,1965,1965-08-08,4249,3768,430,924,144,22,58,391,345,43,620,38,74,24,54,53,123,56
114,33,30,4,8,1,1,0,3,3,1,4,0,0,0,0,1,0,1,1965,1965-08-10,4282,3798,434,932,145,23,58,394,348,44,624,38,74,24,54,54,123,57
115,35,30,1,7,0,0,0,1,5,0,10,0,0,0,0,0,0,1,1965,1965-08-11,4317,3828,435,939,145,23,58,395,353,44,634,38,74,24,54,54,123,58
116,40,31,3,9,1,0,0,3,6,0,7,0,3,0,1,0,1,0,1965,1965-08-13,4357,3859,438,948,146,23,58,398,359,44,641,38,77,24,55,54,124,58
117,38,32,1,5,0,0,0,0,5,0,5,0,1,0,1,1,1,0,1965,1965-08-14,4395,3891,439,953,146,23,58,398,364,44,646,38,78,24,56,55,125,58
118,36,33,2,4,0,0,0,2,3,0,6,0,0,0,2,0,0,0,1965,1965-08-15,4431,3924,441,957,146,23,58,400,367,44,652,38,78,24,58,55,125,58
119,34,32,1,6,0,0,1,1,2,0,4,0,0,0,0,1,2,0,1965,1965-08-16,4465,3956,442,963,146,23,59,401,369,44,656,38,78,24,58,56,127,58
120,37,32,4,10,0,0,0,4,3,0,1,1,1,0,0,2,0,0,1965,1965-08-17,4502,3988,446,973,146,23,59,405,372,44,657,39,79,24,58,58,127,58
121,51,43,3,7,0,0,1,2,8,1,8,0,0,0,1,1,3,0,1965,1965-08-18,4553,4031,449,980,146,23,60,407,380,45,665,39,79,24,59,59,130,58
122,64,60,8,20,1,0,2,8,1,0,9,1,1,1,1,1,1,0,1965,1965-08-19,4617,4091,457,1000,147,23,62,415,381,45,674,40,80,25,60,60,131,58
123,36,32,1,5,0,0,0,1,3,0,5,0,0,0,0,0,0,0,1965,1965-08-20,4653,4123,458,1005,147,23,62,416,384,45,679,40,80,25,60,60,131,58
124,46,42,6,10,0,0,2,5,3,0,10,0,1,0,0,0,2,0,1965,1965-08-21,4699,4165,464,1015,147,23,64,421,387,45,689,40,81,25,60,60,133,58
125,38,36,3,8,2,0,0,3,1,0,7,1,0,0,1,0,0,0,1965,1965-08-22,4737,4201,467,1023,149,23,64,424,388,45,696,41,81,25,61,60,133,58
126,42,37,8,9,0,2,1,7,3,0,6,1,0,1,2,0,1,0,1965,1965-08-23,4779,4238,475,1032,149,25,65,431,391,45,702,42,81,26,63,60,134,58
127,36,30,3,9,1,0,0,3,4,0,2,0,2,0,0,1,1,1,1965,1965-08-24,4815,4268,478,1041,150,25,65,434,395,45,704,42,83,26,63,61,135,59
128,36,35,5,9,2,1,1,5,0,0,2,0,0,1,1,0,0,1,1965,1965-08-25,4851,4303,483,1050,152,26,66,439,395,45,706,42,83,27,64,61,135,60
129,34,30,2,8,1,1,0,2,2,0,6,0,2,0,0,1,0,1,1965,1965-08-26,4885,4333,485,1058,153,27,66,441,397,45,712,42,85,27,64,62,135,61
130,43,38,9,14,5,0,0,9,2,0,8,1,1,1,0,0,1,1,1965,1965-08-27,4928,4371,494,1072,158,27,66,450,399,45,720,43,86,28,64,62,136,62
131,40,37,8,10,2,0,0,7,2,0,7,1,0,0,0,1,5,0,1965,1965-08-28,4968,4408,502,1082,160,27,66,457,401,45,727,44,86,28,64,63,141,62
132,35,29,3,5,1,0,1,2,5,0,5,1,0,0,0,2,1,1,1965,1965-08-29,5003,4437,505,1087,161,27,67,459,406,45,732,45,86,28,64,65,142,63
133,40,38,2,7,1,0,1,1,1,0,7,1,0,0,0,1,0,1,1965,,5043,4475,507,1094,162,27,68,460,407,45,739,46,86,28,64,66,142,64
134,33,29,1,7,1,0,0,1,2,0,6,0,1,1,0,1,0,2,1965,,5076,4504,508,1101,163,27,68,461,409,45,745,46,87,29,64,67,142,66
135,41,35,7,11,1,0,0,7,5,0,8,0,1,0,1,0,0,1,1965,1965-09-02,5117,4539,515,1112,164,27,68,468,414,45,753,46,88,29,65,67,142,67
136,36,31,3,7,1,1,0,3,3,1,5,0,2,0,1,0,0,1,1965,1965-09-03,5153,4570,518,1119,165,28,68,471,417,46,758,46,90,29,66,67,142,68
137,38,33,5,8,1,0,0,3,3,0,5,1,1,0,0,1,1,0,1965,1965-09-04,5191,4603,523,1127,166,28,68,474,420,46,763,47,91,29,66,68,143,68
138,34,34,4,7,2,1,0,4,0,0,4,0,0,0,0,0,0,0,1965,1965-09-05,5225,4637,527,1134,168,29,68,478,420,46,767,47,91,29,66,68,143,68
139,50,45,6,16,2,1,1,6,3,1,7,0,1,1,0,3,0,2,1965,1965-09-06,5275,4682,533,1150,170,30,69,484,423,47,774,47,92,30,66,71,143,70
140,34,33,1,6,3,0,0,1,1,0,5,0,0,0,0,0,0,0,1965,1965-09-07,5309,4715,534,1156,173,30,69,485,424,47,779,47,92,30,66,71,143,70
141,26,24,1,1,1,0,0,0,1,0,3,0,1,0,0,0,1,0,1965,1965-09-09,5335,4739,535,1157,174,30,69,485,425,47,782,47,93,30,66,71,144,70
142,34,33,5,9,1,0,1,3,1,0,2,0,0,0,1,0,0,0,1965,1965-09-10,5369,4772,540,1166,175,30,70,488,426,47,784,47,93,30,67,71,144,70
143,38,35,8,12,2,0,0,5,1,0,6,1,1,0,2,0,0,1,1965,1965-09-11,5407,4807,548,1178,177,30,70,493,427,47,790,48,94,30,69,71,144,71
144,36,34,2,7,1,0,1,1,1,1,6,0,1,0,1,0,1,0,1965,1965-09-12,5443,4841,550,1185,178,30,71,494,428,48,796,48,95,30,70,71,145,71
145,33,28,1,4,0,0,0,1,3,0,7,1,1,0,0,0,0,0,1965,1965-09-14,5476,4869,551,1189,178,30,71,495,431,48,803,49,96,30,70,71,145,71
146,39,38,6,13,3,0,0,6,1,0,3,0,0,0,2,2,1,0,1965,1965-09-15,5515,4907,557,1202,181,30,71,501,432,48,806,49,96,30,72,73,146,71
147,37,34,2,10,1,0,0,2,3,0,5,0,0,0,0,0,0,2,1965,1965-09-16,5552,4941,559,1212,182,30,71,503,435,48,811,49,96,30,72,73,146,73
148,35,30,3,5,0,1,0,3,4,0,6,0,0,1,0,1,1,0,1965,1965-09-17,5587,4971,562,1217,182,31,71,506,439,48,817,49,96,31,72,74,147,73
149,32,29,1,3,1,0,0,1,2,0,2,0,1,0,0,0,0,0,1965,1965-09-18,5619,5000,563,1220,183,31,71,507,441,48,819,49,97,31,72,74,147,73
150,43,33,5,8,1,0,2,4,7,2,9,0,2,1,1,0,2,0,1965,1965-09-19,5662,5033,568,1228,184,31,73,511,448,50,828,49,99,32,73,74,149,73
151,40,37,3,10,1,0,1,3,2,0,11,0,0,1,1,0,0,0,1965,1965-09-21,5702,5070,571,1238,185,31,74,514,450,50,839,49,99,33,74,74,149,73
152,50,44,7,13,0,0,1,7,5,2,6,0,1,0,0,1,4,0,1965,1965-09-22,5752,5114,578,1251,185,31,75,521,455,52,845,49,100,33,74,75,153,73
153,36,30,4,9,3,0,0,4,5,2,6,0,0,1,0,0,2,0,1965,1965-09-24,5788,5144,582,1260,188,31,75,525,460,54,851,49,100,34,74,75,155,73
154,32,29,2,8,3,0,0,2,2,1,1,0,1,0,0,0,1,1,1965,1965-09-25,5820,5173,584,1268,191,31,75,527,462,55,852,49,101,34,74,75,156,74
155,31,28,1,7,0,0,0,1,2,1,5,0,1,0,0,1,2,0,1965,1965-09-26,5851,5201,585,1275,191,31,75,528,464,56,857,49,102,34,74,76,158,74
156,38,32,6,9,0,0,2,6,5,0,5,1,0,0,1,0,2,2,1965,1965-09-27,5889,5233,591,1284,191,31,77,534,469,56,862,50,102,34,75,76,160,76
157,49,44,2,11,0,0,1,2,5,0,8,0,0,0,0,0,3,0,1965,1965-09-28,5938,5277,593,1295,191,31,78,536,474,56,870,50,102,34,75,76,163,76
158,35,28,5,7,1,1,0,4,7,1,3,0,0,0,0,0,3,1,1965,1965-09-29,5973,5305,598,1302,192,32,78,540,481,57,873,50,102,34,75,76,166,77
159,37,30,4,9,1,0,0,3,4,0,5,1,1,1,0,0,1,0,1965,1965-09-30,6010,5335,602,1311,193,32,78,543,485,57,878,51,103,35,75,76,167,77
160,33,31,0,5,0,0,0,0,1,0,4,1,0,0,0,1,2,0,1965,1965-10-01,6043,5366,602,1316,193,32,78,543,486,57,882,52,103,35,75,77,169,77
161,32,27,3,2,0,0,0,2,5,0,7,0,0,0,0,0,1,0,1965,1965-10-02,6075,5393,605,1318,193,32,78,545,491,57,889,52,103,35,75,77,170,77
162,33,32,3,11,0,0,0,3,1,0,2,0,0,0,1,1,2,0,1965,1965-10-03,6108,5425,608,1329,193,32,78,548,492,57,891,52,103,35,76,78,172,77
1,35,31,4,10,1,0,1,4,3,0,4,0,1,0,1,1,3,0,1964,1964-04-14,35,31,4,10,1,0,1,4,3,0,4,0,1,0,1,1,3,0
2,37,33,2,9,1,0,1,2,2,0,6,0,2,0,0,0,0,0,1964,1964-04-15,72,64,6,19,2,0,2,6,5,0,10,0,3,0,1,1,3,0
3,35,35,2,8,2,0,0,2,0,0,7,0,0,0,0,0,2,0,1964,1964-04-16,107,99,8,27,4,0,2,8,5,0,17,0,3,0,1,1,5,0
4,32,30,3,6,0,0,2,3,1,0,1,0,0,1,1,1,1,0,1964,1964-04-17,139,129,11,33,4,0,4,11,6,0,18,0,3,1,2,2,6,0
5,34,28,0,1,0,0,0,0,6,0,9,0,0,0,1,1,0,0,1964,1964-04-18,173,157,11,34,4,0,4,11,12,0,27,0,3,1,3,3,6,0
6,50,44,2,11,0,0,0,2,3,1,1,1,1,1,3,1,2,1,1964,1964-04-19,223,201,13,45,4,0,4,13,15,1,28,1,4,2,6,4,8,1
7,33,32,1,5,0,1,0,1,1,0,6,0,0,0,0,0,0,0,1964,1964-04-20,256,233,14,50,4,1,4,14,16,1,34,1,4,2,6,4,8,1
8,35,34,6,8,2,0,2,6,0,0,4,0,0,1,0,0,1,0,1964,1964-04-22,291,267,20,58,6,1,6,20,16,1,38,1,4,3,6,4,9,1
9,40,36,7,9,2,0,1,7,3,0,6,0,1,0,1,0,1,0,1964,1964-04-23,331,303,27,67,8,1,7,27,19,1,44,1,5,3,7,4,10,1
10,38,35,3,8,0,0,1,3,3,1,7,0,0,0,0,0,0,0,1964,1964-04-24,369,338,30,75,8,1,8,30,22,2,51,1,5,3,7,4,10,1
11,34,32,1,4,1,0,0,1,1,0,4,1,0,0,1,0,0,0,1964,1964-04-25,403,370,31,79,9,1,8,31,23,2,55,2,5,3,8,4,10,1
12,34,24,1,3,0,0,0,1,7,1,4,0,2,1,0,1,0,1,1964,1964-04-26,437,394,32,82,9,1,8,32,30,3,59,2,7,4,8,5,10,2
13,37,34,6,10,2,0,3,6,2,0,3,0,1,0,0,1,1,0,1964,1964-04-27,474,428,38,92,11,1,11,38,32,3,62,2,8,4,8,6,11,2
14,35,33,3,9,1,3,0,3,2,0,6,0,0,0,0,1,1,2,1964,1964-04-28,509,461,41,101,12,4,11,41,34,3,68,2,8,4,8,7,12,4
15,40,33,7,7,0,1,0,6,5,1,10,0,1,1,1,0,0,0,1964,1964-04-29,549,494,48,108,12,5,11,47,39,4,78,2,9,5,9,7,12,4
16,38,33,3,9,2,1,0,3,3,1,9,0,0,2,0,0,1,0,1964,1964-04-30,587,527,51,117,14,6,11,50,42,5,87,2,9,7,9,7,13,4
17,36,31,7,12,2,0,0,6,4,0,7,0,0,1,0,1,4,0,1964,1964-05-01,623,558,58,129,16,6,11,56,46,5,94,2,9,8,9,8,17,4
18,49,43,4,12,1,1,2,4,4,1,7,0,2,0,0,2,0,0,1964,1964-05-02,672,601,62,141,17,7,13,60,50,6,101,2,11,8,9,10,17,4
19,34,32,3,6,1,0,1,3,2,0,5,0,0,0,0,0,0,0,1964,1964-05-03,706,633,65,147,18,7,14,63,52,6,106,2,11,8,9,10,17,4
20,37,34,2,8,2,0,0,2,2,0,9,1,0,0,0,1,0,0,1964,1964-05-04,743,667,67,155,20,7,14,65,54,6,115,3,11,8,9,11,17,4
21,32,27,5,7,1,1,0,3,3,0,6,0,1,1,1,1,1,1,1964,1964-05-06,775,694,72,162,21,8,14,68,57,6,121,3,12,9,10,12,18,5
22,38,33,1,9,1,0,0,1,3,0,7,0,1,1,0,1,0,0,1964,1964-05-07,813,727,73,171,22,8,14,69,60,6,128,3,13,10,10,13,18,5
23,36,33,0,5,1,0,0,0,3,1,3,0,0,0,1,0,2,0,1964,1964-05-08,849,760,73,176,23,8,14,69,63,7,131,3,13,10,11,13,20,5
24,38,30,2,5,0,0,2,2,7,1,12,0,1,0,0,0,1,1,1964,1964-05-09,887,790,75,181,23,8,16,71,70,8,143,3,14,10,11,13,21,6
25,41,38,9,9,1,1,2,7,3,0,4,0,0,0,2,0,1,0,1964,1964-05-10,928,828,84,190,24,9,18,78,73,8,147,3,14,10,13,13,22,6
26,35,32,2,6,1,0,0,2,1,0,4,0,1,1,0,0,0,0,1964,1964-05-12,963,860,86,196,25,9,18,80,74,8,151,3,15,11,13,13,22,6
27,42,39,6,10,1,0,2,6,2,0,3,0,1,0,0,0,0,0,1964,,1005,899,92,206,26,9,20,86,76,8,154,3,16,11,13,13,22,6
28,41,28,5,7,0,0,0,4,11,0,4,0,1,1,1,2,5,1,1964,,1046,927,97,213,26,9,20,90,87,8,158,3,17,12,14,15,27,7
29,39,30,6,8,0,0,0,6,8,1,6,0,0,1,1,0,0,2,1964,1964-05-15,1085,957,103,221,26,9,20,96,95,9,164,3,17,13,15,15,27,9
30,37,28,4,3,0,0,0,3,9,0,5,0,0,0,0,1,0,0,1964,1964-05-16,1122,985,107,224,26,9,20,99,104,9,169,3,17,13,15,16,27,9
31,28,27,3,8,2,1,0,3,0,0,2,0,0,1,0,2,0,0,1964,,1150,1012,110,232,28,10,20,102,104,9,171,3,17,14,15,18,27,9
32,33,33,3,7,0,1,1,2,0,0,4,0,0,0,0,1,0,0,1964,,1183,1045,113,239,28,11,21,104,104,9,175,3,17,14,15,19,27,9
33,38,33,2,7,1,0,0,2,3,0,7,0,2,0,1,0,0,0,1964,1964-05-18,1221,1078,115,246,29,11,21,106,107,9,182,3,19,14,16,19,27,9
34,35,26,6,8,1,0,0,5,4,0,3,2,2,1,0,1,3,1,1964,1964-05-19,1256,1104,121,254,30,11,21,111,111,9,185,5,21,15,16,20,30,10
35,37,32,4,8,1,0,0,3,5,0,5,0,0,0,1,1,1,0,1964,1964-05-20,1293,1136,125,262,31,11,21,114,116,9,190,5,21,15,17,21,31,10
36,37,30,6,11,3,0,0,6,5,0,3,0,1,1,2,1,0,2,1964,1964-05-21,1330,1166,131,273,34,11,21,120,121,9,193,5,22,16,19,22,31,12
37,34,32,0,8,1,0,0,0,2,0,3,0,0,0,0,2,0,1,1964,1964-05-22,1364,1198,131,281,35,11,21,120,123,9,196,5,22,16,19,24,31,13
38,54,47,2,11,1,0,1,2,2,0,9,1,4,0,0,0,1,1,1964,1964-05-23,1418,1245,133,292,36,11,22,122,125,9,205,6,26,16,19,24,32,14
39,36,34,3,10,2,1,1,3,2,1,8,0,0,0,0,0,1,0,1964,1964-05-24,1454,1279,136,302,38,12,23,125,127,10,213,6,26,16,19,24,33,14
40,34,33,2,6,0,0,1,2,1,0,4,0,0,0,0,0,0,0,1964,1964-05-26,1488,1312,138,308,38,12,24,127,128,10,217,6,26,16,19,24,33,14
41,32,32,0,6,0,0,0,0,0,0,6,0,0,0,0,0,0,0,1964,1964-05-27,1520,1344,138,314,38,12,24,127,128,10,223,6,26,16,19,24,33,14
42,72,59,2,12,1,0,0,1,10,1,14,0,3,0,1,1,0,0,1964,1964-05-28,1592,1403,140,326,39,12,24,128,138,11,237,6,29,16,20,25,33,14
43,38,34,4,10,2,0,0,4,3,0,7,0,1,0,0,2,2,0,1964,1964-05-29,1630,1437,144,336,41,12,24,132,141,11,244,6,30,16,20,27,35,14
44,43,35,10,11,2,1,1,10,6,0,4,0,0,2,0,0,3,0,1964,1964-05-30,1673,1472,154,347,43,13,25,142,147,11,248,6,30,18,20,27,38,14
45,36,34,6,9,0,0,0,3,2,0,3,0,0,0,0,2,1,0,1964,1964-05-31,1709,1506,160,356,43,13,25,145,149,11,251,6,30,18,20,29,39,14
46,33,33,3,6,1,0,1,3,0,0,4,0,0,0,0,0,0,0,1964,1964-06-02,1742,1539,163,362,44,13,26,148,149,11,255,6,30,18,20,29,39,14
47,49,40,0,9,1,0,0,0,5,1,11,1,3,0,2,0,2,0,1964,1964-06-03,1791,1579,163,371,45,13,26,148,154,12,266,7,33,18,22,29,41,14
48,34,34,3,9,2,0,1,3,0,0,6,0,0,0,1,1,0,0,1964,1964-06-04,1825,1613,166,380,47,13,27,151,154,12,272,7,33,18,23,30,41,14
49,32,30,0,4,0,1,0,0,1,0,3,1,0,0,0,1,0,0,1964,1964-06-05,1857,1643,166,384,47,14,27,151,155,12,275,8,33,18,23,31,41,14
50,44,41,9,14,3,0,0,8,3,0,5,0,0,0,1,1,1,0,1964,1964-06-06,1901,1684,175,398,50,14,27,159,158,12,280,8,33,18,24,32,42,14
51,37,32,6,9,1,1,2,6,2,0,4,1,2,0,0,0,0,2,1964,,1938,1716,181,407,51,15,29,165,160,12,284,9,35,18,24,32,42,16
52,19,17,1,5,0,0,0,0,1,0,3,0,1,0,0,0,0,3,1964,,1957,1733,182,412,51,15,29,165,161,12,287,9,36,18,24,32,42,19
53,32,29,2,6,1,0,0,2,3,0,5,0,0,0,0,0,0,0,1964,1964-06-08,1989,1762,184,418,52,15,29,167,164,12,292,9,36,18,24,32,42,19
54,36,31,1,4,0,0,0,1,3,0,10,1,0,1,1,0,0,0,1964,1964-06-09,2025,1793,185,422,52,15,29,168,167,12,302,10,36,19,25,32,42,19
55,45,40,4,11,3,1,1,4,3,1,4,0,2,0,0,0,0,1,1964,1964-06-10,2070,1833,189,433,55,16,30,172,170,13,306,10,38,19,25,32,42,20
56,36,33,5,14,1,0,0,4,1,0,4,0,2,0,0,1,0,0,1964,1964-06-11,2106,1866,194,447,56,16,30,176,171,13,310,10,40,19,25,33,42,20
57,34,29,3,7,1,0,0,2,3,1,3,1,1,0,1,0,0,0,1964,1964-06-12,2140,1895,197,454,57,16,30,178,174,14,313,11,41,19,26,33,42,20
58,33,32,3,10,4,0,0,3,0,0,4,0,0,1,0,0,2,0,1964,1964-06-13,2173,1927,200,464,61,16,30,181,174,14,317,11,41,20,26,33,44,20
59,32,29,1,5,1,0,0,1,3,0,3,0,0,0,0,2,0,1,1964,,2205,1956,201,469,62,16,30,182,177,14,320,11,41,20,26,35,44,21
60,37,34,1,7,0,0,0,1,3,0,6,0,0,0,1,0,0,0,1964,,2242,1990,202,476,62,16,30,183,180,14,326,11,41,20,27,35,44,21
61,32,29,5,6,2,1,0,4,3,0,3,0,0,0,0,0,0,1,1964,1964-06-16,2274,2019,207,482,64,17,30,187,183,14,329,11,41,20,27,35,44,22
62,36,33,5,11,1,1,1,5,2,0,5,0,0,1,0,0,1,0,1964,1964-06-17,2310,2052,212,493,65,18,31,192,185,14,334,11,41,21,27,35,45,22
63,33,32,1,7,1,0,0,1,1,0,15,0,0,0,0,1,0,1,1964,1964-06-19,2343,2084,213,500,66,18,31,193,186,14,349,11,41,21,27,36,45,23
64,37,33,4,9,1,0,0,4,2,0,9,0,1,1,0,0,0,0,1964,1964-06-20,2380,2117,217,509,67,18,31,197,188,14,358,11,42,22,27,36,45,23
65,37,36,4,10,1,0,1,4,0,0,4,0,0,1,0,0,1,1,1964,,2417,2153,221,519,68,18,32,201,188,14,362,11,42,23,27,36,46,24
66,33,33,1,7,1,0,0,1,0,0,7,0,0,0,0,1,1,0,1964,,2450,2186,222,526,69,18,32,202,188,14,369,11,42,23,27,37,47,24
67,46,42,10,15,3,0,0,10,4,1,7,0,0,0,2,2,0,0,1964,1964-06-22,2496,2228,232,541,72,18,32,212,192,15,376,11,42,23,29,39,47,24
68,35,30,2,6,1,0,1,2,3,1,5,0,2,0,1,0,0,2,1964,1964-06-23,2531,2258,234,547,73,18,33,214,195,16,381,11,44,23,30,39,47,26
69,46,44,15,19,5,1,2,15,1,0,6,0,1,0,0,0,2,0,1964,1964-06-24,2577,2302,249,566,78,19,35,229,196,16,387,11,45,23,30,39,49,26
70,49,44,1,8,1,0,1,1,4,1,9,0,1,0,1,1,2,2,1964,1964-06-25,2626,2346,250,574,79,19,36,230,200,17,396,11,46,23,31,40,51,28
71,41,34,3,9,2,0,0,2,6,3,7,0,0,1,0,1,1,0,1964,1964-06-26,2667,2380,253,583,81,19,36,232,206,20,403,11,46,24,31,41,52,28
72,32,32,1,5,0,0,0,1,0,0,8,0,0,0,0,0,0,0,1964,1964-06-27,2699,2412,254,588,81,19,36,233,206,20,411,11,46,24,31,41,52,28
73,37,35,0,9,1,0,0,0,2,0,5,0,0,0,2,3,1,0,1964,1964-06-28,2736,2447,254,597,82,19,36,233,208,20,416,11,46,24,33,44,53,28
74,38,27,7,11,1,0,1,7,5,2,4,1,3,2,0,0,1,0,1964,1964-06-29,2774,2474,261,608,83,19,37,240,213,22,420,12,49,26,33,44,54,28
75,32,29,3,6,0,0,0,3,2,1,6,0,1,0,0,0,0,0,1964,1964-07-01,2806,2503,264,614,83,19,37,243,215,23,426,12,50,26,33,44,54,28
76,34,32,2,7,0,0,1,1,1,0,6,0,1,0,1,1,0,0,1964,1964-07-02,2840,2535,266,621,83,19,38,244,216,23,432,12,51,26,34,45,54,28
77,38,36,6,11,1,0,0,6,1,0,3,0,1,0,2,0,2,0,1964,1964-07-03,2878,2571,272,632,84,19,38,250,217,23,435,12,52,26,36,45,56,28
78,35,28,3,6,0,0,0,3,5,1,6,1,1,0,1,0,1,0,1964,1964-07-04,2913,2599,275,638,84,19,38,253,222,24,441,13,53,26,37,45,57,28
79,34,28,5,9,2,0,1,4,5,0,3,0,1,0,0,2,1,2,1964,1964-07-05,2947,2627,280,647,86,19,39,257,227,24,444,13,54,26,37,47,58,30
80,36,32,5,8,1,2,0,5,1,0,7,0,2,1,0,0,0,0,1964,1964-07-09,2983,2659,285,655,87,21,39,262,228,24,451,13,56,27,37,47,58,30
81,34,28,4,5,0,0,0,3,3,0,2,0,3,0,1,1,1,0,1964,1964-07-10,3017,2687,289,660,87,21,39,265,231,24,453,13,59,27,38,48,59,30
82,45,41,11,15,1,0,2,9,3,1,3,0,0,1,2,1,2,0,1964,1964-07-11,3062,2728,300,675,88,21,41,274,234,25,456,13,59,28,40,49,61,30
83,35,33,3,9,2,1,1,3,1,0,1,0,1,0,0,1,0,0,1964,,3097,2761,303,684,90,22,42,277,235,25,457,13,60,28,40,50,61,30
84,39,34,6,10,2,0,0,6,4,1,6,0,1,0,0,0,0,2,1964,,3136,2795,309,694,92,22,42,283,239,26,463,13,61,28,40,50,61,32
85,37,33,4,10,2,0,0,4,4,0,3,0,0,0,0,3,0,0,1964,1964-07-13,3173,2828,313,704,94,22,42,287,243,26,466,13,61,28,40,53,61,32
86,43,40,7,15,3,0,0,6,0,0,5,0,3,0,1,0,1,0,1964,1964-07-14,3216,2868,320,719,97,22,42,293,243,26,471,13,64,28,41,53,62,32
87,43,38,13,11,1,0,4,10,2,1,6,1,2,0,2,0,1,0,1964,1964-07-15,3259,2906,333,730,98,22,46,303,245,27,477,14,66,28,43,53,63,32
88,43,38,10,13,3,0,1,9,4,0,4,0,1,0,1,0,0,2,1964,1964-07-16,3302,2944,343,743,101,22,47,312,249,27,481,14,67,28,44,53,63,34
89,34,31,3,9,1,0,1,3,2,1,2,0,1,0,0,1,0,0,1964,1964-07-17,3336,2975,346,752,102,22,48,315,251,28,483,14,68,28,44,54,63,34
90,30,28,3,5,2,0,1,3,0,0,4,0,2,0,1,0,0,0,1964,1964-07-18,3366,3003,349,757,104,22,49,318,251,28,487,14,70,28,45,54,63,34
91,32,31,2,5,0,0,0,0,1,0,6,0,0,0,0,1,0,0,1964,,3398,3034,351,762,104,22,49,318,252,28,493,14,70,28,45,55,63,34
92,32,32,1,6,1,0,0,1,0,0,2,0,0,0,1,2,0,0,1964,,3430,3066,352,768,105,22,49,319,252,28,495,14,70,28,46,57,63,34
93,37,32,1,9,0,0,0,1,2,0,6,1,1,1,0,1,0,1,1964,1964-07-20,3467,3098,353,777,105,22,49,320,254,28,501,15,71,29,46,58,63,35
94,37,35,0,9,0,1,0,0,1,0,6,0,1,0,1,1,0,0,1964,1964-07-21,3504,3133,353,786,105,23,49,320,255,28,507,15,72,29,47,59,63,35
95,33,28,1,7,2,0,0,1,2,1,7,0,2,0,0,0,1,0,1964,1964-07-22,3537,3161,354,793,107,23,49,321,257,29,514,15,74,29,47,59,64,35
96,40,37,5,13,2,0,0,4,3,0,4,0,0,0,0,1,0,1,1964,1964-07-23,3577,3198,359,806,109,23,49,325,260,29,518,15,74,29,47,60,64,36
97,36,35,3,8,1,0,0,2,0,0,9,0,1,0,2,0,0,1,1964,1964-07-24,3613,3233,362,814,110,23,49,327,260,29,527,15,75,29,49,60,64,37
98,37,33,7,12,1,0,1,7,3,0,4,0,1,0,0,1,3,0,1964,1964-07-25,3650,3266,369,826,111,23,50,334,263,29,531,15,76,29,49,61,67,37
99,34,33,2,5,0,0,0,2,1,0,8,0,0,0,2,0,0,0,1964,1964-07-26,3684,3299,371,831,111,23,50,336,264,29,539,15,76,29,51,61,67,37
100,45,37,9,14,1,0,1,9,5,0,1,1,2,0,1,2,0,0,1964,1964-07-28,3729,3336,380,845,112,23,51,345,269,29,540,16,78,29,52,63,67,37
101,36,33,5,8,2,1,0,4,2,0,4,1,0,0,0,0,0,1,1964,1964-07-30,3765,3369,385,853,114,24,51,349,271,29,544,17,78,29,52,63,67,38
102,36,34,1,9,2,0,0,1,2,0,8,0,0,0,1,1,1,1,1964,1964-07-31,3801,3403,386,862,116,24,51,350,273,29,552,17,78,29,53,64,68,39
103,42,36,6,7,1,1,1,5,4,0,8,0,1,1,2,0,0,0,1964,1964-08-01,3843,3439,392,869,117,25,52,355,277,29,560,17,79,30,55,64,68,39
104,38,35,6,8,1,1,1,5,1,0,4,0,2,0,2,0,2,0,1964,1964-08-02,3881,3474,398,877,118,26,53,360,278,29,564,17,81,30,57,64,70,39
105,42,32,5,10,1,0,0,4,8,2,7,0,0,2,1,3,1,0,1964,,3923,3506,403,887,119,26,53,364,286,31,571,17,81,32,58,67,71,39
106,43,39,10,12,1,1,1,9,3,0,6,0,1,0,2,1,3,0,1964,,3966,3545,413,899,120,27,54,373,289,31,577,17,82,32,60,68,74,39
107,36,33,3,8,1,0,0,3,2,1,5,0,1,0,3,2,0,0,1964,1964-08-05,4002,3578,416,907,121,27,54,376,291,32,582,17,83,32,63,70,74,39
108,34,34,1,9,0,0,0,1,0,0,8,0,0,0,0,2,0,0,1964,1964-08-06,4036,3612,417,916,121,27,54,377,291,32,590,17,83,32,63,72,74,39
109,36,33,5,9,2,0,0,5,2,0,4,0,1,0,0,1,0,1,1964,1964-08-07,4072,3645,422,925,123,27,54,382,293,32,594,17,84,32,63,73,74,40
110,41,35,5,10,0,1,0,5,5,0,7,1,0,0,0,2,0,0,1964,1964-08-08,4113,3680,427,935,123,28,54,387,298,32,601,18,84,32,63,75,74,40
111,34,31,2,4,3,0,0,2,3,0,5,0,0,0,0,0,0,0,1964,1964-08-09,4147,3711,429,939,126,28,54,389,301,32,606,18,84,32,63,75,74,40
112,34,32,2,4,1,0,0,2,2,0,2,0,0,0,1,0,0,0,1964,1964-08-10,4181,3743,431,943,127,28,54,391,303,32,608,18,84,32,64,75,74,40
113,35,31,2,7,0,0,0,2,3,0,13,0,1,0,1,1,1,2,1964,1964-08-11,4216,3774,433,950,127,28,54,393,306,32,621,18,85,32,65,76,75,42
114,37,36,4,9,1,0,0,3,1,1,13,0,0,0,1,0,1,0,1964,1964-08-12,4253,3810,437,959,128,28,54,396,307,33,634,18,85,32,66,76,76,42
115,42,36,3,12,0,0,0,3,4,0,2,0,2,0,0,0,1,1,1964,1964-08-14,4295,3846,440,971,128,28,54,399,311,33,636,18,87,32,66,76,77,43
116,32,28,4,7,0,0,0,3,3,0,9,0,0,1,0,0,2,0,1964,1964-08-15,4327,3874,444,978,128,28,54,402,314,33,645,18,87,33,66,76,79,43
117,34,30,3,8,1,0,1,3,4,1,0,0,0,0,1,2,1,0,1964,,4361,3904,447,986,129,28,55,405,318,34,645,18,87,33,67,78,80,43
118,31,31,0,6,0,0,0,0,0,0,4,0,0,0,0,1,1,0,1964,,4392,3935,447,992,129,28,55,405,318,34,649,18,87,33,67,79,81,43
119,34,31,1,4,0,0,0,1,3,0,8,0,0,0,0,0,0,0,1964,1964-08-18,4426,3966,448,996,129,28,55,406,321,34,657,18,87,33,67,79,81,43
120,40,34,7,14,1,0,1,7,2,0,6,0,2,2,0,0,3,0,1964,1964-08-19,4466,4000,455,1010,130,28,56,413,323,34,663,18,89,35,67,79,84,43
121,37,34,2,7,1,0,1,2,3,0,3,0,0,0,0,0,1,0,1964,1964-08-20,4503,4034,457,1017,131,28,57,415,326,34,666,18,89,35,67,79,85,43
122,40,31,2,6,0,0,0,1,7,0,10,0,2,0,0,0,1,0,1964,1964-08-21,4543,4065,459,1023,131,28,57,416,333,34,676,18,91,35,67,79,86,43
123,55,50,1,9,1,0,0,1,3,1,8,0,2,0,1,1,2,0,1964,1964-08-22,4598,4115,460,1032,132,28,57,417,336,35,684,18,93,35,68,80,88,43
124,31,29,1,6,1,0,0,1,1,0,3,0,1,0,0,0,2,0,1964,1964-08-23,4629,4144,461,1038,133,28,57,418,337,35,687,18,94,35,68,80,90,43
125,36,33,2,6,0,0,1,2,3,0,4,0,0,0,0,0,0,0,1964,1964-08-24,4665,4177,463,1044,133,28,58,420,340,35,691,18,94,35,68,80,90,43
126,34,30,3,10,1,0,0,3,2,1,3,0,1,1,1,0,0,0,1964,1964-08-25,4699,4207,466,1054,134,28,58,423,342,36,694,18,95,36,69,80,90,43
127,35,32,2,7,0,1,0,2,3,2,3,0,0,0,0,1,1,0,1964,1964-08-26,4734,4239,468,1061,134,29,58,425,345,38,697,18,95,36,69,81,91,43
128,33,33,3,6,0,1,1,3,0,0,6,0,0,0,1,1,0,0,1964,1964-08-28,4767,4272,471,1067,134,30,59,428,345,38,703,18,95,36,70,82,91,43
129,36,32,1,7,1,0,1,1,3,0,4,0,1,0,0,1,0,0,1964,1964-08-29,4803,4304,472,1074,135,30,60,429,348,38,707,18,96,36,70,83,91,43
130,33,29,1,4,0,0,0,1,3,0,2,0,1,0,0,1,1,0,1964,1964-08-30,4836,4333,473,1078,135,30,60,430,351,38,709,18,97,36,70,84,92,43
131,47,39,12,12,3,1,2,9,6,0,11,0,2,0,2,0,2,0,1964,1964-08-31,4883,4372,485,1090,138,31,62,439,357,38,720,18,99,36,72,84,94,43
132,33,32,2,7,2,0,0,2,1,0,5,0,0,0,0,1,2,1,1964,1964-09-01,4916,4404,487,1097,140,31,62,441,358,38,725,18,99,36,72,85,96,44
133,53,43,8,11,2,2,0,7,8,3,14,1,1,0,0,2,1,1,1964,1964-09-02,4969,4447,495,1108,142,33,62,448,366,41,739,19,100,36,72,87,97,45
134,34,34,3,8,1,0,1,3,0,0,3,0,0,0,0,0,1,0,1964,,5003,4481,498,1116,143,33,63,451,366,41,742,19,100,36,72,87,98,45
135,39,36,5,11,2,0,0,4,2,0,6,0,1,0,0,0,3,1,1964,,5042,4517,503,1127,145,33,63,455,368,41,748,19,101,36,72,87,101,46
136,37,33,6,8,0,1,2,5,3,0,6,0,1,0,0,0,4,0,1964,1964-09-05,5079,4550,509,1135,145,34,65,460,371,41,754,19,102,36,72,87,105,46
137,38,33,4,12,2,1,1,4,3,0,3,0,1,1,0,1,1,2,1964,1964-09-06,5117,4583,513,1147,147,35,66,464,374,41,757,19,103,37,72,88,106,48
138,30,28,1,5,0,0,0,1,1,0,3,0,0,1,0,1,0,2,1964,,5147,4611,514,1152,147,35,66,465,375,41,760,19,103,38,72,89,106,50
139,33,29,3,4,0,0,0,3,2,0,5,0,2,0,1,1,0,0,1964,,5180,4640,517,1156,147,35,66,468,377,41,765,19,105,38,73,90,106,50
140,39,35,3,9,4,0,0,3,4,2,6,0,0,0,0,1,1,0,1964,1964-09-08,5219,4675,520,1165,151,35,66,471,381,43,771,19,105,38,73,91,107,50
141,37,34,8,8,0,0,3,8,3,1,5,0,0,0,0,1,0,1,1964,1964-09-09,5256,4709,528,1173,151,35,69,479,384,44,776,19,105,38,73,92,107,51
142,37,34,1,7,1,0,1,1,2,0,5,0,1,0,1,0,0,0,1964,1964-09-10,5293,4743,529,1180,152,35,70,480,386,44,781,19,106,38,74,92,107,51
143,37,35,2,9,2,0,0,2,1,0,5,0,1,0,0,1,1,0,1964,1964-09-11,5330,4778,531,1189,154,35,70,482,387,44,786,19,107,38,74,93,108,51
144,38,36,8,13,2,0,0,7,2,1,2,0,0,0,0,0,1,0,1964,1964-09-12,5368,4814,539,1202,156,35,70,489,389,45,788,19,107,38,74,93,109,51
145,41,35,5,9,0,1,1,3,6,1,6,0,0,0,2,0,1,0,1964,1964-09-13,5409,4849,544,1211,156,36,71,492,395,46,794,19,107,38,76,93,110,51
146,34,29,2,5,0,0,0,1,5,0,6,0,0,0,0,3,0,0,1964,1964-09-14,5443,4878,546,1216,156,36,71,493,400,46,800,19,107,38,76,96,110,51
147,38,35,5,13,4,0,0,5,2,0,6,0,1,0,1,1,3,0,1964,1964-09-15,5481,4913,551,1229,160,36,71,498,402,46,806,19,108,38,77,97,113,51
148,37,35,5,7,2,0,2,5,2,0,3,0,0,0,1,0,0,0,1964,1964-09-16,5518,4948,556,1236,162,36,73,503,404,46,809,19,108,38,78,97,113,51
149,32,29,3,5,0,0,0,3,1,0,3,0,2,0,0,0,0,1,1964,1964-09-17,5550,4977,559,1241,162,36,73,506,405,46,812,19,110,38,78,97,113,52
150,35,31,4,7,1,0,1,4,3,0,6,0,1,0,0,1,2,1,1964,1964-09-18,5585,5008,563,1248,163,36,74,510,408,46,818,19,111,38,78,98,115,53
151,67,60,4,20,4,0,0,3,5,5,8,0,2,0,0,2,6,2,1964,1964-09-19,5652,5068,567,1268,167,36,74,513,413,51,826,19,113,38,78,100,121,55
152,32,32,2,5,0,0,0,1,0,0,6,0,0,0,1,0,2,0,1964,1964-09-20,5684,5100,569,1273,167,36,74,514,413,51,832,19,113,38,79,100,123,55
153,34,32,0,7,0,0,0,0,2,0,7,0,0,0,0,1,0,1,1964,1964-09-22,5718,5132,569,1280,167,36,74,514,415,51,839,19,113,38,79,101,123,56
154,37,35,6,8,1,1,2,6,1,0,4,0,0,1,1,0,0,0,1964,1964-09-23,5755,5167,575,1288,168,37,76,520,416,51,843,19,113,39,80,101,123,56
155,37,36,3,11,3,0,2,3,1,0,5,0,0,0,0,0,0,0,1964,1964-09-24,5792,5203,578,1299,171,37,78,523,417,51,848,19,113,39,80,101,123,56
156,41,33,7,9,1,2,1,7,5,3,6,0,2,1,0,0,4,0,1964,1964-09-25,5833,5236,585,1308,172,39,79,530,422,54,854,19,115,40,80,101,127,56
157,43,40,0,5,1,0,0,0,2,0,6,0,1,0,2,0,0,1,1964,1964-09-27,5876,5276,585,1313,173,39,79,530,424,54,860,19,116,40,82,101,127,57
158,28,25,2,5,1,0,0,2,2,0,5,0,1,0,1,1,2,1,1964,1964-09-28,5904,5301,587,1318,174,39,79,532,426,54,865,19,117,40,83,102,129,58
159,37,35,3,9,2,0,0,3,1,0,3,0,0,1,1,1,4,1,1964,1964-09-29,5941,5336,590,1327,176,39,79,535,427,54,868,19,117,41,84,103,133,59
160,29,29,2,5,0,0,0,2,0,0,6,0,0,0,0,0,1,0,1964,1964-09-30,5970,5365,592,1332,176,39,79,537,427,54,874,19,117,41,84,103,134,59
161,37,32,3,9,1,0,0,3,3,0,4,0,1,1,1,1,1,0,1964,1964-10-01,6007,5397,595,1341,177,39,79,540,430,54,878,19,118,42,85,104,135,59
162,36,34,1,8,0,0,0,1,2,0,10,0,0,0,1,0,0,2,1964,1964-10-02,6043,5431,596,1349,177,39,79,541,432,54,888,19,118,42,86,104,135,61
163,39,34,7,13,1,0,0,6,3,0,1,0,2,0,0,0,2,0,1964,1964-10-03,6082,5465,603,1362,178,39,79,547,435,54,889,19,120,42,86,104,137,61
164,39,34,11,13,2,0,0,8,3,1,4,0,0,2,1,1,4,0,1964,1964-10-04,6121,5499,614,1375,180,39,79,555,438,55,893,19,120,44,87,105,141,61
1,37,34,5,9,1,1,0,4,3,1,3,0,0,0,1,1,0,0,1963,1963-04-09,37,34,5,9,1,1,0,4,3,1,3,0,0,0,1,1,0,0
2,34,31,2,5,1,0,0,1,1,0,6,1,1,0,1,0,2,1,1963,1963-04-10,71,65,7,14,2,1,0,5,4,1,9,1,1,0,2,1,2,1
3,29,27,0,3,0,0,0,0,2,0,5,0,0,0,0,0,0,1,1963,1963-04-11,100,92,7,17,2,1,0,5,6,1,14,1,1,0,2,1,2,2
4,44,41,1,4,0,0,0,1,2,0,11,1,0,0,1,0,1,0,1963,1963-04-12,144,133,8,21,2,1,0,6,8,1,25,2,1,0,3,1,3,2
5,36,34,3,8,1,2,0,3,2,0,6,0,0,0,0,1,1,0,1963,1963-04-13,180,167,11,29,3,3,0,9,10,1,31,2,1,0,3,2,4,2
6,40,38,4,11,2,0,0,4,1,0,4,0,0,1,2,0,0,0,1963,1963-04-14,220,205,15,40,5,3,0,13,11,1,35,2,1,1,5,2,4,2
7,47,43,1,11,2,0,0,1,2,0,9,0,2,0,0,0,1,2,1963,1963-04-16,267,248,16,51,7,3,0,14,13,1,44,2,3,1,5,2,5,4
8,41,35,1,7,0,0,0,1,4,1,5,0,2,0,1,0,0,1,1963,1963-04-17,308,283,17,58,7,3,0,15,17,2,49,2,5,1,6,2,5,5
9,39,36,1,10,0,0,0,1,1,0,5,1,1,0,1,1,0,0,1963,1963-04-18,347,319,18,68,7,3,0,16,18,2,54,3,6,1,7,3,5,5
10,27,24,2,4,1,0,1,2,0,0,3,0,3,0,0,0,0,1,1963,1963-04-19,374,343,20,72,8,3,1,18,18,2,57,3,9,1,7,3,5,6
11,38,34,6,8,4,0,0,6,3,0,5,0,1,0,1,1,0,0,1963,1963-04-20,412,377,26,80,12,3,1,24,21,2,62,3,10,1,8,4,5,6
12,42,34,11,13,2,1,0,9,6,0,8,0,0,2,1,1,1,1,1963,,454,411,37,93,14,4,1,33,27,2,70,3,10,3,9,5,6,7
13,41,35,6,10,1,1,1,6,4,1,7,1,0,1,2,0,0,0,1963,,495,446,43,103,15,5,2,39,31,3,77,4,10,4,11,5,6,7
14,36,30,2,6,0,0,1,2,6,0,3,0,0,0,0,3,0,0,1963,1963-04-22,531,476,45,109,15,5,3,41,37,3,80,4,10,4,11,8,6,7
15,31,29,2,2,0,0,1,1,1,0,6,1,0,0,1,0,0,0,1963,1963-04-23,562,505,47,111,15,5,4,42,38,3,86,5,10,4,12,8,6,7
16,35,30,7,9,0,0,3,5,4,0,7,0,1,0,0,1,0,1,1963,1963-04-24,597,535,54,120,15,5,7,47,42,3,93,5,11,4,12,9,6,8
17,37,35,7,12,2,0,3,7,2,0,3,0,0,0,0,1,2,0,1963,1963-04-25,634,570,61,132,17,5,10,54,44,3,96,5,11,4,12,10,8,8
18,39,34,7,8,1,0,2,7,4,0,8,0,0,1,0,0,6,0,1963,1963-04-26,673,604,68,140,18,5,12,61,48,3,104,5,11,5,12,10,14,8
19,31,30,0,3,1,0,0,0,1,0,9,0,0,0,0,0,0,0,1963,1963-04-27,704,634,68,143,19,5,12,61,49,3,113,5,11,5,12,10,14,8
20,43,40,5,11,1,1,1,5,2,0,8,0,0,1,1,0,1,0,1963,1963-04-28,747,674,73,154,20,6,13,66,51,3,121,5,11,6,13,10,15,8
21,36,33,2,7,2,0,0,1,2,0,7,1,0,0,0,1,0,0,1963,1963-04-29,783,707,75,161,22,6,13,67,53,3,128,6,11,6,13,11,15,8
22,33,31,3,7,0,0,1,3,1,0,7,1,0,0,0,2,1,1,1963,1963-05-02,816,738,78,168,22,6,14,70,54,3,135,7,11,6,13,13,16,9
23,35,30,2,6,1,0,0,1,4,0,6,1,0,0,0,2,1,0,1963,1963-05-03,851,768,80,174,23,6,14,71,58,3,141,8,11,6,13,15,17,9
24,30,28,0,4,0,0,0,0,1,0,5,0,1,0,0,2,0,0,1963,1963-05-04,881,796,80,178,23,6,14,71,59,3,146,8,12,6,13,17,17,9
25,39,36,7,11,3,0,1,7,1,0,2,0,0,2,0,0,0,0,1963,1963-05-05,920,832,87,189,26,6,15,78,60,3,148,8,12,8,13,17,17,9
26,38,38,4,16,1,0,1,3,0,0,3,0,0,0,0,2,3,1,1963,1963-05-06,958,870,91,205,27,6,16,81,60,3,151,8,12,8,13,19,20,10
27,43,39,11,13,3,1,1,7,2,0,7,0,0,2,1,1,2,0,1963,1963-05-07,1001,909,102,218,30,7,17,88,62,3,158,8,12,10,14,20,22,10
28,46,39,11,13,3,2,3,11,4,0,8,1,1,1,1,0,4,0,1963,1963-05-08,1047,948,113,231,33,9,20,99,66,3,166,9,13,11,15,20,26,10
29,47,37,7,13,2,1,0,7,7,0,7,2,0,1,0,1,0,0,1963,1963-05-09,1094,985,120,244,35,10,20,106,73,3,173,11,13,12,15,21,26,10
30,30,29,2,7,2,0,0,2,1,0,7,0,0,0,0,0,0,0,1963,1963-05-10,1124,1014,122,251,37,10,20,108,74,3,180,11,13,12,15,21,26,10
31,40,35,8,12,1,0,1,7,5,2,6,0,0,0,0,1,1,0,1963,1963-05-11,1164,1049,130,263,38,10,21,115,79,5,186,11,13,12,15,22,27,10
32,34,29,6,7,1,0,1,6,3,1,3,0,0,2,0,0,0,0,1963,1963-05-12,1198,1078,136,270,39,10,22,121,82,6,189,11,13,14,15,22,27,10
33,34,30,1,5,1,0,0,1,4,0,3,0,0,0,0,1,0,0,1963,1963-05-14,1232,1108,137,275,40,10,22,122,86,6,192,11,13,14,15,23,27,10
34,48,42,3,8,2,0,0,3,5,0,6,0,1,0,0,0,1,0,1963,1963-05-15,1280,1150,140,283,42,10,22,125,91,6,198,11,14,14,15,23,28,10
35,33,29,1,7,0,0,0,1,2,1,3,1,1,0,0,1,0,2,1963,1963-05-16,1313,1179,141,290,42,10,22,126,93,7,201,12,15,14,15,24,28,12
36,37,31,9,11,1,1,1,8,5,1,2,0,1,0,0,2,2,1,1963,1963-05-17,1350,1210,150,301,43,11,23,134,98,8,203,12,16,14,15,26,30,13
37,37,31,6,10,0,2,0,6,3,1,3,0,2,1,0,1,1,0,1963,1963-05-18,1387,1241,156,311,43,13,23,140,101,9,206,12,18,15,15,27,31,13
38,32,28,1,7,0,0,0,1,2,0,4,0,1,1,0,0,0,1,1963,,1419,1269,157,318,43,13,23,141,103,9,210,12,19,16,15,27,31,14
39,50,46,4,11,1,0,1,3,4,1,6,0,0,0,1,0,1,0,1963,,1469,1315,161,329,44,13,24,144,107,10,216,12,19,16,16,27,32,14
40,36,29,4,7,3,0,0,4,6,0,3,1,0,0,1,1,1,1,1963,1963-05-21,1505,1344,165,336,47,13,24,148,113,10,219,13,19,16,17,28,33,15
41,36,30,7,11,1,0,2,4,4,0,3,0,1,1,0,1,3,1,1963,1963-05-22,1541,1374,172,347,48,13,26,152,117,10,222,13,20,17,17,29,36,16
42,29,28,1,4,0,0,1,1,1,0,10,0,0,0,0,1,0,0,1963,1963-05-24,1570,1402,173,351,48,13,27,153,118,10,232,13,20,17,17,30,36,16
43,36,33,2,7,1,0,0,2,1,0,4,1,1,0,0,0,0,0,1963,1963-05-25,1606,1435,175,358,49,13,27,155,119,10,236,14,21,17,17,30,36,16
44,42,36,4,6,2,0,0,3,5,0,6,0,1,0,3,0,1,2,1963,1963-05-26,1648,1471,179,364,51,13,27,158,124,10,242,14,22,17,20,30,37,18
45,40,34,7,7,3,0,1,5,5,0,6,0,1,0,1,0,2,1,1963,1963-05-28,1688,1505,186,371,54,13,28,163,129,10,248,14,23,17,21,30,39,19
46,30,25,3,8,1,0,1,3,3,0,4,0,1,1,0,0,0,1,1963,1963-05-29,1718,1530,189,379,55,13,29,166,132,10,252,14,24,18,21,30,39,20
47,39,38,4,12,2,1,1,4,1,0,4,0,0,0,1,2,0,0,1963,1963-05-30,1757,1568,193,391,57,14,30,170,133,10,256,14,24,18,22,32,39,20
48,36,33,4,8,1,0,1,3,2,0,5,0,0,1,1,1,1,0,1963,1963-05-31,1793,1601,197,399,58,14,31,173,135,10,261,14,24,19,23,33,40,20
49,33,30,0,4,0,0,0,0,2,0,8,1,0,0,0,1,2,0,1963,1963-06-01,1826,1631,197,403,58,14,31,173,137,10,269,15,24,19,23,34,42,20
50,39,35,2,7,0,1,0,2,4,0,5,0,0,0,1,0,0,0,1963,1963-06-02,1865,1666,199,410,58,15,31,175,141,10,274,15,24,19,24,34,42,20
51,32,28,1,2,0,1,0,1,3,0,5,0,0,1,0,0,0,0,1963,1963-06-03,1897,1694,200,412,58,16,31,176,144,10,279,15,24,20,24,34,42,20
52,36,33,2,6,2,0,0,1,3,0,7,0,0,0,0,0,3,0,1963,1963-06-04,1933,1727,202,418,60,16,31,177,147,10,286,15,24,20,24,34,45,20
53,40,37,5,10,2,0,0,4,1,0,5,0,1,1,2,0,1,0,1963,1963-06-05,1973,1764,207,428,62,16,31,181,148,10,291,15,25,21,26,34,46,20
54,39,37,4,12,0,1,2,4,2,1,6,0,0,0,0,1,3,1,1963,1963-06-07,2012,1801,211,440,62,17,33,185,150,11,297,15,25,21,26,35,49,21
55,44,37,9,13,0,1,1,8,5,0,3,0,1,1,2,0,0,3,1963,1963-06-08,2056,1838,220,453,62,18,34,193,155,11,300,15,26,22,28,35,49,24
56,43,36,11,13,1,0,1,8,4,1,5,0,2,1,1,0,1,0,1963,1963-06-09,2099,1874,231,466,63,18,35,201,159,12,305,15,28,23,29,35,50,24
57,42,36,3,9,0,1,0,3,6,0,8,0,0,0,0,0,0,0,1963,1963-06-10,2141,1910,234,475,63,19,35,204,165,12,313,15,28,23,29,35,50,24
58,33,33,0,7,0,0,0,0,0,0,4,0,0,0,0,0,0,0,1963,1963-06-11,2174,1943,234,482,63,19,35,204,165,12,317,15,28,23,29,35,50,24
59,38,31,9,13,2,0,1,9,2,0,2,0,1,4,0,1,3,0,1963,1963-06-12,2212,1974,243,495,65,19,36,213,167,12,319,15,29,27,29,36,53,24
60,33,29,3,9,0,0,0,3,3,0,1,0,1,0,0,2,1,0,1963,1963-06-13,2245,2003,246,504,65,19,36,216,170,12,320,15,30,27,29,38,54,24
61,35,34,1,9,1,0,0,0,1,0,2,0,0,0,1,2,0,1,1963,1963-06-14,2280,2037,247,513,66,19,36,216,171,12,322,15,30,27,30,40,54,25
62,32,31,4,9,0,0,0,4,0,0,3,0,1,0,0,1,0,0,1963,1963-06-15,2312,2068,251,522,66,19,36,220,171,12,325,15,31,27,30,41,54,25
63,35,34,3,9,1,0,1,3,1,0,9,0,0,0,0,1,0,0,1963,,2347,2102,254,531,67,19,37,223,172,12,334,15,31,27,30,42,54,25
64,32,31,2,8,1,0,0,2,0,0,3,0,1,0,0,0,0,0,1963,,2379,2133,256,539,68,19,37,225,172,12,337,15,32,27,30,42,54,25
65,37,35,2,9,2,0,0,2,2,1,5,0,0,0,0,0,1,1,1963,1963-06-17,2416,2168,258,548,70,19,37,227,174,13,342,15,32,27,30,42,55,26
66,37,35,3,10,1,0,0,2,2,0,2,0,0,0,0,1,0,0,1963,1963-06-18,2453,2203,261,558,71,19,37,229,176,13,344,15,32,27,30,43,55,26
67,37,35,3,7,2,0,2,3,2,0,7,0,0,0,1,0,0,0,1963,1963-06-19,2490,2238,264,565,73,19,39,232,178,13,351,15,32,27,31,43,55,26
68,38,35,5,8,0,0,1,5,2,0,7,0,1,0,2,0,1,0,1963,1963-06-21,2528,2273,269,573,73,19,40,237,180,13,358,15,33,27,33,43,56,26
69,36,33,1,8,0,0,1,1,1,0,6,1,1,0,0,0,2,0,1963,1963-06-22,2564,2306,270,581,73,19,41,238,181,13,364,16,34,27,33,43,58,26
70,35,32,4,6,1,0,1,4,2,0,6,0,1,0,1,0,1,0,1963,1963-06-23,2599,2338,274,587,74,19,42,242,183,13,370,16,35,27,34,43,59,26
71,38,31,5,7,0,0,1,5,7,1,9,0,0,0,0,0,2,2,1963,1963-06-24,2637,2369,279,594,74,19,43,247,190,14,379,16,35,27,34,43,61,28
72,37,37,4,11,4,0,1,4,0,0,6,0,0,0,0,0,0,0,1963,1963-06-25,2674,2406,283,605,78,19,44,251,190,14,385,16,35,27,34,43,61,28
73,37,35,5,7,2,0,0,5,2,0,12,0,0,0,1,0,1,0,1963,1963-06-26,2711,2441,288,612,80,19,44,256,192,14,397,16,35,27,35,43,62,28
74,29,28,0,3,0,0,0,0,0,0,2,0,1,0,1,1,0,1,1963,1963-06-28,2740,2469,288,615,80,19,44,256,192,14,399,16,36,27,36,44,62,29
75,47,42,6,14,1,0,2,6,3,1,4,0,2,0,0,2,0,0,1963,1963-06-29,2787,2511,294,629,81,19,46,262,195,15,403,16,38,27,36,46,62,29
76,28,27,0,2,0,0,0,0,0,0,1,1,0,0,0,2,0,0,1963,1963-06-30,2815,2538,294,631,81,19,46,262,195,15,404,17,38,27,36,48,62,29
77,30,28,2,4,1,0,1,2,2,1,4,0,0,0,0,1,1,0,1963,1963-07-01,2845,2566,296,635,82,19,47,264,197,16,408,17,38,27,36,49,63,29
78,29,28,1,7,0,0,0,1,1,0,7,0,0,0,0,0,0,2,1963,1963-07-02,2874,2594,297,642,82,19,47,265,198,16,415,17,38,27,36,49,63,31
79,34,30,5,9,0,0,0,4,2,0,4,0,0,2,0,0,1,1,1963,1963-07-03,2908,2624,302,651,82,19,47,269,200,16,419,17,38,29,36,49,64,32
80,38,32,10,11,1,1,1,10,6,0,4,0,0,0,0,1,0,1,1963,1963-07-04,2946,2656,312,662,83,20,48,279,206,16,423,17,38,29,36,50,64,33
81,30,28,1,6,1,0,1,1,1,1,7,0,1,0,0,0,0,1,1963,1963-07-05,2976,2684,313,668,84,20,49,280,207,17,430,17,39,29,36,50,64,34
82,34,33,1,7,1,0,0,1,1,0,5,0,0,0,0,0,0,0,1963,1963-07-06,3010,2717,314,675,85,20,49,281,208,17,435,17,39,29,36,50,64,34
83,36,32,4,9,1,0,0,4,3,1,2,0,1,0,2,1,0,1,1963,,3046,2749,318,684,86,20,49,285,211,18,437,17,40,29,38,51,64,35
84,32,31,3,8,1,0,1,3,1,0,4,0,0,0,0,1,1,0,1963,,3078,2780,321,692,87,20,50,288,212,18,441,17,40,29,38,52,65,35
85,31,30,1,5,0,0,1,1,1,0,1,0,0,0,1,3,0,0,1963,1963-07-10,3109,2810,322,697,87,20,51,289,213,18,442,17,40,29,39,55,65,35
86,33,30,4,7,0,0,1,3,2,0,3,0,0,1,1,3,1,1,1963,1963-07-11,3142,2840,326,704,87,20,52,292,215,18,445,17,40,30,40,58,66,36
87,40,33,6,6,3,0,1,5,6,0,4,1,0,0,2,2,0,0,1963,1963-07-12,3182,2873,332,710,90,20,53,297,221,18,449,18,40,30,42,60,66,36
88,48,41,11,15,2,1,2,11,6,1,3,0,0,1,2,0,0,2,1963,1963-07-13,3230,2914,343,725,92,21,55,308,227,19,452,18,40,31,44,60,66,38
89,25,21,3,7,1,1,0,2,2,0,3,0,1,1,1,2,0,0,1963,1963-07-14,3255,2935,346,732,93,22,55,310,229,19,455,18,41,32,45,62,66,38
90,44,35,4,6,0,0,0,4,8,0,6,0,0,1,0,2,0,1,1963,1963-07-15,3299,2970,350,738,93,22,55,314,237,19,461,18,41,33,45,64,66,39
91,43,37,5,12,4,1,1,5,4,1,8,0,1,1,0,0,0,0,1963,,3342,3007,355,750,97,23,56,319,241,20,469,18,42,34,45,64,66,39
92,37,33,2,8,0,0,0,2,4,0,3,0,0,0,1,2,0,0,1963,,3379,3040,357,758,97,23,56,321,245,20,472,18,42,34,46,66,66,39
93,36,33,3,8,0,1,2,3,2,0,7,0,1,0,0,1,1,0,1963,1963-07-17,3415,3073,360,766,97,24,58,324,247,20,479,18,43,34,46,67,67,39
94,46,43,10,14,2,0,0,10,2,1,8,0,0,1,3,0,2,0,1963,1963-07-18,3461,3116,370,780,99,24,58,334,249,21,487,18,43,35,49,67,69,39
95,34,32,4,6,1,0,2,4,2,0,8,0,0,0,1,2,0,0,1963,1963-07-19,3495,3148,374,786,100,24,60,338,251,21,495,18,43,35,50,69,69,39
96,37,33,5,8,2,0,2,5,2,1,4,0,2,0,0,0,0,0,1963,1963-07-20,3532,3181,379,794,102,24,62,343,253,22,499,18,45,35,50,69,69,39
97,34,34,2,9,1,0,1,2,0,0,4,0,0,0,0,1,0,0,1963,,3566,3215,381,803,103,24,63,345,253,22,503,18,45,35,50,70,69,39
98,43,37,7,12,3,0,2,7,6,2,10,0,0,0,0,1,0,0,1963,,3609,3252,388,815,106,24,65,352,259,24,513,18,45,35,50,71,69,39
99,36,31,6,10,1,0,1,6,4,0,2,0,1,0,0,2,1,0,1963,1963-07-23,3645,3283,394,825,107,24,66,358,263,24,515,18,46,35,50,73,70,39
100,35,29,5,7,1,0,0,4,6,1,4,0,0,0,1,1,1,1,1963,1963-07-24,3680,3312,399,832,108,24,66,362,269,25,519,18,46,35,51,74,71,40
101,36,29,2,5,0,0,0,1,7,0,4,0,0,0,1,3,0,0,1963,1963-07-25,3716,3341,401,837,108,24,66,363,276,25,523,18,46,35,52,77,71,40
102,41,35,5,9,2,0,0,5,4,0,6,0,2,0,2,1,0,0,1963,1963-07-26,3757,3376,406,846,110,24,66,368,280,25,529,18,48,35,54,78,71,40
103,35,32,1,7,2,0,1,1,3,0,9,0,0,0,0,1,0,1,1963,1963-07-27,3792,3408,407,853,112,24,67,369,283,25,538,18,48,35,54,79,71,41
104,37,34,4,12,1,1,0,4,2,0,6,0,1,0,0,1,0,1,1963,1963-07-28,3829,3442,411,865,113,25,67,373,285,25,544,18,49,35,54,80,71,42
105,35,30,6,10,1,0,2,6,4,0,6,0,1,0,0,0,1,3,1963,1963-07-29,3864,3472,417,875,114,25,69,379,289,25,550,18,50,35,54,80,72,45
106,31,30,1,4,0,0,1,1,1,0,6,0,0,0,0,0,0,1,1963,1963-07-30,3895,3502,418,879,114,25,70,380,290,25,556,18,50,35,54,80,72,46
107,31,29,5,6,2,1,0,3,1,0,1,0,0,1,0,0,0,0,1963,1963-07-31,3926,3531,423,885,116,26,70,383,291,25,557,18,50,36,54,80,72,46
108,33,32,1,6,0,1,0,1,1,0,3,0,0,0,1,1,0,1,1963,1963-08-02,3959,3563,424,891,116,27,70,384,292,25,560,18,50,36,55,81,72,47
109,36,33,2,6,0,1,0,2,3,0,7,0,0,0,1,1,2,0,1963,1963-08-03,3995,3596,426,897,116,28,70,386,295,25,567,18,50,36,56,82,74,47
110,37,33,4,8,1,0,0,4,3,0,4,0,1,0,0,0,2,1,1963,1963-08-04,4032,3629,430,905,117,28,70,390,298,25,571,18,51,36,56,82,76,48
111,37,33,4,10,1,0,1,4,2,0,3,0,1,1,0,2,0,0,1963,1963-08-06,4069,3662,434,915,118,28,71,394,300,25,574,18,52,37,56,84,76,48
112,44,42,3,11,0,0,1,3,1,0,6,0,1,0,1,0,1,0,1963,1963-08-07,4113,3704,437,926,118,28,72,397,301,25,580,18,53,37,57,84,77,48
113,35,35,4,6,1,0,3,4,0,0,5,0,0,0,0,0,0,0,1963,1963-08-08,4148,3739,441,932,119,28,75,401,301,25,585,18,53,37,57,84,77,48
114,42,40,4,14,2,0,0,4,1,0,10,1,0,0,0,0,2,1,1963,1963-08-09,4190,3779,445,946,121,28,75,405,302,25,595,19,53,37,57,84,79,49
115,47,39,10,13,4,0,1,9,3,1,6,1,3,1,2,0,1,0,1963,1963-08-10,4237,3818,455,959,125,28,76,414,305,26,601,20,56,38,59,84,80,49
116,35,31,4,7,2,0,2,4,1,0,6,1,1,1,0,1,0,0,1963,1963-08-11,4272,3849,459,966,127,28,78,418,306,26,607,21,57,39,59,85,80,49
117,36,32,3,9,0,1,0,3,2,1,5,0,1,1,0,2,0,0,1963,1963-08-13,4308,3881,462,975,127,29,78,421,308,27,612,21,58,40,59,87,80,49
118,35,32,3,7,0,0,1,3,2,0,8,0,0,1,0,0,0,0,1963,1963-08-14,4343,3913,465,982,127,29,79,424,310,27,620,21,58,41,59,87,80,49
119,36,34,7,8,1,0,2,7,1,0,9,0,0,1,0,0,1,0,1963,1963-08-15,4379,3947,472,990,128,29,81,431,311,27,629,21,58,42,59,87,81,49
120,42,37,9,14,1,0,3,9,3,0,0,0,1,1,1,1,0,1,1963,1963-08-16,4421,3984,481,1004,129,29,84,440,314,27,629,21,59,43,60,88,81,50
121,37,33,3,7,1,0,3,3,4,0,8,0,0,0,1,1,2,1,1963,1963-08-17,4458,4017,484,1011,130,29,87,443,318,27,637,21,59,43,61,89,83,51
122,41,36,7,9,1,0,1,6,4,0,4,1,0,0,2,1,0,0,1963,,4499,4053,491,1020,131,29,88,449,322,27,641,22,59,43,63,90,83,51
123,39,35,3,9,0,1,0,3,4,0,4,0,0,0,0,0,4,1,1963,,4538,4088,494,1029,131,30,88,452,326,27,645,22,59,43,63,90,87,52
124,37,35,7,10,0,0,0,5,1,1,5,1,0,0,1,0,2,0,1963,1963-08-20,4575,4123,501,1039,131,30,88,457,327,28,650,23,59,43,64,90,89,52
125,62,56,2,11,3,0,0,2,4,1,5,1,1,0,0,0,0,1,1963,1963-08-21,4637,4179,503,1050,134,30,88,459,331,29,655,24,60,43,64,90,89,53
126,36,30,2,6,1,0,0,2,4,0,3,0,2,0,0,0,0,1,1963,1963-08-22,4673,4209,505,1056,135,30,88,461,335,29,658,24,62,43,64,90,89,54
127,36,34,1,9,0,0,0,1,2,0,3,0,0,0,1,2,0,0,1963,1963-08-23,4709,4243,506,1065,135,30,88,462,337,29,661,24,62,43,65,92,89,54
128,35,33,1,6,1,0,0,1,2,0,1,0,0,0,2,2,0,1,1963,1963-08-24,4744,4276,507,1071,136,30,88,463,339,29,662,24,62,43,67,94,89,55
129,35,31,2,10,2,0,0,2,3,3,2,0,1,0,0,1,0,1,1963,1963-08-25,4779,4307,509,1081,138,30,88,465,342,32,664,24,63,43,67,95,89,56
130,33,31,1,5,1,0,0,1,2,0,7,0,0,0,0,1,0,0,1963,1963-08-26,4812,4338,510,1086,139,30,88,466,344,32,671,24,63,43,67,96,89,56
131,29,27,3,5,1,0,1,3,2,0,2,0,0,0,0,1,0,1,1963,1963-08-27,4841,4365,513,1091,140,30,89,469,346,32,673,24,63,43,67,97,89,57
132,37,35,5,8,2,0,1,4,2,0,9,0,0,0,0,0,2,0,1963,1963-08-28,4878,4400,518,1099,142,30,90,473,348,32,682,24,63,43,67,97,91,57
133,46,35,11,15,3,0,1,11,8,0,3,0,2,1,1,1,0,0,1963,1963-08-29,4924,4435,529,1114,145,30,91,484,356,32,685,24,65,44,68,98,91,57
134,31,30,3,7,1,1,0,3,1,0,8,0,0,0,0,0,3,0,1963,1963-08-30,4955,4465,532,1121,146,31,91,487,357,32,693,24,65,44,68,98,94,57
135,45,40,3,8,0,0,1,3,3,1,6,0,2,0,0,0,2,0,1963,1963-08-31,5000,4505,535,1129,146,31,92,490,360,33,699,24,67,44,68,98,96,57
136,35,32,5,9,2,0,0,5,2,0,5,0,1,0,0,0,0,0,1963,1963-09-01,5035,4537,540,1138,148,31,92,495,362,33,704,24,68,44,68,98,96,57
137,36,30,7,10,3,2,0,7,4,0,8,0,0,2,0,0,1,1,1963,,5071,4567,547,1148,151,33,92,502,366,33,712,24,68,46,68,98,97,58
138,37,33,7,10,2,0,1,7,3,0,6,0,0,1,0,0,1,0,1963,,5108,4600,554,1158,153,33,93,509,369,33,718,24,68,47,68,98,98,58
139,39,36,4,9,0,0,0,4,1,0,6,0,0,2,0,0,1,0,1963,1963-09-03,5147,4636,558,1167,153,33,93,513,370,33,724,24,68,49,68,98,99,58
140,44,37,1,6,2,0,0,1,6,1,6,0,1,0,1,1,0,1,1963,1963-09-04,5191,4673,559,1173,155,33,93,514,376,34,730,24,69,49,69,99,99,59
141,37,32,4,10,1,0,1,4,3,0,3,0,2,0,1,1,0,1,1963,1963-09-05,5228,4705,563,1183,156,33,94,518,379,34,733,24,71,49,70,100,99,60
142,42,31,5,8,1,0,2,5,7,2,3,0,4,0,1,0,0,0,1963,1963-09-06,5270,4736,568,1191,157,33,96,523,386,36,736,24,75,49,71,100,99,60
143,36,34,3,9,0,0,1,3,2,0,8,0,0,0,1,1,1,2,1963,1963-09-07,5306,4770,571,1200,157,33,97,526,388,36,744,24,75,49,72,101,100,62
144,36,35,4,7,2,0,1,4,1,1,5,0,0,0,2,1,1,0,1963,1963-09-08,5342,4805,575,1207,159,33,98,530,389,37,749,24,75,49,74,102,101,62
145,40,36,4,9,0,0,1,3,4,1,8,0,0,0,1,0,0,0,1963,1963-09-10,5382,4841,579,1216,159,33,99,533,393,38,757,24,75,49,75,102,101,62
146,42,33,9,13,2,0,0,7,5,2,4,1,2,1,0,4,2,0,1963,1963-09-11,5424,4874,588,1229,161,33,99,540,398,40,761,25,77,50,75,106,103,62
147,35,30,5,6,0,0,1,5,3,0,5,0,2,0,0,0,0,1,1963,1963-09-12,5459,4904,593,1235,161,33,100,545,401,40,766,25,79,50,75,106,103,63
148,34,31,2,4,1,0,1,2,3,0,14,0,0,0,0,0,0,0,1963,,5493,4935,595,1239,162,33,101,547,404,40,780,25,79,50,75,106,103,63
149,38,33,2,7,2,0,0,2,4,2,2,0,1,0,0,0,0,0,1963,,5531,4968,597,1246,164,33,101,549,408,42,782,25,80,50,75,106,103,63
150,38,34,5,9,0,1,2,3,3,0,9,0,1,0,0,0,3,1,1963,1963-09-14,5569,5002,602,1255,164,34,103,552,411,42,791,25,81,50,75,106,106,64
151,33,30,1,5,0,0,1,1,3,0,6,0,0,0,0,1,1,0,1963,1963-09-15,5602,5032,603,1260,164,34,104,553,414,42,797,25,81,50,75,107,107,64
152,39,35,3,8,2,0,0,2,4,0,6,0,0,0,1,0,4,0,1963,1963-09-16,5641,5067,606,1268,166,34,104,555,418,42,803,25,81,50,76,107,111,64
153,37,36,4,10,3,0,1,4,1,0,7,0,0,0,0,0,2,0,1963,1963-09-17,5678,5103,610,1278,169,34,105,559,419,42,810,25,81,50,76,107,113,64
154,56,49,6,11,1,0,1,6,5,1,10,0,1,1,2,1,1,0,1963,1963-09-18,5734,5152,616,1289,170,34,106,565,424,43,820,25,82,51,78,108,114,64
155,33,27,2,9,0,0,0,0,4,1,4,0,2,0,0,2,5,1,1963,1963-09-20,5767,5179,618,1298,170,34,106,565,428,44,824,25,84,51,78,110,119,65
156,33,33,5,12,0,0,1,5,0,0,3,0,0,0,0,2,0,1,1963,1963-09-21,5800,5212,623,1310,170,34,107,570,428,44,827,25,84,51,78,112,119,66
157,31,25,0,3,0,0,0,0,6,0,5,0,0,0,1,3,0,2,1963,1963-09-22,5831,5237,623,1313,170,34,107,570,434,44,832,25,84,51,79,115,119,68
158,38,30,4,8,2,0,0,3,8,2,4,0,0,0,0,2,0,0,1963,1963-09-24,5869,5267,627,1321,172,34,107,573,442,46,836,25,84,51,79,117,119,68
159,32,31,1,9,1,0,0,0,1,1,5,0,0,0,0,0,0,1,1963,1963-09-25,5901,5298,628,1330,173,34,107,573,443,47,841,25,84,51,79,117,119,69
160,34,29,5,9,3,0,2,5,4,0,3,0,0,1,0,2,0,1,1963,1963-09-26,5935,5327,633,1339,176,34,109,578,447,47,844,25,84,52,79,119,119,70
161,41,35,3,8,0,0,0,3,4,0,11,1,1,0,0,0,4,0,1963,1963-09-27,5976,5362,636,1347,176,34,109,581,451,47,855,26,85,52,79,119,123,70
162,34,34,3,8,1,0,1,2,0,0,4,0,0,0,1,2,0,0,1963,1963-09-28,6010,5396,639,1355,177,34,110,583,451,47,859,26,85,52,80,121,123,70
163,35,32,1,6,1,0,0,1,2,0,8,0,0,1,0,0,1,0,1963,1963-09-29,6045,5428,640,1361,178,34,110,584,453,47,867,26,85,53,80,121,124,70
1,37,32,3,8,2,1,0,3,4,0,1,1,0,0,0,3,0,0,1962,1962-04-10,37,32,3,8,2,1,0,3,4,0,1,1,0,0,0,3,0,0
2,37,28,6,6,1,2,1,6,7,0,9,0,0,2,0,0,1,0,1962,1962-04-11,74,60,9,14,3,3,1,9,11,0,10,1,0,2,0,3,1,0
3,45,40,11,16,3,1,0,9,4,0,3,1,0,0,1,1,1,0,1962,1962-04-12,119,100,20,30,6,4,1,18,15,0,13,2,0,2,1,4,2,0
4,32,28,6,7,2,0,1,6,3,1,3,0,0,1,0,1,1,1,1962,1962-04-13,151,128,26,37,8,4,2,24,18,1,16,2,0,3,1,5,3,1
5,41,36,5,13,1,0,1,5,4,1,1,0,1,0,0,0,0,0,1962,1962-04-14,192,164,31,50,9,4,3,29,22,2,17,2,1,3,1,5,3,1
6,35,32,3,5,0,1,1,2,3,0,8,0,0,0,2,2,2,0,1962,1962-04-15,227,196,34,55,9,5,4,31,25,2,25,2,1,3,3,7,5,1
7,47,41,8,15,3,0,1,8,4,0,4,1,0,1,1,0,1,0,1962,1962-04-16,274,237,42,70,12,5,5,39,29,2,29,3,1,4,4,7,6,1
8,40,34,8,9,2,1,2,8,5,1,7,0,1,0,1,0,0,0,1962,1962-04-17,314,271,50,79,14,6,7,47,34,3,36,3,2,4,5,7,6,1
9,31,31,0,4,1,0,0,0,0,0,9,0,0,0,0,0,0,0,1962,1962-04-18,345,302,50,83,15,6,7,47,34,3,45,3,2,4,5,7,6,1
10,41,35,4,9,1,1,2,3,6,0,11,0,0,0,0,0,0,0,1962,1962-04-19,386,337,54,92,16,7,9,50,40,3,56,3,2,4,5,7,6,1
11,40,33,4,9,3,0,0,4,5,0,3,0,2,0,1,2,1,0,1962,1962-04-21,426,370,58,101,19,7,9,54,45,3,59,3,4,4,6,9,7,1
12,32,32,3,5,0,0,1,3,0,0,2,0,0,0,2,0,0,1,1962,1962-04-22,458,402,61,106,19,7,10,57,45,3,61,3,4,4,8,9,7,2
13,37,34,5,9,1,0,2,5,2,1,5,0,1,0,0,1,0,0,1962,1962-04-23,495,436,66,115,20,7,12,62,47,4,66,3,5,4,8,10,7,2
14,44,37,10,12,1,1,3,9,5,0,6,0,1,1,1,0,3,1,1962,1962-04-24,539,473,76,127,21,8,15,71,52,4,72,3,6,5,9,10,10,3
15,38,36,6,9,1,0,2,4,1,1,3,0,1,0,2,1,0,0,1962,1962-04-25,577,509,82,136,22,8,17,75,53,5,75,3,7,5,11,11,10,3
16,45,41,12,14,2,1,4,10,4,0,7,0,0,0,3,1,0,0,1962,1962-04-26,622,550,94,150,24,9,21,85,57,5,82,3,7,5,14,12,10,3
17,33,28,7,8,0,0,0,7,4,0,4,0,1,0,0,1,3,0,1962,1962-04-27,655,578,101,158,24,9,21,92,61,5,86,3,8,5,14,13,13,3
18,41,32,2,6,0,0,0,1,8,4,7,0,1,0,2,1,0,0,1962,1962-04-28,696,610,103,164,24,9,21,93,69,9,93,3,9,5,16,14,13,3
19,34,32,1,4,0,0,0,0,2,0,5,0,0,0,1,0,3,0,1962,,730,642,104,168,24,9,21,93,71,9,98,3,9,5,17,14,16,3
20,35,31,0,7,0,0,0,0,4,0,4,0,0,0,0,2,1,0,1962,,765,673,104,175,24,9,21,93,75,9,102,3,9,5,17,16,17,3
21,36,29,3,7,1,0,1,2,6,1,6,0,1,0,1,1,1,0,1962,1962-04-30,801,702,107,182,25,9,22,95,81,10,108,3,10,5,18,17,18,3
22,71,59,6,16,2,0,0,6,10,3,7,0,2,0,1,0,3,1,1962,1962-05-01,872,761,113,198,27,9,22,101,91,13,115,3,12,5,19,17,21,4
23,33,28,1,3,0,0,1,1,5,0,5,0,0,0,0,1,0,1,1962,1962-05-02,905,789,114,201,27,9,23,102,96,13,120,3,12,5,19,18,21,5
24,37,35,4,8,1,1,0,4,1,0,8,0,0,1,1,0,0,0,1962,1962-05-04,942,824,118,209,28,10,23,106,97,13,128,3,12,6,20,18,21,5
25,43,39,10,15,2,0,2,10,3,1,4,0,1,0,0,2,2,0,1962,1962-05-05,985,863,128,224,30,10,25,116,100,14,132,3,13,6,20,20,23,5
26,39,34,6,10,2,1,0,5,4,0,6,0,0,1,1,1,0,2,1962,1962-05-07,1024,897,134,234,32,11,25,121,104,14,138,3,13,7,21,21,23,7
27,48,39,9,15,1,1,0,7,5,0,8,1,1,2,0,1,0,1,1962,1962-05-08,1072,936,143,249,33,12,25,128,109,14,146,4,14,9,21,22,23,8
28,45,40,9,16,2,0,0,8,3,0,4,0,1,1,1,0,0,2,1962,1962-05-09,1117,976,152,265,35,12,25,136,112,14,150,4,15,10,22,22,23,10
29,40,31,6,6,0,1,1,6,6,0,8,1,0,2,1,0,3,1,1962,1962-05-10,1157,1007,158,271,35,13,26,142,118,14,158,5,15,12,23,22,26,11
30,43,36,8,16,1,1,0,8,5,0,3,1,0,1,0,3,3,1,1962,1962-05-11,1200,1043,166,287,36,14,26,150,123,14,161,6,15,13,23,25,29,12
31,64,55,5,11,1,0,3,5,9,1,12,0,0,0,0,0,3,0,1962,1962-05-12,1264,1098,171,298,37,14,29,155,132,15,173,6,15,13,23,25,32,12
32,36,29,4,5,1,0,0,2,4,1,4,0,2,1,1,0,0,1,1962,1962-05-13,1300,1127,175,303,38,14,29,157,136,16,177,6,17,14,24,25,32,13
33,42,37,10,12,2,1,0,10,4,0,5,1,0,0,2,1,2,0,1962,1962-05-15,1342,1164,185,315,40,15,29,167,140,16,182,7,17,14,26,26,34,13
34,37,29,5,6,0,0,0,3,6,0,8,0,2,0,1,0,5,0,1962,1962-05-16,1379,1193,190,321,40,15,29,170,146,16,190,7,19,14,27,26,39,13
35,40,36,5,10,1,0,0,5,3,1,5,0,1,0,0,1,2,0,1962,1962-05-17,1419,1229,195,331,41,15,29,175,149,17,195,7,20,14,27,27,41,13
36,36,36,3,9,0,1,0,3,0,0,2,0,0,0,1,1,0,0,1962,1962-05-18,1455,1265,198,340,41,16,29,178,149,17,197,7,20,14,28,28,41,13
37,36,31,1,6,0,0,0,1,5,1,2,0,0,0,0,2,0,0,1962,1962-05-19,1491,1296,199,346,41,16,29,179,154,18,199,7,20,14,28,30,41,13
38,37,34,3,8,1,0,0,1,3,0,5,0,0,0,0,2,1,0,1962,1962-05-20,1528,1330,202,354,42,16,29,180,157,18,204,7,20,14,28,32,42,13
39,37,33,8,11,3,0,1,8,4,0,7,0,0,0,1,3,2,0,1962,1962-05-21,1565,1363,210,365,45,16,30,188,161,18,211,7,20,14,29,35,44,13
40,36,28,5,9,0,0,1,5,5,0,5,0,3,0,0,1,2,0,1962,1962-05-22,1601,1391,215,374,45,16,31,193,166,18,216,7,23,14,29,36,46,13
41,34,31,3,11,2,0,0,3,2,1,0,0,0,1,0,1,0,1,1962,1962-05-23,1635,1422,218,385,47,16,31,196,168,19,216,7,23,15,29,37,46,14
42,35,28,4,7,0,0,1,4,5,1,4,0,2,0,1,0,0,1,1962,1962-05-24,1670,1450,222,392,47,16,32,200,173,20,220,7,25,15,30,37,46,15
43,49,41,17,18,3,1,1,16,6,0,7,1,0,1,1,0,3,1,1962,1962-05-25,1719,1491,239,410,50,17,33,216,179,20,227,8,25,16,31,37,49,16
44,42,31,6,9,2,0,1,6,9,0,4,1,1,0,0,0,0,1,1962,1962-05-26,1761,1522,245,419,52,17,34,222,188,20,231,9,26,16,31,37,49,17
45,34,31,5,11,1,1,1,5,1,0,4,1,1,0,0,2,1,0,1962,,1795,1553,250,430,53,18,35,227,189,20,235,10,27,16,31,39,50,17
46,34,32,2,7,0,0,0,2,1,1,5,0,1,0,0,0,0,0,1962,,1829,1585,252,437,53,18,35,229,190,21,240,10,28,16,31,39,50,17
47,50,47,13,19,3,1,4,13,3,0,7,0,0,0,1,0,2,0,1962,,1879,1632,265,456,56,19,39,242,193,21,247,10,28,16,32,39,52,17
48,33,31,6,5,0,0,3,6,2,0,5,0,0,0,1,0,0,0,1962,,1912,1663,271,461,56,19,42,248,195,21,252,10,28,16,33,39,52,17
49,38,32,6,10,1,1,1,6,2,0,7,0,3,1,0,0,3,0,1962,1962-05-31,1950,1695,277,471,57,20,43,254,197,21,259,10,31,17,33,39,55,17
50,42,33,11,11,2,3,1,10,7,0,11,0,1,1,0,1,0,1,1962,,1992,1728,288,482,59,23,44,264,204,21,270,10,32,18,33,40,55,18
51,39,33,8,11,1,1,1,8,3,1,4,2,1,0,0,0,0,0,1962,,2031,1761,296,493,60,24,45,272,207,22,274,12,33,18,33,40,55,18
52,33,30,0,4,0,0,0,0,3,0,11,0,0,0,0,0,0,0,1962,1962-06-02,2064,1791,296,497,60,24,45,272,210,22,285,12,33,18,33,40,55,18
53,42,35,5,13,2,0,0,5,6,0,3,0,0,1,0,3,0,0,1962,1962-06-03,2106,1826,301,510,62,24,45,277,216,22,288,12,33,19,33,43,55,18
54,39,32,6,12,2,0,2,5,5,1,8,0,2,0,0,1,1,2,1962,1962-06-04,2145,1858,307,522,64,24,47,282,221,23,296,12,35,19,33,44,56,20
55,35,31,3,7,1,0,1,3,2,0,5,0,2,0,0,1,0,0,1962,,2180,1889,310,529,65,24,48,285,223,23,301,12,37,19,33,45,56,20
56,48,44,8,17,4,0,0,6,4,1,5,0,0,0,2,1,2,0,1962,,2228,1933,318,546,69,24,48,291,227,24,306,12,37,19,35,46,58,20
57,35,32,5,8,0,0,1,5,1,0,4,0,2,0,2,0,1,0,1962,1962-06-06,2263,1965,323,554,69,24,49,296,228,24,310,12,39,19,37,46,59,20
58,34,33,2,5,0,0,1,2,1,0,6,0,0,0,1,0,1,0,1962,1962-06-07,2297,1998,325,559,69,24,50,298,229,24,316,12,39,19,38,46,60,20
59,50,45,4,10,1,1,1,4,3,0,5,0,1,1,0,0,2,1,1962,1962-06-08,2347,2043,329,569,70,25,51,302,232,24,321,12,40,20,38,46,62,21
60,36,33,1,7,0,0,1,1,3,0,4,0,0,0,0,1,2,0,1962,1962-06-09,2383,2076,330,576,70,25,52,303,235,24,325,12,40,20,38,47,64,21
61,50,43,9,17,3,1,0,9,6,1,4,0,1,0,0,0,2,0,1962,,2433,2119,339,593,73,26,52,312,241,25,329,12,41,20,38,47,66,21
62,42,35,9,7,1,1,1,7,5,0,6,1,0,1,3,0,1,0,1962,,2475,2154,348,600,74,27,53,319,246,25,335,13,41,21,41,47,67,21
63,35,33,2,6,2,1,0,2,1,0,8,1,0,0,0,0,0,0,1962,1962-06-12,2510,2187,350,606,76,28,53,321,247,25,343,14,41,21,41,47,67,21
64,34,33,2,7,0,0,1,2,1,0,7,0,0,0,0,1,0,0,1962,1962-06-13,2544,2220,352,613,76,28,54,323,248,25,350,14,41,21,41,48,67,21
65,32,31,1,6,1,0,0,1,1,0,5,0,0,0,0,2,0,0,1962,1962-06-14,2576,2251,353,619,77,28,54,324,249,25,355,14,41,21,41,50,67,21
66,31,31,0,5,0,0,0,0,0,0,1,0,0,0,0,0,0,0,1962,1962-06-15,2607,2282,353,624,77,28,54,324,249,25,356,14,41,21,41,50,67,21
67,30,30,1,3,0,1,0,1,0,0,2,0,0,0,0,0,1,0,1962,1962-06-16,2637,2312,354,627,77,29,54,325,249,25,358,14,41,21,41,50,68,21
68,38,34,6,12,2,0,1,6,3,0,5,0,0,1,0,1,1,0,1962,1962-06-17,2675,2346,360,639,79,29,55,331,252,25,363,14,41,22,41,51,69,21
69,32,28,1,3,0,0,1,1,4,1,8,0,0,0,0,0,2,0,1962,1962-06-18,2707,2374,361,642,79,29,56,332,256,26,371,14,41,22,41,51,71,21
70,30,28,3,6,1,0,1,3,0,0,3,1,1,0,0,1,2,0,1962,1962-06-19,2737,2402,364,648,80,29,57,335,256,26,374,15,42,22,41,52,73,21
71,48,43,4,11,1,0,1,4,5,1,7,0,0,0,1,1,1,0,1962,1962-06-20,2785,2445,368,659,81,29,58,339,261,27,381,15,42,22,42,53,74,21
72,36,33,3,8,1,0,0,3,2,0,5,0,1,0,0,0,1,0,1962,1962-06-22,2821,2478,371,667,82,29,58,342,263,27,386,15,43,22,42,53,75,21
73,46,40,14,19,5,1,0,13,4,0,6,0,1,1,0,1,1,0,1962,1962-06-23,2867,2518,385,686,87,30,58,355,267,27,392,15,44,23,42,54,76,21
74,46,38,10,12,1,0,1,10,8,0,5,0,0,0,0,1,0,0,1962,1962-06-24,2913,2556,395,698,88,30,59,365,275,27,397,15,44,23,42,55,76,21
75,41,38,4,14,2,0,0,4,2,0,8,0,1,0,0,1,0,0,1962,1962-06-25,2954,2594,399,712,90,30,59,369,277,27,405,15,45,23,42,56,76,21
76,32,30,1,5,1,0,0,1,2,0,4,0,0,0,2,4,0,0,1962,1962-06-26,2986,2624,400,717,91,30,59,370,279,27,409,15,45,23,44,60,76,21
77,39,34,6,9,0,0,1,5,3,0,7,2,0,0,2,0,3,0,1962,1962-06-27,3025,2658,406,726,91,30,60,375,282,27,416,17,45,23,46,60,79,21
78,50,46,5,10,2,2,0,4,2,1,4,0,2,0,1,0,1,0,1962,1962-06-28,3075,2704,411,736,93,32,60,379,284,28,420,17,47,23,47,60,80,21
79,38,34,4,8,1,0,1,4,4,0,3,0,0,0,0,2,0,0,1962,1962-06-29,3113,2738,415,744,94,32,61,383,288,28,423,17,47,23,47,62,80,21
80,39,33,5,11,1,1,1,5,6,0,7,0,0,0,0,1,3,1,1962,1962-06-30,3152,2771,420,755,95,33,62,388,294,28,430,17,47,23,47,63,83,22
81,31,29,5,8,0,1,2,5,2,0,3,0,0,0,1,2,1,0,1962,1962-07-01,3183,2800,425,763,95,34,64,393,296,28,433,17,47,23,48,65,84,22
82,33,30,5,9,1,0,1,4,3,0,4,0,0,0,0,0,1,1,1962,,3216,2830,430,772,96,34,65,397,299,28,437,17,47,23,48,65,85,23
83,31,28,4,6,0,1,1,4,1,1,8,0,1,1,0,0,0,0,1962,,3247,2858,434,778,96,35,66,401,300,29,445,17,48,24,48,65,85,23
84,46,41,16,18,5,1,1,16,5,2,5,0,0,0,0,0,2,0,1962,,3293,2899,450,796,101,36,67,417,305,31,450,17,48,24,48,65,87,23
85,39,32,7,12,2,0,1,7,5,0,4,0,1,1,1,1,2,0,1962,,3332,2931,457,808,103,36,68,424,310,31,454,17,49,25,49,66,89,23
86,44,40,11,14,1,1,4,11,3,0,3,0,0,1,1,0,4,1,1962,1962-07-05,3376,2971,468,822,104,37,72,435,313,31,457,17,49,26,50,66,93,24
87,36,31,3,5,1,0,1,3,4,0,13,0,0,1,1,0,0,0,1962,1962-07-06,3412,3002,471,827,105,37,73,438,317,31,470,17,49,27,51,66,93,24
88,33,31,3,5,1,2,1,3,2,0,8,0,0,0,0,0,0,0,1962,1962-07-07,3445,3033,474,832,106,39,74,441,319,31,478,17,49,27,51,66,93,24
89,38,36,2,12,2,0,0,2,2,0,3,0,0,0,0,3,1,0,1962,1962-07-08,3483,3069,476,844,108,39,74,443,321,31,481,17,49,27,51,69,94,24
90,35,31,3,7,3,1,0,3,2,0,5,1,1,0,0,1,0,1,1962,1962-07-12,3518,3100,479,851,111,40,74,446,323,31,486,18,50,27,51,70,94,25
91,36,35,5,10,1,1,2,4,1,0,1,0,0,0,1,2,1,0,1962,1962-07-13,3554,3135,484,861,112,41,76,450,324,31,487,18,50,27,52,72,95,25
92,50,41,17,16,2,2,3,17,8,0,5,0,0,1,0,0,0,0,1962,1962-07-14,3604,3176,501,877,114,43,79,467,332,31,492,18,50,28,52,72,95,25
93,39,36,9,11,2,0,3,9,0,0,6,0,2,1,2,0,1,0,1962,,3643,3212,510,888,116,43,82,476,332,31,498,18,52,29,54,72,96,25
94,31,30,1,5,1,2,0,1,0,0,7,1,0,0,0,0,0,1,1962,,3674,3242,511,893,117,45,82,477,332,31,505,19,52,29,54,72,96,26
95,40,37,5,9,2,1,0,5,3,0,6,0,0,0,1,0,0,0,1962,1962-07-17,3714,3279,516,902,119,46,82,482,335,31,511,19,52,29,55,72,96,26
96,43,40,6,7,0,0,2,6,2,0,8,1,0,0,1,1,1,0,1962,1962-07-18,3757,3319,522,909,119,46,84,488,337,31,519,20,52,29,56,73,97,26
97,37,31,3,7,1,0,1,3,5,2,1,0,1,0,0,0,1,1,1962,1962-07-19,3794,3350,525,916,120,46,85,491,342,33,520,20,53,29,56,73,98,27
98,42,36,8,11,1,0,1,8,6,1,7,0,0,0,1,0,1,1,1962,1962-07-20,3836,3386,533,927,121,46,86,499,348,34,527,20,53,29,57,73,99,28
99,38,34,3,10,1,0,0,3,3,1,5,0,1,0,0,0,0,0,1962,1962-07-21,3874,3420,536,937,122,46,86,502,351,35,532,20,54,29,57,73,99,28
100,37,34,13,15,2,2,2,13,1,0,4,0,1,1,0,1,3,0,1962,1962-07-22,3911,3454,549,952,124,48,88,515,352,35,536,20,55,30,57,74,102,28
101,44,37,9,9,0,0,3,8,6,0,7,0,1,0,2,0,0,1,1962,1962-07-23,3955,3491,558,961,124,48,91,523,358,35,543,20,56,30,59,74,102,29
102,33,28,2,4,2,1,0,2,5,0,7,0,0,0,0,0,1,0,1962,1962-07-24,3988,3519,560,965,126,49,91,525,363,35,550,20,56,30,59,74,103,29
103,41,37,5,14,0,2,1,5,1,0,3,1,1,1,0,1,0,0,1962,1962-07-25,4029,3556,565,979,126,51,92,530,364,35,553,21,57,31,59,75,103,29
104,32,30,3,7,0,0,1,3,2,0,2,0,0,0,1,0,2,1,1962,1962-07-27,4061,3586,568,986,126,51,93,533,366,35,555,21,57,31,60,75,105,30
105,42,39,8,16,1,0,2,8,3,1,6,0,0,0,0,0,2,1,1962,1962-07-28,4103,3625,576,1002,127,51,95,541,369,36,561,21,57,31,60,75,107,31
106,43,37,11,16,3,0,1,11,5,0,5,0,0,1,0,2,2,0,1962,1962-07-29,4146,3662,587,1018,130,51,96,552,374,36,566,21,57,32,60,77,109,31
107,32,32,1,8,0,0,1,1,0,0,6,0,0,0,0,3,1,0,1962,1962-08-01,4178,3694,588,1026,130,51,97,553,374,36,572,21,57,32,60,80,110,31
108,37,32,5,9,2,0,1,4,4,2,5,0,1,0,1,1,2,0,1962,1962-08-02,4215,3726,593,1035,132,51,98,557,378,38,577,21,58,32,61,81,112,31
109,41,32,8,11,1,1,0,7,7,0,6,0,1,0,1,2,3,0,1962,1962-08-03,4256,3758,601,1046,133,52,98,564,385,38,583,21,59,32,62,83,115,31
110,36,29,5,6,0,0,2,4,7,0,3,0,0,0,0,1,4,0,1962,1962-08-04,4292,3787,606,1052,133,52,100,568,392,38,586,21,59,32,62,84,119,31
111,57,48,4,15,3,0,0,4,6,4,7,0,3,0,0,1,1,0,1962,,4349,3835,610,1067,136,52,100,572,398,42,593,21,62,32,62,85,120,31
112,31,29,2,3,0,0,1,2,2,0,2,0,0,0,1,1,0,1,1962,,4380,3864,612,1070,136,52,101,574,400,42,595,21,62,32,63,86,120,32
113,28,28,2,5,0,0,0,1,0,0,2,0,0,0,0,1,1,0,1962,1962-08-06,4408,3892,614,1075,136,52,101,575,400,42,597,21,62,32,63,87,121,32
114,38,31,7,8,1,1,0,7,7,1,2,0,0,0,0,1,1,0,1962,1962-08-07,4446,3923,621,1083,137,53,101,582,407,43,599,21,62,32,63,88,122,32
115,33,26,3,4,0,0,1,3,6,1,7,0,0,1,0,1,2,0,1962,1962-08-08,4479,3949,624,1087,137,53,102,585,413,44,606,21,62,33,63,89,124,32
116,37,32,8,9,0,2,1,7,5,0,12,0,0,0,0,1,1,0,1962,1962-08-09,4516,3981,632,1096,137,55,103,592,418,44,618,21,62,33,63,90,125,32
117,33,32,2,5,0,0,0,2,1,0,5,0,0,0,0,0,0,0,1962,1962-08-10,4549,4013,634,1101,137,55,103,594,419,44,623,21,62,33,63,90,125,32
118,33,32,4,6,0,0,1,4,0,0,3,1,0,0,1,2,0,0,1962,1962-08-11,4582,4045,638,1107,137,55,104,598,419,44,626,22,62,33,64,92,125,32
119,32,30,1,4,0,0,1,1,1,1,8,0,1,0,0,0,1,0,1962,1962-08-12,4614,4075,639,1111,137,55,105,599,420,45,634,22,63,33,64,92,126,32
120,34,32,1,9,0,1,1,1,2,0,3,0,0,0,0,2,0,1,1962,1962-08-14,4648,4107,640,1120,137,56,106,600,422,45,637,22,63,33,64,94,126,33
121,38,36,3,11,1,0,2,3,2,1,4,0,0,0,0,2,0,0,1962,1962-08-15,4686,4143,643,1131,138,56,108,603,424,46,641,22,63,33,64,96,126,33
122,44,38,7,14,1,0,1,7,4,2,4,0,1,1,0,1,4,0,1962,1962-08-16,4730,4181,650,1145,139,56,109,610,428,48,645,22,64,34,64,97,130,33
123,39,35,6,10,2,0,1,6,3,1,8,0,1,0,0,0,2,1,1962,1962-08-17,4769,4216,656,1155,141,56,110,616,431,49,653,22,65,34,64,97,132,34
124,31,30,1,4,2,0,0,1,1,0,11,0,0,0,0,0,0,1,1962,1962-08-18,4800,4246,657,1159,143,56,110,617,432,49,664,22,65,34,64,97,132,35
125,42,33,5,9,1,0,2,5,6,0,5,1,2,0,1,2,3,0,1962,1962-08-19,4842,4279,662,1168,144,56,112,622,438,49,669,23,67,34,65,99,135,35
126,41,38,3,11,2,0,2,3,1,1,6,0,2,0,0,1,3,0,1962,1962-08-20,4883,4317,665,1179,146,56,114,625,439,50,675,23,69,34,65,100,138,35
127,30,28,1,3,0,0,1,1,2,0,6,0,0,0,0,1,0,1,1962,1962-08-22,4913,4345,666,1182,146,56,115,626,441,50,681,23,69,34,65,101,138,36
128,37,33,4,8,1,1,0,4,4,0,5,0,0,0,0,0,1,1,1962,1962-08-23,4950,4378,670,1190,147,57,115,630,445,50,686,23,69,34,65,101,139,37
129,39,33,3,6,1,0,1,3,5,0,2,0,0,1,3,2,1,0,1962,1962-08-24,4989,4411,673,1196,148,57,116,633,450,50,688,23,69,35,68,103,140,37
130,42,38,8,15,1,0,4,7,3,0,7,0,0,1,0,2,0,0,1962,1962-08-25,5031,4449,681,1211,149,57,120,640,453,50,695,23,69,36,68,105,140,37
131,49,41,16,13,1,1,2,13,6,0,7,1,1,0,3,1,4,0,1962,1962-08-26,5080,4490,697,1224,150,58,122,653,459,50,702,24,70,36,71,106,144,37
132,40,34,8,11,1,0,2,7,3,0,4,2,1,0,0,0,3,0,1962,1962-08-28,5120,4524,705,1235,151,58,124,660,462,50,706,26,71,36,71,106,147,37
133,53,42,2,8,2,1,0,2,9,3,4,0,2,0,1,2,1,0,1962,1962-08-29,5173,4566,707,1243,153,59,124,662,471,53,710,26,73,36,72,108,148,37
134,38,37,4,10,0,0,0,4,1,0,6,0,0,0,1,1,1,0,1962,1962-08-30,5211,4603,711,1253,153,59,124,666,472,53,716,26,73,36,73,109,149,37
135,43,41,8,19,4,0,0,8,2,1,3,0,0,0,0,1,0,0,1962,1962-08-31,5254,4644,719,1272,157,59,124,674,474,54,719,26,73,36,73,110,149,37
136,34,31,5,8,3,0,1,5,3,1,5,0,0,0,0,0,2,1,1962,1962-09-01,5288,4675,724,1280,160,59,125,679,477,55,724,26,73,36,73,110,151,38
137,39,34,8,13,2,1,0,8,3,0,5,0,0,2,1,1,2,0,1962,1962-09-02,5327,4709,732,1293,162,60,125,687,480,55,729,26,73,38,74,111,153,38
138,35,35,3,8,2,1,0,3,0,0,5,0,0,0,0,0,0,0,1962,1962-09-03,5362,4744,735,1301,164,61,125,690,480,55,734,26,73,38,74,111,153,38
139,33,29,5,7,1,2,0,4,4,0,4,0,0,0,0,1,1,0,1962,1962-09-04,5395,4773,740,1308,165,63,125,694,484,55,738,26,73,38,74,112,154,38
140,32,32,0,6,0,0,0,0,0,0,5,0,0,0,0,0,0,0,1962,1962-09-05,5427,4805,740,1314,165,63,125,694,484,55,743,26,73,38,74,112,154,38
141,41,35,6,8,2,0,2,5,5,0,4,0,0,1,1,0,2,0,1962,1962-09-06,5468,4840,746,1322,167,63,127,699,489,55,747,26,73,39,75,112,156,38
142,33,30,1,4,0,0,1,1,3,0,9,0,0,0,0,0,4,1,1962,1962-09-07,5501,4870,747,1326,167,63,128,700,492,55,756,26,73,39,75,112,160,39
143,41,33,6,11,1,1,0,5,7,3,10,0,1,0,0,0,1,0,1962,1962-09-08,5542,4903,753,1337,168,64,128,705,499,58,766,26,74,39,75,112,161,39
144,36,31,5,10,2,0,1,4,3,1,5,0,1,1,0,0,3,0,1962,1962-09-09,5578,4934,758,1347,170,64,129,709,502,59,771,26,75,40,75,112,164,39
145,37,32,8,11,0,0,1,7,3,0,5,0,1,1,1,2,4,0,1962,1962-09-10,5615,4966,766,1358,170,64,130,716,505,59,776,26,76,41,76,114,168,39
146,36,32,3,9,0,0,0,2,2,0,6,0,1,1,1,0,2,0,1962,1962-09-11,5651,4998,769,1367,170,64,130,718,507,59,782,26,77,42,77,114,170,39
147,30,30,1,3,0,0,1,1,0,0,10,0,0,0,0,0,0,0,1962,1962-09-12,5681,5028,770,1370,170,64,131,719,507,59,792,26,77,42,77,114,170,39
148,45,36,13,13,1,0,2,12,6,0,5,2,1,0,1,1,1,1,1962,1962-09-14,5726,5064,783,1383,171,64,133,731,513,59,797,28,78,42,78,115,171,40
149,45,30,6,6,1,0,0,3,11,1,3,2,1,1,2,2,5,0,1962,1962-09-15,5771,5094,789,1389,172,64,133,734,524,60,800,30,79,43,80,117,176,40
150,34,30,0,4,0,0,0,0,4,0,6,0,0,0,0,0,0,1,1962,1962-09-16,5805,5124,789,1393,172,64,133,734,528,60,806,30,79,43,80,117,176,41
151,33,31,1,5,2,0,1,1,2,0,3,0,0,0,0,0,1,0,1962,1962-09-17,5838,5155,790,1398,174,64,134,735,530,60,809,30,79,43,80,117,177,41
152,40,34,5,9,2,0,2,5,5,0,4,0,0,1,0,2,1,0,1962,1962-09-18,5878,5189,795,1407,176,64,136,740,535,60,813,30,79,44,80,119,178,41
153,34,29,4,6,0,0,1,3,4,0,8,0,1,0,0,2,2,0,1962,1962-09-19,5912,5218,799,1413,176,64,137,743,539,60,821,30,80,44,80,121,180,41
154,35,31,2,5,2,0,0,2,3,0,6,0,1,0,0,0,1,0,1962,1962-09-21,5947,5249,801,1418,178,64,137,745,542,60,827,30,81,44,80,121,181,41
155,36,33,4,6,1,0,1,4,3,0,4,0,0,0,1,1,0,0,1962,1962-09-22,5983,5282,805,1424,179,64,138,749,545,60,831,30,81,44,81,122,181,41
156,40,38,2,12,2,0,0,2,1,0,6,1,0,0,0,0,2,0,1962,1962-09-23,6023,5320,807,1436,181,64,138,751,546,60,837,31,81,44,81,122,183,41
157,40,37,2,9,1,0,0,1,2,1,7,0,0,1,0,0,4,1,1962,1962-09-25,6063,5357,809,1445,182,64,138,752,548,61,844,31,81,45,81,122,187,42
158,46,41,13,17,2,0,1,12,5,1,7,0,0,0,0,0,3,0,1962,1962-09-26,6109,5398,822,1462,184,64,139,764,553,62,851,31,81,45,81,122,190,42
159,42,41,6,14,1,1,0,5,1,0,4,0,0,0,1,1,0,0,1962,1962-09-27,6151,5439,828,1476,185,65,139,769,554,62,855,31,81,45,82,123,190,42
160,40,38,2,9,2,0,0,2,2,0,2,0,0,0,1,1,0,0,1962,1962-09-28,6191,5477,830,1485,187,65,139,771,556,62,857,31,81,45,83,124,190,42
161,32,29,0,2,0,0,0,0,3,0,9,0,0,0,1,1,2,0,1962,1962-09-29,6223,5506,830,1487,187,65,139,771,559,62,866,31,81,45,84,125,192,42
162,29,28,0,5,1,0,0,0,1,0,4,0,0,0,0,1,1,0,1962,1962-09-30,6252,5534,830,1492,188,65,139,771,560,62,870,31,81,45,84,126,193,42
163,31,30,0,3,1,0,0,0,1,0,6,0,0,0,0,0,0,0,1962,1962-10-01,6283,5564,830,1495,189,65,139,771,561,62,876,31,81,45,84,126,193,42
164,41,29,8,7,2,0,0,7,8,1,7,1,1,2,0,0,1,1,1962,1962-10-02,6324,5593,838,1502,191,65,139,778,569,63,883,32,82,47,84,126,194,43
165,39,35,4,8,1,0,1,3,3,2,3,0,1,0,1,0,4,0,1962,1962-10-03,6363,5628,842,1510,192,65,140,781,572,65,886,32,83,47,85,126,198,43
1,33,28,6,11,1,0,1,6,3,1,2,0,2,0,0,1,0,2,1961,1961-04-11,33,28,6,11,1,0,1,6,3,1,2,0,2,0,0,1,0,2
2,32,28,3,6,0,0,1,3,1,0,5,1,2,0,0,0,0,0,1961,1961-04-12,65,56,9,17,1,0,2,9,4,1,7,1,4,0,0,1,0,2
3,44,36,7,10,3,0,1,6,6,2,10,0,2,0,2,1,3,0,1961,1961-04-13,109,92,16,27,4,0,3,15,10,3,17,1,6,0,2,2,3,2
4,40,37,3,12,1,0,1,3,3,0,6,0,0,0,1,3,0,0,1961,1961-04-14,149,129,19,39,5,0,4,18,13,3,23,1,6,0,3,5,3,2
5,34,31,1,8,2,1,0,1,2,0,2,0,1,0,1,3,0,0,1961,1961-04-15,183,160,20,47,7,1,4,19,15,3,25,1,7,0,4,8,3,2
6,47,39,13,14,1,1,3,11,8,1,2,0,0,0,1,1,0,0,1961,1961-04-16,230,199,33,61,8,2,7,30,23,4,27,1,7,0,5,9,3,2
7,41,33,5,10,3,0,1,4,6,1,4,1,1,0,0,1,0,2,1961,1961-04-17,271,232,38,71,11,2,8,34,29,5,31,2,8,0,5,10,3,4
8,39,32,5,10,1,0,3,5,5,1,3,0,2,0,1,0,0,1,1961,1961-04-18,310,264,43,81,12,2,11,39,34,6,34,2,10,0,6,10,3,5
9,36,31,7,12,3,0,2,6,5,0,6,0,0,0,0,1,0,0,1961,1961-04-19,346,295,50,93,15,2,13,45,39,6,40,2,10,0,6,11,3,5
10,38,35,2,9,2,0,1,2,3,0,6,0,0,0,1,1,0,0,1961,1961-04-20,384,330,52,102,17,2,14,47,42,6,46,2,10,0,7,12,3,5
11,36,32,5,8,0,0,2,4,3,1,3,1,0,0,1,0,1,1,1961,1961-04-21,420,362,57,110,17,2,16,51,45,7,49,3,10,0,8,12,4,6
12,29,25,1,4,2,0,0,1,3,0,4,0,1,0,0,0,0,1,1961,1961-04-22,449,387,58,114,19,2,16,52,48,7,53,3,11,0,8,12,4,7
13,31,30,5,9,3,0,2,5,0,0,4,0,1,0,0,0,0,1,1961,1961-04-23,480,417,63,123,22,2,18,57,48,7,57,3,12,0,8,12,4,8
14,37,31,1,4,0,0,0,1,6,0,6,0,0,0,1,0,0,0,1961,1961-04-25,517,448,64,127,22,2,18,58,54,7,63,3,12,0,9,12,4,8
15,39,36,5,10,1,0,2,5,3,0,11,0,0,0,0,0,0,1,1961,1961-04-26,556,484,69,137,23,2,20,63,57,7,74,3,12,0,9,12,4,9
16,41,36,9,10,1,1,3,8,4,0,10,0,1,0,2,0,1,0,1961,1961-04-29,597,520,78,147,24,3,23,71,61,7,84,3,13,0,11,12,5,9
17,33,32,2,6,1,0,1,2,1,0,5,0,0,0,0,0,0,1,1961,,630,552,80,153,25,3,24,73,62,7,89,3,13,0,11,12,5,10
18,42,38,5,11,1,1,3,5,4,0,6,0,0,0,1,1,0,0,1961,,672,590,85,164,26,4,27,78,66,7,95,3,13,0,12,13,5,10
19,46,38,11,12,3,0,3,9,6,0,5,0,1,1,1,0,1,0,1961,1961-05-02,718,628,96,176,29,4,30,87,72,7,100,3,14,1,13,13,6,10
20,31,29,1,2,1,0,0,1,2,0,9,0,0,0,0,0,0,0,1961,1961-05-03,749,657,97,178,30,4,30,88,74,7,109,3,14,1,13,13,6,10
21,43,38,6,9,1,0,2,4,5,0,5,0,0,0,2,1,0,1,1961,1961-05-04,792,695,103,187,31,4,32,92,79,7,114,3,14,1,15,14,6,11
22,47,42,10,15,4,1,0,9,4,2,4,0,0,1,2,0,0,0,1961,1961-05-05,839,737,113,202,35,5,32,101,83,9,118,3,14,2,17,14,6,11
23,35,35,5,8,1,1,1,5,0,0,6,0,0,0,1,1,0,0,1961,1961-05-06,874,772,118,210,36,6,33,106,83,9,124,3,14,2,18,15,6,11
24,34,32,4,6,0,0,3,4,1,0,6,0,1,0,0,0,1,0,1961,1961-05-07,908,804,122,216,36,6,36,110,84,9,130,3,15,2,18,15,7,11
25,43,39,4,11,1,0,1,4,3,1,3,0,1,0,1,1,2,1,1961,1961-05-08,951,843,126,227,37,6,37,114,87,10,133,3,16,2,19,16,9,12
26,32,27,5,8,1,0,2,5,3,1,5,0,0,2,2,0,0,0,1961,1961-05-09,983,870,131,235,38,6,39,119,90,11,138,3,16,4,21,16,9,12
27,38,34,6,8,0,1,1,6,3,0,4,1,0,0,1,1,0,1,1961,1961-05-10,1021,904,137,243,38,7,40,125,93,11,142,4,16,4,22,17,9,13
28,37,27,4,5,0,0,1,4,8,0,4,0,2,0,1,0,1,0,1961,1961-05-12,1058,931,141,248,38,7,41,129,101,11,146,4,18,4,23,17,10,13
29,39,35,7,12,1,1,0,5,3,0,7,0,0,1,1,1,0,0,1961,1961-05-13,1097,966,148,260,39,8,41,134,104,11,153,4,18,5,24,18,10,13
30,47,41,8,11,0,0,5,7,4,1,4,0,2,0,1,2,1,0,1961,1961-05-14,1144,1007,156,271,39,8,46,141,108,12,157,4,20,5,25,20,11,13
31,38,35,5,7,0,1,1,4,2,0,3,0,0,1,2,0,1,0,1961,1961-05-15,1182,1042,161,278,39,9,47,145,110,12,160,4,20,6,27,20,12,13
32,37,30,3,4,0,0,1,3,7,0,2,0,0,0,0,1,0,0,1961,1961-05-16,1219,1072,164,282,39,9,48,148,117,12,162,4,20,6,27,21,12,13
33,45,38,2,9,2,1,1,2,7,2,8,0,0,0,0,1,0,0,1961,1961-05-17,1264,1110,166,291,41,10,49,150,124,14,170,4,20,6,27,22,12,13
34,42,38,8,12,1,0,2,8,4,1,14,0,0,0,0,0,0,1,1961,1961-05-19,1306,1148,174,303,42,10,51,158,128,15,184,4,20,6,27,22,12,14
35,40,36,4,11,1,0,3,4,3,1,6,0,1,0,0,1,1,0,1961,1961-05-20,1346,1184,178,314,43,10,54,162,131,16,190,4,21,6,27,23,13,14
36,39,30,3,7,0,0,2,3,8,1,2,0,1,0,0,1,2,1,1961,1961-05-21,1385,1214,181,321,43,10,56,165,139,17,192,4,22,6,27,24,15,15
37,42,37,2,10,2,0,0,2,3,0,1,0,2,0,0,0,1,1,1961,1961-05-22,1427,1251,183,331,45,10,56,167,142,17,193,4,24,6,27,24,16,16
38,37,31,0,5,0,0,0,0,6,0,7,0,0,0,0,0,0,0,1961,1961-05-23,1464,1282,183,336,45,10,56,167,148,17,200,4,24,6,27,24,16,16
39,41,34,2,8,0,0,1,2,7,0,3,0,0,0,1,0,0,0,1961,1961-05-24,1505,1316,185,344,45,10,57,169,155,17,203,4,24,6,28,24,16,16
40,35,30,1,5,1,0,1,1,5,0,9,0,0,0,0,2,0,0,1961,1961-05-25,1540,1346,186,349,46,10,58,170,160,17,212,4,24,6,28,26,16,16
41,34,32,2,7,0,0,0,2,2,0,0,0,0,0,1,4,0,0,1961,1961-05-26,1574,1378,188,356,46,10,58,172,162,17,212,4,24,6,29,30,16,16
42,43,37,8,11,0,2,3,8,5,1,4,1,0,0,0,1,0,0,1961,1961-05-27,1617,1415,196,367,46,12,61,180,167,18,216,5,24,6,29,31,16,16
43,40,36,4,14,3,0,0,4,3,0,0,0,1,0,0,1,1,1,1961,1961-05-28,1657,1451,200,381,49,12,61,184,170,18,216,5,25,6,29,32,17,17
44,33,30,2,7,0,0,0,1,2,1,9,0,1,0,0,0,0,0,1961,1961-05-29,1690,1481,202,388,49,12,61,185,172,19,225,5,26,6,29,32,17,17
45,36,30,5,6,3,0,1,3,6,1,7,0,0,0,0,0,1,0,1961,1961-05-30,1726,1511,207,394,52,12,62,188,178,20,232,5,26,6,29,32,18,17
46,41,34,7,7,2,1,1,4,6,0,8,1,0,0,0,1,3,0,1961,1961-05-31,1767,1545,214,401,54,13,63,192,184,20,240,6,26,6,29,33,21,17
47,41,31,6,7,1,0,3,6,8,3,1,1,1,0,1,2,0,0,1961,1961-06-02,1808,1576,220,408,55,13,66,198,192,23,241,7,27,6,30,35,21,17
48,34,31,4,9,2,0,1,3,1,0,4,1,0,1,1,0,0,2,1961,1961-06-03,1842,1607,224,417,57,13,67,201,193,23,245,8,27,7,31,35,21,19
49,37,35,2,6,1,0,1,2,2,0,9,0,0,0,2,0,0,0,1961,1961-06-04,1879,1642,226,423,58,13,68,203,195,23,254,8,27,7,33,35,21,19
50,37,34,2,9,0,1,0,2,2,0,2,0,1,0,0,0,0,0,1961,1961-06-05,1916,1676,228,432,58,14,68,205,197,23,256,8,28,7,33,35,21,19
51,39,35,8,10,2,1,1,7,3,0,5,0,0,1,2,0,0,0,1961,1961-06-06,1955,1711,236,442,60,15,69,212,200,23,261,8,28,8,35,35,21,19
52,42,34,7,9,1,0,1,5,8,1,6,0,0,0,1,0,0,0,1961,1961-06-07,1997,1745,243,451,61,15,70,217,208,24,267,8,28,8,36,35,21,19
53,35,34,2,7,1,0,1,2,1,0,3,0,0,0,3,1,0,1,1961,1961-06-08,2032,1779,245,458,62,15,71,219,209,24,270,8,28,8,39,36,21,20
54,32,27,3,6,1,0,1,3,4,1,4,0,1,0,0,1,0,1,1961,1961-06-09,2064,1806,248,464,63,15,72,222,213,25,274,8,29,8,39,37,21,21
55,34,31,5,7,1,1,3,5,3,0,4,0,0,0,1,0,1,0,1961,1961-06-10,2098,1837,253,471,64,16,75,227,216,25,278,8,29,8,40,37,22,21
56,39,35,6,14,2,0,3,6,3,0,7,0,1,0,0,1,2,0,1961,1961-06-11,2137,1872,259,485,66,16,78,233,219,25,285,8,30,8,40,38,24,21
57,39,35,4,7,4,0,0,4,4,0,13,0,0,0,1,0,0,0,1961,1961-06-12,2176,1907,263,492,70,16,78,237,223,25,298,8,30,8,41,38,24,21
58,41,36,3,9,0,0,1,3,4,0,8,1,0,0,0,0,1,0,1961,1961-06-13,2217,1943,266,501,70,16,79,240,227,25,306,9,30,8,41,38,25,21
59,39,32,7,11,1,0,2,5,5,0,6,1,0,1,1,0,0,0,1961,1961-06-14,2256,1975,273,512,71,16,81,245,232,25,312,10,30,9,42,38,25,21
60,48,38,6,6,0,0,1,6,4,1,1,2,3,1,1,1,0,0,1961,1961-06-15,2304,2013,279,518,71,16,82,251,236,26,313,12,33,10,43,39,25,21
61,33,32,1,5,0,0,1,1,1,0,5,0,0,0,0,0,1,0,1961,1961-06-16,2337,2045,280,523,71,16,83,252,237,26,318,12,33,10,43,39,26,21
62,33,29,3,7,0,0,1,3,3,0,4,0,1,0,0,1,1,0,1961,1961-06-17,2370,2074,283,530,71,16,84,255,240,26,322,12,34,10,43,40,27,21
63,36,32,2,8,1,0,0,2,3,0,3,1,0,0,0,3,0,0,1961,1961-06-18,2406,2106,285,538,72,16,84,257,243,26,325,13,34,10,43,43,27,21
64,37,34,3,6,0,1,0,3,3,0,8,0,0,0,1,0,2,0,1961,1961-06-20,2443,2140,288,544,72,17,84,260,246,26,333,13,34,10,44,43,29,21
65,36,34,4,7,3,0,0,4,1,0,5,0,1,0,3,2,0,0,1961,,2479,2174,292,551,75,17,84,264,247,26,338,13,35,10,47,45,29,21
66,39,29,4,5,1,0,0,3,8,1,4,0,2,0,0,0,0,0,1961,,2518,2203,296,556,76,17,84,267,255,27,342,13,37,10,47,45,29,21
67,39,34,5,10,1,0,3,5,5,0,4,0,0,0,0,2,0,0,1961,1961-06-22,2557,2237,301,566,77,17,87,272,260,27,346,13,37,10,47,47,29,21
68,41,36,4,12,2,0,1,4,2,0,5,1,2,0,0,1,0,0,1961,1961-06-23,2598,2273,305,578,79,17,88,276,262,27,351,14,39,10,47,48,29,21
69,48,40,9,15,2,0,5,9,8,1,7,0,0,0,0,1,1,0,1961,1961-06-24,2646,2313,314,593,81,17,93,285,270,28,358,14,39,10,47,49,30,21
70,38,31,2,6,1,0,0,2,7,0,6,0,0,0,0,0,0,1,1961,1961-06-25,2684,2344,316,599,82,17,93,287,277,28,364,14,39,10,47,49,30,22
71,45,36,9,16,1,1,0,9,4,3,3,0,4,1,0,2,1,0,1961,1961-06-27,2729,2380,325,615,83,18,93,296,281,31,367,14,43,11,47,51,31,22
72,34,33,3,6,0,0,2,3,1,0,7,0,0,0,0,0,0,0,1961,1961-06-28,2763,2413,328,621,83,18,95,299,282,31,374,14,43,11,47,51,31,22
73,33,28,2,3,1,0,0,2,4,1,10,0,1,0,0,0,0,0,1961,1961-06-29,2796,2441,330,624,84,18,95,301,286,32,384,14,44,11,47,51,31,22
74,44,38,10,15,1,3,1,8,4,0,6,0,2,0,1,0,3,1,1961,1961-06-30,2840,2479,340,639,85,21,96,309,290,32,390,14,46,11,48,51,34,23
75,39,32,5,10,0,1,0,4,4,0,0,1,2,0,0,2,0,1,1961,1961-07-01,2879,2511,345,649,85,22,96,313,294,32,390,15,48,11,48,53,34,24
76,33,32,2,10,0,0,1,2,0,0,4,0,0,1,1,2,1,2,1961,1961-07-02,2912,2543,347,659,85,22,97,315,294,32,394,15,48,12,49,55,35,26
77,39,32,3,9,0,1,0,3,5,0,4,0,1,1,0,0,0,2,1961,1961-07-03,2951,2575,350,668,85,23,97,318,299,32,398,15,49,13,49,55,35,28
78,38,32,6,7,1,0,0,6,6,0,3,0,0,0,1,2,0,0,1961,1961-07-04,2989,2607,356,675,86,23,97,324,305,32,401,15,49,13,50,57,35,28
79,33,30,1,4,0,0,0,1,3,0,5,0,0,0,0,0,0,0,1961,1961-07-05,3022,2637,357,679,86,23,97,325,308,32,406,15,49,13,50,57,35,28
80,38,31,10,12,2,0,0,9,6,0,3,0,0,1,2,3,1,0,1961,1961-07-06,3060,2668,367,691,88,23,97,334,314,32,409,15,49,14,52,60,36,28
81,42,35,7,12,4,0,1,6,6,0,5,1,0,0,0,3,0,0,1961,,3102,2703,374,703,92,23,98,340,320,32,414,16,49,14,52,63,36,28
82,35,34,1,8,3,0,0,1,1,0,4,0,0,0,0,0,1,0,1961,,3137,2737,375,711,95,23,98,341,321,32,418,16,49,14,52,63,37,28
83,41,34,10,14,2,1,1,10,5,0,2,0,2,0,1,1,1,0,1961,1961-07-08,3178,2771,385,725,97,24,99,351,326,32,420,16,51,14,53,64,38,28
84,36,31,3,5,0,0,2,3,5,0,5,0,0,0,1,1,0,0,1961,1961-07-09,3214,2802,388,730,97,24,101,354,331,32,425,16,51,14,54,65,38,28
85,37,29,7,8,2,0,0,6,6,1,4,0,2,0,0,0,1,0,1961,1961-07-13,3251,2831,395,738,99,24,101,360,337,33,429,16,53,14,54,65,39,28
86,42,33,5,7,0,0,1,5,7,0,4,0,2,0,0,0,2,0,1961,1961-07-14,3293,2864,400,745,99,24,102,365,344,33,433,16,55,14,54,65,41,28
87,33,31,2,6,2,0,0,2,2,0,3,0,0,0,1,2,0,1,1961,1961-07-15,3326,2895,402,751,101,24,102,367,346,33,436,16,55,14,55,67,41,29
88,52,39,12,14,2,1,1,11,8,0,6,2,0,3,0,0,0,0,1961,1961-07-16,3378,2934,414,765,103,25,103,378,354,33,442,18,55,17,55,67,41,29
89,33,28,6,7,2,0,1,6,4,1,2,0,0,1,0,1,0,0,1961,1961-07-17,3411,2962,420,772,105,25,104,384,358,34,444,18,55,18,55,68,41,29
90,39,38,8,11,2,0,0,5,1,0,6,0,0,0,1,0,1,0,1961,1961-07-19,3450,3000,428,783,107,25,104,389,359,34,450,18,55,18,56,68,42,29
91,43,36,10,14,1,0,4,10,2,0,5,1,1,3,1,1,2,1,1961,1961-07-20,3493,3036,438,797,108,25,108,399,361,34,455,19,56,21,57,69,44,30
92,37,34,1,7,0,0,0,1,3,0,5,0,0,0,0,0,0,0,1961,1961-07-21,3530,3070,439,804,108,25,108,400,364,34,460,19,56,21,57,69,44,30
93,47,43,5,12,3,0,1,5,3,0,9,0,1,0,0,0,1,0,1961,1961-07-22,3577,3113,444,816,111,25,109,405,367,34,469,19,57,21,57,69,45,30
94,35,29,2,5,3,0,0,2,5,0,7,0,1,0,1,0,0,1,1961,1961-07-23,3612,3142,446,821,114,25,109,407,372,34,476,19,58,21,58,69,45,31
95,38,35,7,12,2,2,1,7,2,0,7,0,1,0,1,2,1,1,1961,1961-07-25,3650,3177,453,833,116,27,110,414,374,34,483,19,59,21,59,71,46,32
96,40,35,6,10,1,0,1,5,5,1,2,0,0,0,0,2,1,0,1961,1961-07-26,3690,3212,459,843,117,27,111,419,379,35,485,19,59,21,59,73,47,32
97,43,39,11,18,0,0,1,10,3,1,6,0,0,1,0,4,2,0,1961,1961-07-27,3733,3251,470,861,117,27,112,429,382,36,491,19,59,22,59,77,49,32
98,39,36,6,9,2,0,2,5,2,1,2,0,1,0,1,0,0,0,1961,1961-07-28,3772,3287,476,870,119,27,114,434,384,37,493,19,60,22,60,77,49,32
99,38,34,5,10,2,0,1,4,2,0,5,0,1,1,0,1,0,0,1961,1961-07-29,3810,3321,481,880,121,27,115,438,386,37,498,19,61,23,60,78,49,32
100,42,33,7,9,1,0,1,6,6,2,6,0,2,1,1,0,1,0,1961,1961-07-30,3852,3354,488,889,122,27,116,444,392,39,504,19,63,24,61,78,50,32
101,30,28,0,1,0,0,0,0,2,0,11,0,0,0,0,0,0,0,1961,1961-08-02,3882,3382,488,890,122,27,116,444,394,39,515,19,63,24,61,78,50,32
102,41,33,4,6,2,0,1,3,6,1,1,0,1,1,1,0,0,0,1961,1961-08-03,3923,3415,492,896,124,27,117,447,400,40,516,19,64,25,62,78,50,32
103,38,35,2,8,2,0,1,1,3,0,6,0,0,0,1,0,1,0,1961,1961-08-04,3961,3450,494,904,126,27,118,448,403,40,522,19,64,25,63,78,51,32
104,56,52,7,16,1,0,2,6,2,0,10,0,2,0,1,1,2,1,1961,1961-08-05,4017,3502,501,920,127,27,120,454,405,40,532,19,66,25,64,79,53,33
105,41,37,11,12,3,1,2,10,4,1,4,0,0,0,2,1,0,0,1961,1961-08-06,4058,3539,512,932,130,28,122,464,409,41,536,19,66,25,66,80,53,33
106,38,35,7,13,2,0,1,6,2,0,3,0,1,0,0,0,2,0,1961,1961-08-08,4096,3574,519,945,132,28,123,470,411,41,539,19,67,25,66,80,55,33
107,40,32,8,11,1,0,2,8,6,0,5,0,2,0,0,0,1,0,1961,1961-08-09,4136,3606,527,956,133,28,125,478,417,41,544,19,69,25,66,80,56,33
108,36,32,5,8,1,0,0,5,4,0,1,0,0,0,1,0,1,1,1961,1961-08-12,4172,3638,532,964,134,28,125,483,421,41,545,19,69,25,67,80,57,34
109,41,34,8,10,4,1,0,7,7,0,7,0,0,0,1,0,0,1,1961,1961-08-13,4213,3672,540,974,138,29,125,490,428,41,552,19,69,25,68,80,57,35
110,36,32,0,5,0,0,0,0,4,0,7,0,0,0,1,1,1,0,1961,1961-08-14,4249,3704,540,979,138,29,125,490,432,41,559,19,69,25,69,81,58,35
111,39,31,2,6,0,0,0,2,8,0,3,0,0,0,0,1,3,0,1961,1961-08-15,4288,3735,542,985,138,29,125,492,440,41,562,19,69,25,69,82,61,35
112,31,31,0,4,0,0,0,0,0,0,7,0,0,0,0,0,0,0,1961,,4319,3766,542,989,138,29,125,492,440,41,569,19,69,25,69,82,61,35
113,31,26,0,2,0,0,0,0,4,0,7,0,1,0,0,1,0,0,1961,,4350,3792,542,991,138,29,125,492,444,41,576,19,70,25,69,83,61,35
114,37,33,1,4,1,0,0,1,4,0,5,0,0,0,0,0,1,0,1961,1961-08-18,4387,3825,543,995,139,29,125,493,448,41,581,19,70,25,69,83,62,35
115,31,29,0,5,1,0,0,0,2,0,4,0,0,0,0,1,1,1,1961,1961-08-19,4418,3854,543,1000,140,29,125,493,450,41,585,19,70,25,69,84,63,36
116,40,35,8,9,1,0,1,8,5,0,3,0,0,0,1,2,1,0,1961,1961-08-20,4458,3889,551,1009,141,29,126,501,455,41,588,19,70,25,70,86,64,36
117,43,41,4,16,3,0,0,4,2,0,2,0,0,0,0,1,0,0,1961,1961-08-22,4501,3930,555,1025,144,29,126,505,457,41,590,19,70,25,70,87,64,36
118,44,36,7,12,2,0,1,5,5,0,2,0,2,1,1,0,0,0,1961,1961-08-23,4545,3966,562,1037,146,29,127,510,462,41,592,19,72,26,71,87,64,36
119,39,33,1,8,0,0,0,0,6,0,4,0,0,0,0,1,0,0,1961,1961-08-24,4584,3999,563,1045,146,29,127,510,468,41,596,19,72,26,71,88,64,36
120,40,37,7,11,0,2,3,7,2,1,11,0,1,0,1,0,0,1,1961,1961-08-25,4624,4036,570,1056,146,31,130,517,470,42,607,19,73,26,72,88,64,37
121,44,39,10,16,1,0,1,9,2,0,5,0,1,2,2,1,0,1,1961,1961-08-26,4668,4075,580,1072,147,31,131,526,472,42,612,19,74,28,74,89,64,38
122,40,35,5,10,3,0,0,5,4,0,5,0,1,0,0,0,0,0,1961,,4708,4110,585,1082,150,31,131,531,476,42,617,19,75,28,74,89,64,38
123,39,35,3,10,3,0,0,3,2,0,2,0,0,2,0,0,1,0,1961,,4747,4145,588,1092,153,31,131,534,478,42,619,19,75,30,74,89,65,38
124,34,29,2,4,0,1,0,2,4,0,8,0,1,0,0,1,1,0,1961,1961-08-29,4781,4174,590,1096,153,32,131,536,482,42,627,19,76,30,74,90,66,38
125,36,35,5,7,0,1,2,5,1,0,5,0,0,0,1,0,0,0,1961,1961-08-30,4817,4209,595,1103,153,33,133,541,483,42,632,19,76,30,75,90,66,38
126,35,32,1,6,1,0,0,1,2,0,5,0,1,0,1,0,1,1,1961,1961-08-31,4852,4241,596,1109,154,33,133,542,485,42,637,19,77,30,76,90,67,39
127,45,32,4,8,1,1,0,4,10,1,2,0,3,0,0,0,2,0,1961,1961-09-01,4897,4273,600,1117,155,34,133,546,495,43,639,19,80,30,76,90,69,39
128,34,34,0,7,1,1,0,0,0,0,3,0,0,0,0,0,0,0,1961,1961-09-02,4931,4307,600,1124,156,35,133,546,495,43,642,19,80,30,76,90,69,39
129,36,32,5,11,0,0,1,4,3,0,8,0,1,0,0,1,0,0,1961,1961-09-03,4967,4339,605,1135,156,35,134,550,498,43,650,19,81,30,76,91,69,39
130,35,33,4,8,2,1,1,3,2,0,7,0,0,0,2,0,4,0,1961,1961-09-04,5002,4372,609,1143,158,36,135,553,500,43,657,19,81,30,78,91,73,39
131,32,30,4,6,1,0,1,4,2,0,6,0,0,0,1,1,0,0,1961,1961-09-05,5034,4402,613,1149,159,36,136,557,502,43,663,19,81,30,79,92,73,39
132,41,34,9,10,2,0,1,9,7,1,6,0,0,0,2,0,2,0,1961,1961-09-06,5075,4436,622,1159,161,36,137,566,509,44,669,19,81,30,81,92,75,39
133,35,34,3,9,1,0,1,3,1,0,6,0,0,0,0,2,0,0,1961,1961-09-08,5110,4470,625,1168,162,36,138,569,510,44,675,19,81,30,81,94,75,39
134,36,33,6,7,0,0,2,4,1,0,9,1,0,1,1,1,1,0,1961,1961-09-09,5146,4503,631,1175,162,36,140,573,511,44,684,20,81,31,82,95,76,39
135,33,30,1,3,0,0,1,1,2,0,7,0,1,0,1,0,1,0,1961,1961-09-10,5179,4533,632,1178,162,36,141,574,513,44,691,20,82,31,83,95,77,39
136,44,38,6,8,2,0,2,6,6,0,5,0,0,0,0,0,1,0,1961,1961-09-11,5223,4571,638,1186,164,36,143,580,519,44,696,20,82,31,83,95,78,39
137,45,39,10,12,0,1,4,9,5,0,2,0,1,0,1,0,0,0,1961,1961-09-12,5268,4610,648,1198,164,37,147,589,524,44,698,20,83,31,84,95,78,39
138,35,33,2,6,2,0,0,2,2,0,7,0,0,0,0,0,0,0,1961,1961-09-13,5303,4643,650,1204,166,37,147,591,526,44,705,20,83,31,84,95,78,39
139,34,31,7,8,1,0,2,7,2,0,8,0,1,0,0,0,1,1,1961,1961-09-14,5337,4674,657,1212,167,37,149,598,528,44,713,20,84,31,84,95,79,40
140,43,34,11,11,1,1,2,11,8,1,6,0,1,0,1,0,0,0,1961,1961-09-15,5380,4708,668,1223,168,38,151,609,536,45,719,20,85,31,85,95,79,40
141,48,40,8,16,3,0,0,8,6,1,3,0,2,0,1,2,0,1,1961,1961-09-16,5428,4748,676,1239,171,38,151,617,542,46,722,20,87,31,86,97,79,41
142,45,37,4,9,2,0,0,3,6,0,8,0,2,0,1,0,0,1,1961,1961-09-17,5473,4785,680,1248,173,38,151,620,548,46,730,20,89,31,87,97,79,42
143,37,31,3,7,1,0,0,3,5,0,7,1,0,0,0,3,2,0,1961,1961-09-18,5510,4816,683,1255,174,38,151,623,553,46,737,21,89,31,87,100,81,42
144,41,36,3,12,2,0,1,3,4,0,4,0,1,0,0,3,0,0,1961,1961-09-19,5551,4852,686,1267,176,38,152,626,557,46,741,21,90,31,87,103,81,42
145,50,41,3,11,0,0,1,3,6,2,7,0,3,0,0,2,0,2,1961,1961-09-20,5601,4893,689,1278,176,38,153,629,563,48,748,21,93,31,87,105,81,44
146,43,35,6,8,2,0,1,5,7,1,6,0,0,1,2,0,0,0,1961,1961-09-22,5644,4928,695,1286,178,38,154,634,570,49,754,21,93,32,89,105,81,44
147,45,36,8,10,3,1,0,7,4,2,4,2,0,3,4,2,1,0,1961,1961-09-23,5689,4964,703,1296,181,39,154,641,574,51,758,23,93,35,93,107,82,44
148,42,37,7,13,4,0,0,7,5,0,9,0,0,0,2,4,1,0,1961,1961-09-24,5731,5001,710,1309,185,39,154,648,579,51,767,23,93,35,95,111,83,44
149,36,35,5,9,1,1,0,5,1,0,6,0,0,0,1,2,0,0,1961,,5767,5036,715,1318,186,40,154,653,580,51,773,23,93,35,96,113,83,44
150,29,26,0,1,0,0,0,0,3,0,7,0,0,0,0,1,0,0,1961,,5796,5062,715,1319,186,40,154,653,583,51,780,23,93,35,96,114,83,44
151,37,32,1,9,3,0,0,1,4,0,3,0,1,0,0,1,1,0,1961,1961-09-27,5833,5094,716,1328,189,40,154,654,587,51,783,23,94,35,96,115,84,44
152,45,39,10,12,1,0,2,10,4,1,7,0,2,0,3,0,1,1,1961,1961-09-28,5878,5133,726,1340,190,40,156,664,591,52,790,23,96,35,99,115,85,45
153,18,17,1,3,0,0,0,1,0,0,1,0,0,1,0,1,0,0,1961,1961-09-30,5896,5150,727,1343,190,40,156,665,591,52,791,23,96,36,99,116,85,45
154,44,39,8,15,3,0,1,8,5,1,5,0,0,0,0,1,1,0,1961,1961-10-01,5940,5189,735,1358,193,40,157,673,596,53,796,23,96,36,99,117,86,45
1,45,38,3,7,3,1,1,3,6,0,12,1,0,0,0,1,1,0,1960,1960-04-12,45,38,3,7,3,1,1,3,6,0,12,1,0,0,0,1,1,0
2,37,30,0,5,0,0,0,0,6,0,3,1,0,0,0,1,0,1,1960,1960-04-13,82,68,3,12,3,1,1,3,12,0,15,2,0,0,0,2,1,1
3,35,28,3,6,0,1,1,2,6,2,3,0,1,0,0,1,0,1,1960,1960-04-14,117,96,6,18,3,2,2,5,18,2,18,2,1,0,0,3,1,2
4,35,31,3,8,1,0,0,3,3,0,3,0,0,1,0,0,0,0,1960,1960-04-16,152,127,9,26,4,2,2,8,21,2,21,2,1,1,0,3,1,2
5,39,30,7,7,0,0,3,4,9,0,5,0,0,0,2,2,0,1,1960,1960-04-17,191,157,16,33,4,2,5,12,30,2,26,2,1,1,2,5,1,3
6,36,32,4,6,0,2,0,4,2,0,6,0,1,1,2,0,0,1,1960,1960-04-19,227,189,20,39,4,4,5,16,32,2,32,2,2,2,4,5,1,4
7,29,27,0,2,0,0,0,0,1,0,3,0,1,0,1,1,2,0,1960,1960-04-20,256,216,20,41,4,4,5,16,33,2,35,2,3,2,5,6,3,4
8,43,39,7,14,2,0,3,7,4,0,8,0,0,0,0,1,0,1,1960,1960-04-22,299,255,27,55,6,4,8,23,37,2,43,2,3,2,5,7,3,5
9,42,36,5,10,3,1,0,5,6,0,8,0,0,0,0,0,1,1,1960,1960-04-23,341,291,32,65,9,5,8,28,43,2,51,2,3,2,5,7,4,6
10,37,31,2,6,2,0,0,2,5,0,4,0,0,1,1,2,0,0,1960,1960-04-24,378,322,34,71,11,5,8,30,48,2,55,2,3,3,6,9,4,6
11,44,39,8,13,3,0,0,6,4,0,3,1,0,0,2,2,1,0,1960,1960-04-26,422,361,42,84,14,5,8,36,52,2,58,3,3,3,8,11,5,6
12,45,34,9,10,3,1,1,9,9,1,5,0,1,1,1,0,4,1,1960,1960-04-27,467,395,51,94,17,6,9,45,61,3,63,3,4,4,9,11,9,7
13,40,32,5,9,3,0,0,5,7,0,4,0,1,0,0,1,0,0,1960,1960-04-28,507,427,56,103,20,6,9,50,68,3,67,3,5,4,9,12,9,7
14,38,30,10,7,2,0,1,6,6,0,4,0,1,1,3,1,0,0,1960,1960-04-29,545,457,66,110,22,6,10,56,74,3,71,3,6,5,12,13,9,7
15,36,30,3,5,0,0,2,3,6,0,3,0,0,0,0,1,0,0,1960,1960-04-30,581,487,69,115,22,6,12,59,80,3,74,3,6,5,12,14,9,7
16,36,31,5,6,2,0,2,4,5,0,11,0,0,0,0,1,0,1,1960,1960-05-02,617,518,74,121,24,6,14,63,85,3,85,3,6,5,12,15,9,8
17,39,36,3,10,1,0,2,3,3,0,11,0,0,0,0,1,0,0,1960,1960-05-03,656,554,77,131,25,6,16,66,88,3,96,3,6,5,12,16,9,8
18,35,29,1,3,1,0,0,1,6,0,5,0,0,0,0,1,0,1,1960,1960-05-04,691,583,78,134,26,6,16,67,94,3,101,3,6,5,12,17,9,9
19,43,37,4,14,1,0,2,4,4,1,1,0,2,0,0,3,0,0,1960,1960-05-05,734,620,82,148,27,6,18,71,98,4,102,3,8,5,12,20,9,9
20,37,29,1,2,0,1,0,0,6,1,10,1,1,0,0,1,1,1,1960,1960-05-06,771,649,83,150,27,7,18,71,104,5,112,4,9,5,12,21,10,10
21,44,41,3,9,0,0,2,3,2,0,5,0,1,0,1,0,1,0,1960,1960-05-07,815,690,86,159,27,7,20,74,106,5,117,4,10,5,13,21,11,10
22,38,33,2,9,3,0,0,2,3,0,5,0,2,0,0,0,1,0,1960,1960-05-08,853,723,88,168,30,7,20,76,109,5,122,4,12,5,13,21,12,10
23,38,35,7,9,1,0,1,5,2,1,6,0,1,0,2,0,2,0,1960,1960-05-09,891,758,95,177,31,7,21,81,111,6,128,4,13,5,15,21,14,10
24,35,35,2,8,0,1,1,2,0,0,2,0,0,0,1,1,0,0,1960,1960-05-10,926,793,97,185,31,8,22,83,111,6,130,4,13,5,16,22,14,10
25,38,34,3,6,2,0,0,3,4,1,7,0,0,0,1,0,0,0,1960,1960-05-11,964,827,100,191,33,8,22,86,115,7,137,4,13,5,17,22,14,10
26,34,33,0,6,0,0,0,0,0,0,7,1,0,0,0,0,0,0,1960,1960-05-13,998,860,100,197,33,8,22,86,115,7,144,5,13,5,17,22,14,10
27,35,32,2,7,0,0,0,2,0,0,7,0,2,1,0,0,0,0,1960,1960-05-14,1033,892,102,204,33,8,22,88,115,7,151,5,15,6,17,22,14,10
28,38,32,0,6,2,0,0,0,6,2,6,0,0,0,0,0,0,0,1960,1960-05-15,1071,924,102,210,35,8,22,88,121,9,157,5,15,6,17,22,14,10
29,41,37,6,10,3,0,2,6,4,0,9,0,0,0,1,0,1,1,1960,1960-05-17,1112,961,108,220,38,8,24,94,125,9,166,5,15,6,18,22,15,11
30,48,44,4,12,2,0,0,4,2,0,11,0,1,1,0,0,1,1,1960,1960-05-18,1160,1005,112,232,40,8,24,98,127,9,177,5,16,7,18,22,16,12
31,35,29,4,6,2,0,0,2,5,1,4,0,1,0,0,2,1,1,1960,1960-05-19,1195,1034,116,238,42,8,24,100,132,10,181,5,17,7,18,24,17,13
32,31,29,3,5,0,1,1,3,2,0,4,0,0,0,0,2,1,1,1960,1960-05-20,1226,1063,119,243,42,9,25,103,134,10,185,5,17,7,18,26,18,14
33,43,39,9,13,4,0,0,8,2,0,6,0,1,1,2,1,1,0,1960,1960-05-22,1269,1102,128,256,46,9,25,111,136,10,191,5,18,8,20,27,19,14
34,36,30,1,4,2,0,0,1,5,2,6,0,1,0,1,0,2,0,1960,1960-05-23,1305,1132,129,260,48,9,25,112,141,12,197,5,19,8,21,27,21,14
35,38,31,4,7,1,0,1,3,3,0,5,0,3,1,1,0,0,0,1960,1960-05-24,1343,1163,133,267,49,9,26,115,144,12,202,5,22,9,22,27,21,14
36,36,34,5,8,1,0,3,5,2,0,8,0,0,0,0,0,1,1,1960,1960-05-25,1379,1197,138,275,50,9,29,120,146,12,210,5,22,9,22,27,22,15
37,38,32,5,9,0,0,0,4,4,0,5,0,2,0,0,2,1,0,1960,1960-05-27,1417,1229,143,284,50,9,29,124,150,12,215,5,24,9,22,29,23,15
38,56,50,3,9,1,1,0,2,6,0,10,0,0,0,0,1,2,0,1960,1960-05-28,1473,1279,146,293,51,10,29,126,156,12,225,5,24,9,22,30,25,15
39,35,31,4,8,1,0,2,4,3,0,2,0,1,0,0,0,0,2,1960,1960-05-29,1508,1310,150,301,52,10,31,130,159,12,227,5,25,9,22,30,25,17
40,34,30,3,4,1,0,1,3,3,0,8,0,1,0,0,0,1,0,1960,1960-05-30,1542,1340,153,305,53,10,32,133,162,12,235,5,26,9,22,30,26,17
41,35,31,8,10,3,0,1,8,3,1,4,0,1,0,1,1,0,1,1960,1960-05-31,1577,1371,161,315,56,10,33,141,165,13,239,5,27,9,23,31,26,18
42,37,33,2,9,1,0,1,2,3,0,6,0,0,1,0,0,0,1,1960,1960-06-01,1614,1404,163,324,57,10,34,143,168,13,245,5,27,10,23,31,26,19
43,41,37,8,10,1,0,3,8,3,0,9,0,1,0,1,0,0,0,1960,1960-06-02,1655,1441,171,334,58,10,37,151,171,13,254,5,28,10,24,31,26,19
44,42,38,5,11,1,0,1,5,4,0,6,0,0,0,1,4,0,0,1960,1960-06-03,1697,1479,176,345,59,10,38,156,175,13,260,5,28,10,25,35,26,19
45,47,36,12,15,2,0,1,11,6,0,2,0,3,2,3,1,0,0,1960,1960-06-04,1744,1515,188,360,61,10,39,167,181,13,262,5,31,12,28,36,26,19
46,42,33,8,6,1,0,3,8,7,0,4,1,0,1,2,1,1,0,1960,1960-06-05,1786,1548,196,366,62,10,42,175,188,13,266,6,31,13,30,37,27,19
47,40,39,4,12,3,0,1,4,1,0,8,0,0,0,0,0,0,0,1960,1960-06-07,1826,1587,200,378,65,10,43,179,189,13,274,6,31,13,30,37,27,19
48,33,28,4,7,0,0,2,4,4,0,7,0,1,0,0,1,0,0,1960,1960-06-08,1859,1615,204,385,65,10,45,183,193,13,281,6,32,13,30,38,27,19
49,39,35,5,10,0,2,3,5,2,0,2,1,1,0,2,3,0,0,1960,1960-06-09,1898,1650,209,395,65,12,48,188,195,13,283,7,33,13,32,41,27,19
50,38,35,3,8,1,0,2,3,3,0,5,0,0,0,0,0,0,0,1960,1960-06-10,1936,1685,212,403,66,12,50,191,198,13,288,7,33,13,32,41,27,19
51,33,27,5,8,1,0,1,5,3,0,2,0,2,1,0,0,1,1,1960,1960-06-11,1969,1712,217,411,67,12,51,196,201,13,290,7,35,14,32,41,28,20
52,33,31,3,9,0,0,1,3,1,1,6,0,1,0,0,1,0,0,1960,1960-06-12,2002,1743,220,420,67,12,52,199,202,14,296,7,36,14,32,42,28,20
53,42,40,5,12,1,0,2,5,2,0,8,0,0,0,0,1,1,0,1960,1960-06-14,2044,1783,225,432,68,12,54,204,204,14,304,7,36,14,32,43,29,20
54,46,37,14,16,2,1,2,13,7,2,3,0,1,1,1,0,2,1,1960,1960-06-15,2090,1820,239,448,70,13,56,217,211,16,307,7,37,15,33,43,31,21
55,38,33,10,15,1,0,2,10,0,0,3,1,1,3,0,1,1,0,1960,1960-06-16,2128,1853,249,463,71,13,58,227,211,16,310,8,38,18,33,44,32,21
56,31,30,1,6,2,0,0,1,1,0,5,0,0,0,0,2,0,0,1960,1960-06-17,2159,1883,250,469,73,13,58,228,212,16,315,8,38,18,33,46,32,21
57,40,36,3,12,0,1,0,3,1,0,6,0,2,1,0,2,0,0,1960,1960-06-18,2199,1919,253,481,73,14,58,231,213,16,321,8,40,19,33,48,32,21
58,40,35,8,13,2,1,0,7,4,1,4,0,1,0,1,0,2,0,1960,1960-06-19,2239,1954,261,494,75,15,58,238,217,17,325,8,41,19,34,48,34,21
59,36,29,1,4,0,0,0,0,5,0,3,2,0,0,0,1,0,0,1960,1960-06-20,2275,1983,262,498,75,15,58,238,222,17,328,10,41,19,34,49,34,21
60,35,34,4,9,0,0,2,4,1,0,10,0,0,0,0,1,0,1,1960,1960-06-21,2310,2017,266,507,75,15,60,242,223,17,338,10,41,19,34,50,34,22
61,44,36,6,10,0,0,0,6,6,0,5,0,2,0,1,0,0,1,1960,1960-06-23,2354,2053,272,517,75,15,60,248,229,17,343,10,43,19,35,50,34,23
62,46,35,5,8,0,2,1,4,8,1,10,1,0,2,2,1,2,0,1960,1960-06-24,2400,2088,277,525,75,17,61,252,237,18,353,11,43,21,37,51,36,23
63,38,32,2,6,0,0,0,1,5,1,7,1,0,0,0,1,0,0,1960,1960-06-25,2438,2120,279,531,75,17,61,253,242,19,360,12,43,21,37,52,36,23
64,37,34,6,8,0,1,2,6,2,0,3,0,0,1,0,0,0,0,1960,1960-06-26,2475,2154,285,539,75,18,63,259,244,19,363,12,43,22,37,52,36,23
65,34,30,0,3,1,0,0,0,4,0,3,0,0,0,2,1,0,1,1960,1960-06-28,2509,2184,285,542,76,18,63,259,248,19,366,12,43,22,39,53,36,24
66,40,35,6,14,1,0,1,6,2,1,4,0,3,0,0,2,1,1,1960,,2549,2219,291,556,77,18,64,265,250,20,370,12,46,22,39,55,37,25
67,37,35,5,9,2,1,0,5,1,0,6,0,0,1,0,0,0,0,1960,,2586,2254,296,565,79,19,64,270,251,20,376,12,46,23,39,55,37,25
68,41,39,10,14,2,2,1,9,0,0,1,1,1,0,0,0,0,1,1960,1960-06-30,2627,2293,306,579,81,21,65,279,251,20,377,13,47,23,39,55,37,26
69,38,35,3,8,1,0,2,3,2,0,3,0,1,0,0,2,0,0,1960,1960-07-01,2665,2328,309,587,82,21,67,282,253,20,380,13,48,23,39,57,37,26
70,43,33,6,12,0,1,0,5,6,0,10,0,3,1,0,1,0,1,1960,1960-07-02,2708,2361,315,599,82,22,67,287,259,20,390,13,51,24,39,58,37,27
71,38,37,6,13,4,0,1,6,1,0,3,0,0,0,0,1,1,0,1960,1960-07-03,2746,2398,321,612,86,22,68,293,260,20,393,13,51,24,39,59,38,27
72,40,36,2,11,1,0,0,2,2,0,10,0,1,1,1,1,1,0,1960,,2786,2434,323,623,87,22,68,295,262,20,403,13,52,25,40,60,39,27
73,38,32,5,7,0,0,2,5,4,0,9,0,0,2,1,1,1,0,1960,,2824,2466,328,630,87,22,70,300,266,20,412,13,52,27,41,61,40,27
74,41,33,8,11,2,0,0,6,6,1,4,1,1,0,0,0,0,0,1960,1960-07-05,2865,2499,336,641,89,22,70,306,272,21,416,14,53,27,41,61,40,27
75,41,35,10,13,0,0,3,9,6,0,7,0,0,0,0,2,1,0,1960,1960-07-06,2906,2534,346,654,89,22,73,315,278,21,423,14,53,27,41,63,41,27
76,38,32,7,10,3,1,1,7,5,0,8,0,1,0,0,0,1,1,1960,1960-07-07,2944,2566,353,664,92,23,74,322,283,21,431,14,54,27,41,63,42,28
77,32,30,5,6,1,1,1,4,2,0,6,0,0,0,0,0,1,0,1960,1960-07-08,2976,2596,358,670,93,24,75,326,285,21,437,14,54,27,41,63,43,28
78,40,36,3,8,1,1,1,3,4,1,5,0,0,0,2,0,0,1,1960,1960-07-09,3016,2632,361,678,94,25,76,329,289,22,442,14,54,27,43,63,43,29
79,45,40,11,16,4,0,3,11,5,0,4,0,0,0,0,0,0,0,1960,1960-07-10,3061,2672,372,694,98,25,79,340,294,22,446,14,54,27,43,63,43,29
80,44,39,5,12,3,0,1,5,4,2,6,0,0,1,2,0,0,0,1960,1960-07-15,3105,2711,377,706,101,25,80,345,298,24,452,14,54,28,45,63,43,29
81,40,32,6,8,1,1,0,4,6,1,7,0,0,2,2,2,1,1,1960,1960-07-16,3145,2743,383,714,102,26,80,349,304,25,459,14,54,30,47,65,44,30
82,40,36,4,9,0,0,0,3,3,0,4,0,1,0,1,0,0,0,1960,1960-07-17,3185,2779,387,723,102,26,80,352,307,25,463,14,55,30,48,65,44,30
83,34,34,5,11,1,0,1,5,0,0,6,0,0,0,0,1,0,0,1960,1960-07-19,3219,2813,392,734,103,26,81,357,307,25,469,14,55,30,48,66,44,30
84,49,41,7,15,1,0,2,7,4,1,5,0,3,1,0,0,2,0,1960,1960-07-20,3268,2854,399,749,104,26,83,364,311,26,474,14,58,31,48,66,46,30
85,34,31,1,5,2,0,0,1,2,0,5,0,1,0,0,0,0,0,1960,1960-07-21,3302,2885,400,754,106,26,83,365,313,26,479,14,59,31,48,66,46,30
86,31,27,2,7,2,0,1,2,2,0,2,1,0,1,0,1,0,1,1960,1960-07-22,3333,2912,402,761,108,26,84,367,315,26,481,15,59,32,48,67,46,31
87,31,27,2,4,1,0,0,2,2,0,7,1,0,1,0,0,2,0,1960,1960-07-23,3364,2939,404,765,109,26,84,369,317,26,488,16,59,33,48,67,48,31
88,43,40,9,15,4,0,1,9,3,0,7,0,0,0,1,0,0,0,1960,1960-07-24,3407,2979,413,780,113,26,85,378,320,26,495,16,59,33,49,67,48,31
89,31,30,1,4,0,0,1,1,1,0,4,0,0,0,0,1,0,0,1960,1960-07-26,3438,3009,414,784,113,26,86,379,321,26,499,16,59,33,49,68,48,31
90,31,28,2,7,0,0,0,1,3,0,5,0,0,0,1,1,0,1,1960,1960-07-27,3469,3037,416,791,113,26,86,380,324,26,504,16,59,33,50,69,48,32
91,34,28,8,5,0,0,2,7,3,0,2,1,1,0,1,1,0,1,1960,1960-07-28,3503,3065,424,796,113,26,88,387,327,26,506,17,60,33,51,70,48,33
92,41,33,7,11,1,0,1,6,8,0,5,0,0,0,0,2,0,0,1960,1960-07-29,3544,3098,431,807,114,26,89,393,335,26,511,17,60,33,51,72,48,33
93,50,42,7,8,1,0,3,7,8,0,10,0,0,0,1,0,0,0,1960,1960-07-30,3594,3140,438,815,115,26,92,400,343,26,521,17,60,33,52,72,48,33
94,41,31,7,10,2,0,0,7,6,1,1,0,3,1,2,0,0,0,1960,1960-07-31,3635,3171,445,825,117,26,92,407,349,27,522,17,63,34,54,72,48,33
95,32,30,0,5,1,0,0,0,1,1,4,0,1,0,3,2,0,0,1960,1960-08-02,3667,3201,445,830,118,26,92,407,350,28,526,17,64,34,57,74,48,33
96,29,26,3,6,0,1,1,3,2,1,1,0,1,0,0,0,0,0,1960,1960-08-03,3696,3227,448,836,118,27,93,410,352,29,527,17,65,34,57,74,48,33
97,35,32,1,9,1,0,0,1,2,0,7,0,0,1,0,1,1,0,1960,1960-08-04,3731,3259,449,845,119,27,93,411,354,29,534,17,65,35,57,75,49,33
98,41,39,1,13,0,0,0,1,2,0,6,0,0,0,0,1,0,0,1960,1960-08-06,3772,3298,450,858,119,27,93,412,356,29,540,17,65,35,57,76,49,33
99,45,38,8,14,3,0,1,8,5,0,5,0,2,0,1,0,2,1,1960,,3817,3336,458,872,122,27,94,420,361,29,545,17,67,35,58,76,51,34
100,37,35,2,9,1,0,1,2,2,1,3,0,0,0,2,1,3,2,1960,,3854,3371,460,881,123,27,95,422,363,30,548,17,67,35,60,77,54,36
101,40,33,6,7,0,0,0,6,6,1,7,0,1,0,1,0,2,0,1960,1960-08-08,3894,3404,466,888,123,27,95,428,369,31,555,17,68,35,61,77,56,36
102,42,36,3,11,1,0,0,3,5,0,6,0,1,0,0,0,2,0,1960,1960-08-09,3936,3440,469,899,124,27,95,431,374,31,561,17,69,35,61,77,58,36
103,35,35,3,8,1,0,1,3,0,0,3,0,0,0,1,1,0,0,1960,1960-08-10,3971,3475,472,907,125,27,96,434,374,31,564,17,69,35,62,78,58,36
104,38,32,3,7,2,0,0,2,6,0,8,0,0,0,0,0,1,1,1960,1960-08-11,4009,3507,475,914,127,27,96,436,380,31,572,17,69,35,62,78,59,37
105,36,29,2,5,4,0,0,2,5,0,0,0,2,0,0,0,0,1,1960,1960-08-12,4045,3536,477,919,131,27,96,438,385,31,572,17,71,35,62,78,59,38
106,37,34,2,7,4,0,0,2,2,0,8,0,1,0,2,0,0,0,1960,1960-08-13,4082,3570,479,926,135,27,96,440,387,31,580,17,72,35,64,78,59,38
107,36,35,0,9,2,1,0,0,1,0,2,0,0,0,0,1,2,0,1960,,4118,3605,479,935,137,28,96,440,388,31,582,17,72,35,64,79,61,38
108,43,37,9,14,2,0,0,8,6,0,8,0,0,0,0,3,0,1,1960,,4161,3642,488,949,139,28,96,448,394,31,590,17,72,35,64,82,61,39
109,51,47,7,15,6,0,1,7,4,2,8,0,0,0,0,1,0,0,1960,1960-08-16,4212,3689,495,964,145,28,97,455,398,33,598,17,72,35,64,83,61,39
110,32,31,0,7,1,0,0,0,1,0,1,0,0,0,0,3,1,0,1960,1960-08-17,4244,3720,495,971,146,28,97,455,399,33,599,17,72,35,64,86,62,39
111,50,45,4,7,0,1,1,3,5,2,8,0,0,0,0,0,2,0,1960,1960-08-18,4294,3765,499,978,146,29,98,458,404,35,607,17,72,35,64,86,64,39
112,34,32,0,5,2,0,0,0,2,0,3,0,0,0,0,0,0,0,1960,1960-08-19,4328,3797,499,983,148,29,98,458,406,35,610,17,72,35,64,86,64,39
113,33,32,2,8,2,0,0,2,1,0,2,0,0,0,0,1,1,1,1960,1960-08-20,4361,3829,501,991,150,29,98,460,407,35,612,17,72,35,64,87,65,40
114,32,30,0,6,2,0,0,0,1,0,9,0,1,0,0,0,0,0,1960,1960-08-21,4393,3859,501,997,152,29,98,460,408,35,621,17,73,35,64,87,65,40
115,39,32,8,10,3,0,1,7,5,0,0,2,0,0,0,2,1,0,1960,1960-08-22,4432,3891,509,1007,155,29,99,467,413,35,621,19,73,35,64,89,66,40
116,33,33,0,7,3,0,0,0,0,0,4,0,0,0,0,1,0,0,1960,1960-08-23,4465,3924,509,1014,158,29,99,467,413,35,625,19,73,35,64,90,66,40
117,33,31,5,9,1,0,4,5,2,0,3,0,0,0,0,1,2,0,1960,1960-08-24,4498,3955,514,1023,159,29,103,472,415,35,628,19,73,35,64,91,68,40
118,36,35,2,7,1,0,0,1,1,0,9,0,0,0,2,1,0,0,1960,1960-08-25,4534,3990,516,1030,160,29,103,473,416,35,637,19,73,35,66,92,68,40
119,41,36,10,14,1,0,1,8,4,0,5,0,0,1,0,1,2,0,1960,,4575,4026,526,1044,161,29,104,481,420,35,642,19,73,36,66,93,70,40
120,32,28,2,7,1,2,1,1,2,1,3,1,1,0,1,0,1,1,1960,,4607,4054,528,1051,162,31,105,482,422,36,645,20,74,36,67,93,71,41
121,33,31,3,6,1,0,2,3,2,0,4,0,0,0,0,2,0,0,1960,1960-08-28,4640,4085,531,1057,163,31,107,485,424,36,649,20,74,36,67,95,71,41
122,37,36,2,8,1,0,1,2,1,0,4,0,0,0,1,0,1,0,1960,1960-08-29,4677,4121,533,1065,164,31,108,487,425,36,653,20,74,36,68,95,72,41
123,38,35,2,10,1,0,0,2,3,0,8,0,0,0,0,1,0,1,1960,1960-08-30,4715,4156,535,1075,165,31,108,489,428,36,661,20,74,36,68,96,72,42
124,31,30,3,8,3,0,0,3,1,0,4,0,0,0,0,1,2,0,1960,1960-08-31,4746,4186,538,1083,168,31,108,492,429,36,665,20,74,36,68,97,74,42
125,44,39,3,10,4,0,0,3,4,2,6,0,1,0,0,0,1,0,1960,1960-09-01,4790,4225,541,1093,172,31,108,495,433,38,671,20,75,36,68,97,75,42
126,38,35,3,8,2,0,0,2,3,0,4,0,0,0,0,0,1,0,1960,1960-09-02,4828,4260,544,1101,174,31,108,497,436,38,675,20,75,36,68,97,76,42
127,34,32,0,6,0,0,0,0,2,0,7,0,0,0,0,0,1,1,1960,1960-09-03,4862,4292,544,1107,174,31,108,497,438,38,682,20,75,36,68,97,77,43
128,38,33,3,8,2,0,0,3,3,1,7,1,0,1,0,0,0,0,1960,1960-09-04,4900,4325,547,1115,176,31,108,500,441,39,689,21,75,37,68,97,77,43
129,45,41,8,15,4,0,4,6,4,0,4,0,0,0,0,1,0,0,1960,,4945,4366,555,1130,180,31,112,506,445,39,693,21,75,37,68,98,77,43
130,37,29,4,6,1,0,0,3,7,0,5,0,1,0,1,1,2,0,1960,,4982,4395,559,1136,181,31,112,509,452,39,698,21,76,37,69,99,79,43
131,38,31,7,6,1,1,1,7,6,1,1,0,1,0,2,0,2,0,1960,1960-09-06,5020,4426,566,1142,182,32,113,516,458,40,699,21,77,37,71,99,81,43
132,57,51,3,10,1,0,1,3,4,0,10,1,1,0,0,2,0,0,1960,1960-09-07,5077,4477,569,1152,183,32,114,519,462,40,709,22,78,37,71,101,81,43
133,41,35,7,11,0,0,0,7,2,0,4,1,2,1,0,0,1,0,1960,1960-09-08,5118,4512,576,1163,183,32,114,526,464,40,713,23,80,38,71,101,82,43
134,40,34,5,12,3,0,0,5,2,1,4,0,2,2,1,0,0,0,1960,1960-09-09,5158,4546,581,1175,186,32,114,531,466,41,717,23,82,40,72,101,82,43
135,42,31,8,6,2,1,1,8,7,0,3,2,0,2,2,0,0,1,1960,1960-09-10,5200,4577,589,1181,188,33,115,539,473,41,720,25,82,42,74,101,82,44
136,32,30,2,5,0,0,0,2,0,0,1,0,2,0,2,0,0,2,1960,1960-09-11,5232,4607,591,1186,188,33,115,541,473,41,721,25,84,42,76,101,82,46
137,38,36,2,7,0,0,0,1,0,0,7,0,2,0,2,0,1,1,1960,,5270,4643,593,1193,188,33,115,542,473,41,728,25,86,42,78,101,83,47
138,35,29,4,5,2,1,1,2,3,0,7,0,3,0,0,0,1,0,1960,,5305,4672,597,1198,190,34,116,544,476,41,735,25,89,42,78,101,84,47
139,36,33,5,8,1,0,0,5,2,1,7,0,1,0,0,0,2,0,1960,1960-09-14,5341,4705,602,1206,191,34,116,549,478,42,742,25,90,42,78,101,86,47
140,33,32,1,6,0,1,0,1,1,0,5,0,0,0,1,1,0,0,1960,1960-09-15,5374,4737,603,1212,191,35,116,550,479,42,747,25,90,42,79,102,86,47
141,38,33,5,8,3,0,1,5,4,0,4,0,1,0,1,1,2,1,1960,1960-09-16,5412,4770,608,1220,194,35,117,555,483,42,751,25,91,42,80,103,88,48
142,36,33,3,6,3,0,0,3,2,0,9,1,0,0,0,0,1,0,1960,1960-09-17,5448,4803,611,1226,197,35,117,558,485,42,760,26,91,42,80,103,89,48
143,37,33,2,9,0,0,1,2,2,0,3,0,2,0,1,0,2,2,1960,1960-09-18,5485,4836,613,1235,197,35,118,560,487,42,763,26,93,42,81,103,91,50
144,33,31,0,5,1,0,0,0,2,0,9,0,0,0,0,0,0,1,1960,1960-09-19,5518,4867,613,1240,198,35,118,560,489,42,772,26,93,42,81,103,91,51
145,36,33,2,8,1,0,0,2,3,1,4,0,0,0,0,1,0,0,1960,1960-09-20,5554,4900,615,1248,199,35,118,562,492,43,776,26,93,42,81,104,91,51
146,47,40,5,9,1,1,0,4,3,0,8,0,3,1,1,1,1,0,1960,1960-09-21,5601,4940,620,1257,200,36,118,566,495,43,784,26,96,43,82,105,92,51
147,45,39,9,10,3,0,2,7,6,1,7,0,0,0,2,0,0,0,1960,1960-09-25,5646,4979,629,1267,203,36,120,573,501,44,791,26,96,43,84,105,92,51
148,35,33,2,6,3,0,1,2,2,0,8,0,0,0,1,0,0,0,1960,1960-09-26,5681,5012,631,1273,206,36,121,575,503,44,799,26,96,43,85,105,92,51
149,40,35,5,12,1,0,1,5,5,1,6,0,0,0,0,0,0,1,1960,1960-09-27,5721,5047,636,1285,207,36,122,580,508,45,805,26,96,43,85,105,92,52
150,36,29,4,8,3,0,0,4,4,1,8,0,2,1,1,0,1,0,1960,1960-09-28,5757,5076,640,1293,210,36,122,584,512,46,813,26,98,44,86,105,93,52
151,38,33,3,7,0,0,2,3,2,0,5,0,3,0,0,1,0,0,1960,1960-09-29,5795,5109,643,1300,210,36,124,587,514,46,818,26,101,44,86,106,93,52
152,36,29,7,8,3,2,1,7,4,0,6,0,0,3,0,0,0,0,1960,1960-09-30,5831,5138,650,1308,213,38,125,594,518,46,824,26,101,47,86,106,93,52
153,68,58,8,19,2,0,0,8,8,0,10,0,0,2,1,1,2,1,1960,1960-10-01,5899,5196,658,1327,215,38,125,602,526,46,834,26,101,49,87,107,95,53
154,37,31,4,6,1,0,1,4,3,0,3,1,1,1,2,1,0,0,1960,1960-10-02,5936,5227,662,1333,216,38,126,606,529,46,837,27,102,50,89,108,95,53
1,31,30,1,6,0,0,1,1,1,0,4,0,0,0,1,3,0,0,1959,1959-04-11,31,30,1,6,0,0,1,1,1,0,4,0,0,0,1,3,0,0
2,40,35,5,10,2,0,1,5,4,0,3,1,0,0,0,2,0,0,1959,1959-04-12,71,65,6,16,2,0,2,6,5,0,7,1,0,0,1,5,0,0
3,37,35,2,7,1,0,1,1,1,0,3,1,0,0,1,0,0,0,1959,1959-04-14,108,100,8,23,3,0,3,7,6,0,10,2,0,0,2,5,0,0
4,33,31,5,9,0,0,2,5,0,0,9,0,2,0,0,0,3,0,1959,1959-04-15,141,131,13,32,3,0,5,12,6,0,19,2,2,0,2,5,3,0
5,33,30,7,7,1,0,3,7,3,1,10,0,0,0,0,1,0,0,1959,1959-04-16,174,161,20,39,4,0,8,19,9,1,29,2,2,0,2,6,3,0
6,39,33,4,7,0,0,0,3,5,0,6,0,1,0,1,0,2,1,1959,1959-04-17,213,194,24,46,4,0,8,22,14,1,35,2,3,0,3,6,5,1
7,36,31,8,10,1,1,1,8,2,0,6,0,3,0,0,0,0,0,1959,1959-04-18,249,225,32,56,5,1,9,30,16,1,41,2,6,0,3,6,5,1
8,41,34,8,12,0,0,1,8,5,0,2,0,2,0,1,0,1,0,1959,1959-04-19,290,259,40,68,5,1,10,38,21,1,43,2,8,0,4,6,6,1
9,35,28,2,6,1,2,1,2,5,0,2,1,1,0,0,0,0,1,1959,1959-04-20,325,287,42,74,6,3,11,40,26,1,45,3,9,0,4,6,6,2
10,49,39,9,10,1,0,4,9,8,2,9,1,1,0,0,1,2,0,1959,1959-04-21,374,326,51,84,7,3,15,49,34,3,54,4,10,0,4,7,8,2
11,41,39,3,12,2,1,0,3,2,0,9,0,0,0,1,1,0,0,1959,1959-04-22,415,365,54,96,9,4,15,52,36,3,63,4,10,0,5,8,8,2
12,46,36,3,13,2,0,0,3,7,2,10,0,3,0,0,1,1,0,1959,1959-04-24,461,401,57,109,11,4,15,55,43,5,73,4,13,0,5,9,9,2
13,42,36,5,9,2,0,0,4,5,0,7,0,1,0,1,0,0,0,1959,1959-04-25,503,437,62,118,13,4,15,59,48,5,80,4,14,0,6,9,9,2
14,51,45,17,20,5,1,1,16,5,0,9,0,0,0,1,1,1,1,1959,1959-04-26,554,482,79,138,18,5,16,75,53,5,89,4,14,0,7,10,10,3
15,47,36,9,11,0,1,0,8,8,1,3,1,2,0,1,1,1,0,1959,1959-04-27,601,518,88,149,18,6,16,83,61,6,92,5,16,0,8,11,11,3
16,41,37,4,10,2,0,0,4,2,1,7,0,1,1,3,0,1,2,1959,1959-04-29,642,555,92,159,20,6,16,87,63,7,99,5,17,1,11,11,12,5
17,42,33,6,7,3,0,1,5,8,0,5,0,1,0,1,1,1,1,1959,1959-04-30,684,588,98,166,23,6,17,92,71,7,104,5,18,1,12,12,13,6
18,40,36,3,11,2,0,0,3,3,0,3,0,0,1,1,1,0,0,1959,1959-05-01,724,624,101,177,25,6,17,95,74,7,107,5,18,2,13,13,13,6
19,38,27,4,9,1,0,0,4,7,0,3,0,4,0,0,4,0,0,1959,1959-05-02,762,651,105,186,26,6,17,99,81,7,110,5,22,2,13,17,13,6
20,36,30,3,6,3,0,2,3,6,0,3,0,0,0,1,4,0,0,1959,,798,681,108,192,29,6,19,102,87,7,113,5,22,2,14,21,13,6
21,41,36,7,9,0,0,1,6,4,0,8,0,1,0,1,0,1,0,1959,,839,717,115,201,29,6,20,108,91,7,121,5,23,2,15,21,14,6
22,39,35,5,8,2,0,3,5,4,1,4,0,0,0,0,0,0,0,1959,1959-05-04,878,752,120,209,31,6,23,113,95,8,125,5,23,2,15,21,14,6
23,60,57,2,9,1,0,0,2,1,0,13,0,2,0,2,0,2,1,1959,1959-05-05,938,809,122,218,32,6,23,115,96,8,138,5,25,2,17,21,16,7
24,39,30,4,5,0,0,0,3,7,0,10,1,1,0,0,1,2,0,1959,1959-05-06,977,839,126,223,32,6,23,118,103,8,148,6,26,2,17,22,18,7
25,38,35,2,12,0,1,1,2,3,1,4,0,0,0,1,4,1,0,1959,1959-05-07,1015,874,128,235,32,7,24,120,106,9,152,6,26,2,18,26,19,7
26,38,34,3,10,1,0,0,3,3,0,4,0,1,0,1,2,1,1,1959,1959-05-08,1053,908,131,245,33,7,24,123,109,9,156,6,27,2,19,28,20,8
27,51,44,6,12,0,0,2,6,4,2,7,1,2,0,1,0,2,0,1959,1959-05-09,1104,952,137,257,33,7,26,129,113,11,163,7,29,2,20,28,22,8
28,34,29,3,6,1,0,2,3,2,1,4,0,2,1,0,1,1,0,1959,1959-05-10,1138,981,140,263,34,7,28,132,115,12,167,7,31,3,20,29,23,8
29,45,32,11,12,2,0,0,10,10,2,6,0,2,1,0,0,0,1,1959,1959-05-11,1183,1013,151,275,36,7,28,142,125,14,173,7,33,4,20,29,23,9
30,32,28,3,7,1,0,0,2,3,1,6,0,1,0,1,0,0,2,1959,1959-05-12,1215,1041,154,282,37,7,28,144,128,15,179,7,34,4,21,29,23,11
31,39,32,4,6,2,0,1,2,6,0,9,1,0,0,0,1,0,0,1959,1959-05-13,1254,1073,158,288,39,7,29,146,134,15,188,8,34,4,21,30,23,11
32,43,37,6,12,3,0,0,6,5,1,5,0,0,1,0,1,0,0,1959,1959-05-14,1297,1110,164,300,42,7,29,152,139,16,193,8,34,5,21,31,23,11
33,31,29,0,4,0,0,0,0,2,0,3,0,0,0,0,1,0,0,1959,1959-05-16,1328,1139,164,304,42,7,29,152,141,16,196,8,34,5,21,32,23,11
34,35,35,3,8,0,0,2,3,0,0,3,0,0,0,0,0,0,0,1959,1959-05-17,1363,1174,167,312,42,7,31,155,141,16,199,8,34,5,21,32,23,11
35,41,34,7,10,2,0,1,7,6,1,1,0,1,0,1,0,0,1,1959,1959-05-18,1404,1208,174,322,44,7,32,162,147,17,200,8,35,5,22,32,23,12
36,38,33,6,10,2,0,0,5,5,1,4,0,0,0,2,0,0,1,1959,1959-05-19,1442,1241,180,332,46,7,32,167,152,18,204,8,35,5,24,32,23,13
37,38,36,8,14,0,0,2,8,2,1,1,0,0,0,0,1,0,1,1959,,1480,1277,188,346,46,7,34,175,154,19,205,8,35,5,24,33,23,14
38,35,33,5,6,0,0,3,5,2,0,3,0,0,0,0,0,0,0,1959,,1515,1310,193,352,46,7,37,180,156,19,208,8,35,5,24,33,23,14
39,50,42,2,5,0,0,0,1,6,1,8,1,1,0,2,1,0,0,1959,1959-05-22,1565,1352,195,357,46,7,37,181,162,20,216,9,36,5,26,34,23,14
40,39,36,2,9,1,1,0,2,3,0,9,0,0,0,0,0,1,0,1959,1959-05-23,1604,1388,197,366,47,8,37,183,165,20,225,9,36,5,26,34,24,14
41,33,30,1,5,1,0,0,1,3,0,3,0,0,0,0,1,1,0,1959,1959-05-24,1637,1418,198,371,48,8,37,184,168,20,228,9,36,5,26,35,25,14
42,43,33,8,9,1,0,3,8,8,0,5,0,2,0,0,0,2,0,1959,1959-05-25,1680,1451,206,380,49,8,40,192,176,20,233,9,38,5,26,35,27,14
43,33,32,4,7,3,1,0,4,1,0,4,0,0,0,0,0,1,0,1959,1959-05-26,1713,1483,210,387,52,9,40,196,177,20,237,9,38,5,26,35,28,14
44,36,29,4,6,0,1,0,4,6,1,5,0,1,0,0,0,2,0,1959,1959-05-27,1749,1512,214,393,52,10,40,200,183,21,242,9,39,5,26,35,30,14
45,38,32,5,7,2,0,1,5,4,2,14,0,2,0,0,0,0,0,1959,1959-05-28,1787,1544,219,400,54,10,41,205,187,23,256,9,41,5,26,35,30,14
46,39,35,4,10,2,0,0,4,4,0,7,0,0,0,1,2,0,0,1959,1959-05-29,1826,1579,223,410,56,10,41,209,191,23,263,9,41,5,27,37,30,14
47,41,34,7,10,1,1,3,7,6,0,5,0,1,0,0,0,1,0,1959,1959-05-30,1867,1613,230,420,57,11,44,216,197,23,268,9,42,5,27,37,31,14
48,37,31,5,9,1,0,1,5,6,2,9,0,0,0,0,1,3,0,1959,1959-05-31,1904,1644,235,429,58,11,45,221,203,25,277,9,42,5,27,38,34,14
49,38,31,4,6,0,0,1,4,7,1,5,0,0,0,0,1,0,1,1959,1959-06-02,1942,1675,239,435,58,11,46,225,210,26,282,9,42,5,27,39,34,15
50,39,37,5,13,0,0,2,5,1,1,4,0,1,0,1,0,0,2,1959,1959-06-03,1981,1712,244,448,58,11,48,230,211,27,286,9,43,5,28,39,34,17
51,35,34,3,8,4,0,0,3,1,0,2,0,0,0,0,1,0,0,1959,1959-06-04,2016,1746,247,456,62,11,48,233,212,27,288,9,43,5,28,40,34,17
52,40,37,5,11,4,0,0,5,3,0,6,0,0,0,1,2,0,0,1959,1959-06-05,2056,1783,252,467,66,11,48,238,215,27,294,9,43,5,29,42,34,17
53,38,34,3,9,1,0,0,3,2,0,7,1,1,0,1,1,1,0,1959,1959-06-06,2094,1817,255,476,67,11,48,241,217,27,301,10,44,5,30,43,35,17
54,31,29,2,4,0,0,2,2,1,0,6,0,1,0,0,0,0,1,1959,1959-06-07,2125,1846,257,480,67,11,50,243,218,27,307,10,45,5,30,43,35,18
55,35,31,3,4,1,1,0,2,4,1,5,0,0,0,1,0,0,1,1959,1959-06-09,2160,1877,260,484,68,12,50,245,222,28,312,10,45,5,31,43,35,19
56,30,29,1,4,0,0,0,0,1,0,2,0,0,0,1,2,1,0,1959,1959-06-10,2190,1906,261,488,68,12,50,245,223,28,314,10,45,5,32,45,36,19
57,44,39,11,19,3,2,2,10,4,0,6,0,0,1,0,1,0,2,1959,1959-06-11,2234,1945,272,507,71,14,52,255,227,28,320,10,45,6,32,46,36,21
58,47,39,9,17,2,0,1,9,5,0,5,1,1,1,0,1,2,1,1959,1959-06-12,2281,1984,281,524,73,14,53,264,232,28,325,11,46,7,32,47,38,22
59,41,35,3,11,0,1,0,3,5,1,2,0,1,0,0,2,0,0,1959,1959-06-13,2322,2019,284,535,73,15,53,267,237,29,327,11,47,7,32,49,38,22
60,40,33,3,8,1,1,0,3,6,0,7,0,1,0,0,1,1,0,1959,,2362,2052,287,543,74,16,53,270,243,29,334,11,48,7,32,50,39,22
61,36,35,2,8,1,0,0,2,1,0,2,0,0,0,0,0,0,0,1959,,2398,2087,289,551,75,16,53,272,244,29,336,11,48,7,32,50,39,22
62,35,30,4,8,1,0,1,4,4,0,7,0,1,0,1,1,0,1,1959,1959-06-15,2433,2117,293,559,76,16,54,276,248,29,343,11,49,7,33,51,39,23
63,39,38,4,13,3,1,0,4,1,0,5,0,0,0,0,1,0,1,1959,1959-06-16,2472,2155,297,572,79,17,54,280,249,29,348,11,49,7,33,52,39,24
64,41,36,10,15,4,1,1,10,5,0,4,0,0,0,0,1,1,0,1959,,2513,2191,307,587,83,18,55,290,254,29,352,11,49,7,33,53,40,24
65,33,30,4,7,1,0,0,4,2,0,2,0,1,0,0,0,0,0,1959,,2546,2221,311,594,84,18,55,294,256,29,354,11,50,7,33,53,40,24
66,39,35,6,9,1,1,1,5,3,0,8,1,0,0,0,1,0,0,1959,1959-06-18,2585,2256,317,603,85,19,56,299,259,29,362,12,50,7,33,54,40,24
67,35,33,6,9,3,0,2,6,2,0,7,0,0,0,0,0,1,0,1959,1959-06-19,2620,2289,323,612,88,19,58,305,261,29,369,12,50,7,33,54,41,24
68,40,35,9,12,0,1,4,9,3,0,2,0,2,0,1,0,1,0,1959,1959-06-20,2660,2324,332,624,88,20,62,314,264,29,371,12,52,7,34,54,42,24
69,37,35,3,10,1,1,1,3,2,0,6,0,0,0,0,1,0,0,1959,1959-06-21,2697,2359,335,634,89,21,63,317,266,29,377,12,52,7,34,55,42,24
70,36,27,6,9,0,0,0,6,7,0,8,0,1,1,1,1,2,3,1959,1959-06-22,2733,2386,341,643,89,21,63,323,273,29,385,12,53,8,35,56,44,27
71,28,27,4,5,1,0,3,4,1,0,8,0,0,0,0,0,0,2,1959,1959-06-23,2761,2413,345,648,90,21,66,327,274,29,393,12,53,8,35,56,44,29
72,39,34,9,10,2,0,2,9,5,0,9,0,0,0,0,0,0,0,1959,1959-06-24,2800,2447,354,658,92,21,68,336,279,29,402,12,53,8,35,56,44,29
73,35,31,5,8,0,0,3,5,3,0,7,1,0,0,1,0,1,0,1959,1959-06-25,2835,2478,359,666,92,21,71,341,282,29,409,13,53,8,36,56,45,29
74,36,31,6,9,1,0,3,6,4,0,2,0,0,1,0,1,0,0,1959,1959-06-26,2871,2509,365,675,93,21,74,347,286,29,411,13,53,9,36,57,45,29
75,30,28,3,6,4,0,0,3,2,1,7,0,0,0,0,0,0,1,1959,1959-06-27,2901,2537,368,681,97,21,74,350,288,30,418,13,53,9,36,57,45,30
76,40,33,9,11,3,0,3,9,4,0,7,0,2,1,0,0,1,0,1959,1959-06-28,2941,2570,377,692,100,21,77,359,292,30,425,13,55,10,36,57,46,30
77,57,45,4,11,1,0,1,3,10,2,12,1,0,1,0,2,0,2,1959,1959-06-29,2998,2615,381,703,101,21,78,362,302,32,437,14,55,11,36,59,46,32
78,32,30,0,1,0,0,0,0,2,0,10,0,0,0,2,0,0,0,1959,1959-06-30,3030,2645,381,704,101,21,78,362,304,32,447,14,55,11,38,59,46,32
79,41,37,4,11,0,2,0,2,4,1,7,0,0,0,1,0,0,1,1959,1959-07-02,3071,2682,385,715,101,23,78,364,308,33,454,14,55,11,39,59,46,33
80,33,30,2,6,2,0,0,2,2,0,10,0,0,1,0,1,0,1,1959,1959-07-03,3104,2712,387,721,103,23,78,366,310,33,464,14,55,12,39,60,46,34
81,34,32,1,6,0,0,1,1,2,0,4,0,0,0,0,0,0,0,1959,,3138,2744,388,727,103,23,79,367,312,33,468,14,55,12,39,60,46,34
82,41,33,5,9,2,1,1,5,6,0,4,0,2,0,1,0,0,1,1959,,3179,2777,393,736,105,24,80,372,318,33,472,14,57,12,40,60,46,35
83,38,35,4,12,0,0,2,4,2,0,7,0,1,0,1,2,2,0,1959,,3217,2812,397,748,105,24,82,376,320,33,479,14,58,12,41,62,48,35
84,41,30,5,8,2,0,1,5,8,0,8,1,2,0,0,1,3,1,1959,,3258,2842,402,756,107,24,83,381,328,33,487,15,60,12,41,63,51,36
85,51,48,4,13,1,1,1,4,2,0,13,0,1,0,0,0,0,0,1959,1959-07-09,3309,2890,406,769,108,25,84,385,330,33,500,15,61,12,41,63,51,36
86,44,38,7,12,3,0,2,6,3,1,7,1,1,1,1,1,0,0,1959,1959-07-11,3353,2928,413,781,111,25,86,391,333,34,507,16,62,13,42,64,51,36
87,32,32,3,5,1,0,1,2,0,0,4,0,0,0,1,0,0,1,1959,1959-07-12,3385,2960,416,786,112,25,87,393,333,34,511,16,62,13,43,64,51,37
88,42,38,5,10,0,0,0,5,4,0,9,0,0,0,1,0,0,0,1959,1959-07-13,3427,2998,421,796,112,25,87,398,337,34,520,16,62,13,44,64,51,37
89,36,33,1,7,2,0,0,1,3,0,4,0,0,0,0,0,1,0,1959,1959-07-14,3463,3031,422,803,114,25,87,399,340,34,524,16,62,13,44,64,52,37
90,35,30,3,6,1,0,0,3,4,1,4,0,1,0,0,1,1,1,1959,1959-07-15,3498,3061,425,809,115,25,87,402,344,35,528,16,63,13,44,65,53,38
91,40,36,2,10,2,2,0,1,4,1,4,0,0,0,0,0,1,0,1959,1959-07-17,3538,3097,427,819,117,27,87,403,348,36,532,16,63,13,44,65,54,38
92,34,31,2,4,0,0,1,2,3,0,4,0,0,0,0,0,0,0,1959,1959-07-18,3572,3128,429,823,117,27,88,405,351,36,536,16,63,13,44,65,54,38
93,40,35,8,11,1,1,2,7,4,1,5,0,1,0,0,1,0,0,1959,,3612,3163,437,834,118,28,90,412,355,37,541,16,64,13,44,66,54,38
94,28,21,2,5,1,0,0,2,6,0,3,0,1,0,2,1,0,0,1959,,3640,3184,439,839,119,28,90,414,361,37,544,16,65,13,46,67,54,38
95,32,31,3,4,0,1,2,3,1,0,6,0,0,0,0,0,0,0,1959,1959-07-20,3672,3215,442,843,119,29,92,417,362,37,550,16,65,13,46,67,54,38
96,33,28,1,3,1,0,0,1,3,0,6,0,2,0,2,1,0,1,1959,1959-07-21,3705,3243,443,846,120,29,92,418,365,37,556,16,67,13,48,68,54,39
97,33,32,2,5,1,0,0,2,1,0,9,0,0,0,1,1,0,0,1959,1959-07-22,3738,3275,445,851,121,29,92,420,366,37,565,16,67,13,49,69,54,39
98,35,30,5,8,0,0,2,5,5,0,7,0,0,0,0,0,1,1,1959,1959-07-23,3773,3305,450,859,121,29,94,425,371,37,572,16,67,13,49,69,55,40
99,35,31,1,6,0,0,0,1,4,0,9,0,0,0,0,1,0,1,1959,1959-07-24,3808,3336,451,865,121,29,94,426,375,37,581,16,67,13,49,70,55,41
100,37,35,2,6,2,1,0,2,2,1,7,0,0,0,0,0,0,0,1959,1959-07-25,3845,3371,453,871,123,30,94,428,377,38,588,16,67,13,49,70,55,41
101,39,36,8,15,2,0,2,8,3,0,1,0,0,0,0,2,0,1,1959,1959-07-26,3884,3407,461,886,125,30,96,436,380,38,589,16,67,13,49,72,55,42
102,37,31,9,11,3,0,1,9,4,1,2,0,0,2,0,2,0,0,1959,1959-07-28,3921,3438,470,897,128,30,97,445,384,39,591,16,67,15,49,74,55,42
103,36,32,2,7,2,0,0,2,3,2,5,0,1,0,2,0,0,0,1959,1959-07-29,3957,3470,472,904,130,30,97,447,387,41,596,16,68,15,51,74,55,42
104,49,40,4,8,1,0,0,4,4,1,6,2,2,1,1,1,0,0,1959,1959-07-30,4006,3510,476,912,131,30,97,451,391,42,602,18,70,16,52,75,55,42
105,36,29,5,8,2,0,1,5,6,0,3,0,1,0,0,1,0,1,1959,1959-07-31,4042,3539,481,920,133,30,98,456,397,42,605,18,71,16,52,76,55,43
106,36,33,5,10,1,1,0,5,2,0,5,0,1,0,2,2,0,0,1959,1959-08-01,4078,3572,486,930,134,31,98,461,399,42,610,18,72,16,54,78,55,43
107,34,31,4,8,2,0,2,4,3,0,4,0,0,0,0,0,1,0,1959,1959-08-02,4112,3603,490,938,136,31,100,465,402,42,614,18,72,16,54,78,56,43
108,32,30,1,3,0,0,1,1,2,0,10,0,0,0,1,0,0,0,1959,1959-08-04,4144,3633,491,941,136,31,101,466,404,42,624,18,72,16,55,78,56,43
109,33,30,6,7,0,0,2,6,3,0,3,0,0,0,1,1,0,0,1959,1959-08-05,4177,3663,497,948,136,31,103,472,407,42,627,18,72,16,56,79,56,43
110,38,30,4,10,0,0,1,4,6,0,7,0,1,1,0,1,2,1,1959,1959-08-08,4215,3693,501,958,136,31,104,476,413,42,634,18,73,17,56,80,58,44
111,44,34,7,8,3,1,1,6,7,0,5,1,0,2,1,0,0,0,1959,1959-08-09,4259,3727,508,966,139,32,105,482,420,42,639,19,73,19,57,80,58,44
112,44,36,4,7,0,0,1,3,8,1,4,0,0,0,0,1,3,0,1959,1959-08-11,4303,3763,512,973,139,32,106,485,428,43,643,19,73,19,57,81,61,44
113,45,39,8,12,1,0,2,7,5,0,4,0,0,1,2,1,2,0,1959,1959-08-12,4348,3802,520,985,140,32,108,492,433,43,647,19,73,20,59,82,63,44
114,39,31,7,8,3,0,0,6,5,1,5,0,2,1,1,1,0,1,1959,1959-08-13,4387,3833,527,993,143,32,108,498,438,44,652,19,75,21,60,83,63,45
115,44,38,1,9,2,0,1,1,4,1,5,0,2,0,0,0,0,0,1959,1959-08-14,4431,3871,528,1002,145,32,109,499,442,45,657,19,77,21,60,83,63,45
116,38,33,4,6,1,0,2,4,5,1,4,0,0,0,0,0,0,1,1959,1959-08-15,4469,3904,532,1008,146,32,111,503,447,46,661,19,77,21,60,83,63,46
117,39,36,3,10,1,0,0,3,2,0,5,0,0,1,0,0,0,0,1959,1959-08-16,4508,3940,535,1018,147,32,111,506,449,46,666,19,77,22,60,83,63,46
118,36,32,1,7,1,0,1,1,4,0,4,0,0,0,0,1,0,1,1959,,4544,3972,536,1025,148,32,112,507,453,46,670,19,77,22,60,84,63,47
119,36,33,4,5,1,0,1,4,3,0,2,0,0,0,1,0,1,0,1959,,4580,4005,540,1030,149,32,113,511,456,46,672,19,77,22,61,84,64,47
120,59,47,7,12,0,1,1,7,9,1,13,0,2,1,2,1,0,1,1959,1959-08-18,4639,4052,547,1042,149,33,114,518,465,47,685,19,79,23,63,85,64,48
121,38,32,4,8,2,0,1,4,4,0,8,1,1,0,1,1,0,0,1959,1959-08-19,4677,4084,551,1050,151,33,115,522,469,47,693,20,80,23,64,86,64,48
122,42,39,8,11,3,0,2,8,2,0,7,1,0,0,0,0,0,0,1959,1959-08-20,4719,4123,559,1061,154,33,117,530,471,47,700,21,80,23,64,86,64,48
123,44,38,6,13,2,1,1,5,5,3,3,0,1,0,0,1,0,1,1959,1959-08-21,4763,4161,565,1074,156,34,118,535,476,50,703,21,81,23,64,87,64,49
124,35,32,0,6,1,0,0,0,3,0,6,0,0,0,0,1,0,0,1959,1959-08-22,4798,4193,565,1080,157,34,118,535,479,50,709,21,81,23,64,88,64,49
125,34,31,2,7,2,0,1,2,1,0,1,0,1,1,0,1,0,0,1959,,4832,4224,567,1087,159,34,119,537,480,50,710,21,82,24,64,89,64,49
126,43,36,3,10,2,0,0,3,4,1,3,0,3,0,0,0,1,0,1959,,4875,4260,570,1097,161,34,119,540,484,51,713,21,85,24,64,89,65,49
127,40,36,8,9,0,0,2,8,4,0,11,0,0,0,0,0,0,0,1959,1959-08-24,4915,4296,578,1106,161,34,121,548,488,51,724,21,85,24,64,89,65,49
128,38,36,5,9,3,0,2,5,2,0,5,0,0,0,0,0,2,0,1959,1959-08-25,4953,4332,583,1115,164,34,123,553,490,51,729,21,85,24,64,89,67,49
129,35,35,0,8,2,0,0,0,0,0,11,0,0,0,1,1,0,0,1959,1959-08-28,4988,4367,583,1123,166,34,123,553,490,51,740,21,85,24,65,90,67,49
130,43,36,7,12,3,2,1,5,5,1,4,1,1,0,3,4,0,0,1959,1959-08-30,5031,4403,590,1135,169,36,124,558,495,52,744,22,86,24,68,94,67,49
131,38,31,5,7,0,0,1,4,5,0,7,0,2,0,2,0,2,0,1959,1959-08-31,5069,4434,595,1142,169,36,125,562,500,52,751,22,88,24,70,94,69,49
132,30,28,0,2,1,0,0,0,2,0,4,0,0,0,1,1,0,0,1959,1959-09-01,5099,4462,595,1144,170,36,125,562,502,52,755,22,88,24,71,95,69,49
133,43,34,9,12,2,1,0,9,8,0,7,0,0,1,1,0,1,0,1959,1959-09-02,5142,4496,604,1156,172,37,125,571,510,52,762,22,88,25,72,95,70,49
134,36,34,3,7,1,0,1,3,2,0,7,0,0,0,1,1,1,0,1959,1959-09-03,5178,4530,607,1163,173,37,126,574,512,52,769,22,88,25,73,96,71,49
135,40,34,0,6,0,0,0,0,6,1,8,0,0,0,1,1,0,0,1959,,5218,4564,607,1169,173,37,126,574,518,53,777,22,88,25,74,97,71,49
136,35,30,3,5,0,0,2,3,4,1,6,0,1,0,0,1,0,0,1959,,5253,4594,610,1174,173,37,128,577,522,54,783,22,89,25,74,98,71,49
137,33,30,7,8,0,2,1,6,2,0,7,1,0,0,0,1,1,0,1959,1959-09-07,5286,4624,617,1182,173,39,129,583,524,54,790,23,89,25,74,99,72,49
138,31,26,1,6,0,0,0,1,3,0,4,1,1,0,0,2,1,0,1959,1959-09-09,5317,4650,618,1188,173,39,129,584,527,54,794,24,90,25,74,101,73,49
139,37,31,5,7,0,2,0,4,5,0,10,0,1,0,1,0,2,0,1959,1959-09-10,5354,4681,623,1195,173,41,129,588,532,54,804,24,91,25,75,101,75,49
140,38,35,5,11,1,1,2,5,2,1,3,0,1,0,0,0,1,0,1959,,5392,4716,628,1206,174,42,131,593,534,55,807,24,92,25,75,101,76,49
141,37,33,4,9,1,0,1,4,4,1,3,0,0,0,0,0,0,0,1959,,5429,4749,632,1215,175,42,132,597,538,56,810,24,92,25,75,101,76,49
142,36,33,3,9,2,0,1,3,2,0,3,0,0,1,0,1,0,0,1959,1959-09-13,5465,4782,635,1224,177,42,133,600,540,56,813,24,92,26,75,102,76,49
143,34,28,1,3,0,0,1,1,6,0,7,0,0,0,0,1,0,1,1959,1959-09-14,5499,4810,636,1227,177,42,134,601,546,56,820,24,92,26,75,103,76,50
144,49,40,8,16,2,1,0,8,6,0,5,0,1,2,1,0,0,0,1959,1959-09-15,5548,4850,644,1243,179,43,134,609,552,56,825,24,93,28,76,103,76,50
145,36,35,4,10,0,1,3,4,1,0,4,0,0,0,0,2,1,0,1959,1959-09-16,5584,4885,648,1253,179,44,137,613,553,56,829,24,93,28,76,105,77,50
146,31,28,4,7,2,0,2,4,1,0,3,1,1,0,0,0,1,0,1959,1959-09-17,5615,4913,652,1260,181,44,139,617,554,56,832,25,94,28,76,105,78,50
147,40,36,4,9,1,0,0,3,1,0,4,0,3,0,2,1,0,0,1959,,5655,4949,656,1269,182,44,139,620,555,56,836,25,97,28,78,106,78,50
148,40,36,5,8,3,0,0,5,3,1,10,1,0,0,0,0,2,0,1959,,5695,4985,661,1277,185,44,139,625,558,57,846,26,97,28,78,106,80,50
149,45,34,8,10,3,0,1,8,8,1,5,0,1,2,0,1,1,0,1959,1959-09-20,5740,5019,669,1287,188,44,140,633,566,58,851,26,98,30,78,107,81,50
150,46,40,10,14,2,0,2,9,6,1,6,0,0,0,1,2,0,0,1959,1959-09-22,5786,5059,679,1301,190,44,142,642,572,59,857,26,98,30,79,109,81,50
151,39,34,3,7,2,0,0,3,4,2,6,1,0,0,0,0,0,0,1959,1959-09-23,5825,5093,682,1308,192,44,142,645,576,61,863,27,98,30,79,109,81,50
152,46,39,5,9,2,0,2,5,5,0,7,0,1,1,0,0,2,0,1959,1959-09-25,5871,5132,687,1317,194,44,144,650,581,61,870,27,99,31,79,109,83,50
153,35,33,2,9,2,0,0,2,2,0,7,0,0,0,0,3,0,0,1959,1959-09-26,5906,5165,689,1326,196,44,144,652,583,61,877,27,99,31,79,112,83,50
154,38,34,7,9,0,1,2,7,3,0,4,0,1,0,0,1,1,0,1959,1959-09-27,5944,5199,696,1335,196,45,146,659,586,61,881,27,100,31,79,113,84,50
155,38,35,3,10,0,0,1,3,3,0,5,0,0,0,0,2,0,0,1959,1959-09-28,5982,5234,699,1345,196,45,147,662,589,61,886,27,100,31,79,115,84,50
156,52,48,6,15,0,1,1,5,2,0,5,1,0,1,1,1,0,1,1959,1959-09-29,6034,5282,705,1360,196,46,148,667,591,61,891,28,100,32,80,116,84,51
1,38,32,0,6,0,0,0,0,6,0,6,0,0,0,0,1,0,0,1958,1958-04-15,38,32,0,6,0,0,0,0,6,0,6,0,0,0,0,1,0,0
2,51,39,13,15,2,0,2,11,9,0,4,1,0,2,2,0,0,2,1958,1958-04-16,89,71,13,21,2,0,2,11,15,0,10,1,0,2,2,1,0,2
3,43,34,4,8,2,1,1,4,7,0,3,1,0,1,0,0,0,0,1958,1958-04-17,132,105,17,29,4,1,3,15,22,0,13,2,0,3,2,1,0,2
4,39,32,6,8,0,0,1,4,7,1,5,0,0,0,0,0,1,0,1958,1958-04-18,171,137,23,37,4,1,4,19,29,1,18,2,0,3,2,1,1,2
5,35,32,4,7,1,1,3,4,2,0,2,1,0,0,0,2,0,0,1958,1958-04-19,206,169,27,44,5,2,7,23,31,1,20,3,0,3,2,3,1,2
6,36,34,2,8,1,1,1,2,2,0,4,0,0,0,0,1,0,0,1958,1958-04-20,242,203,29,52,6,3,8,25,33,1,24,3,0,3,2,4,1,2
7,35,26,4,4,0,0,1,3,6,0,5,2,1,0,1,2,0,0,1958,1958-04-22,277,229,33,56,6,3,9,28,39,1,29,5,1,3,3,6,1,2
8,40,34,6,7,0,1,2,3,5,0,0,1,0,0,3,3,0,0,1958,1958-04-23,317,263,39,63,6,4,11,31,44,1,29,6,1,3,6,9,1,2
9,36,36,2,10,0,0,2,2,0,0,3,0,0,0,1,2,0,0,1958,1958-04-24,353,299,41,73,6,4,13,33,44,1,32,6,1,3,7,11,1,2
10,38,33,5,12,3,1,0,5,4,0,5,1,0,0,0,1,1,0,1958,1958-04-25,391,332,46,85,9,5,13,38,48,1,37,7,1,3,7,12,2,2
11,42,38,4,9,0,0,0,3,3,0,3,0,1,0,4,1,1,0,1958,1958-04-26,433,370,50,94,9,5,13,41,51,1,40,7,2,3,11,13,3,2
12,41,34,10,10,3,0,1,9,5,0,7,0,1,1,2,0,2,0,1958,1958-04-27,474,404,60,104,12,5,14,50,56,1,47,7,3,4,13,13,5,2
13,32,30,1,4,0,0,1,1,2,0,5,0,0,0,0,0,0,1,1958,1958-04-29,506,434,61,108,12,5,15,51,58,1,52,7,3,4,13,13,5,3
14,31,30,1,3,0,0,0,1,1,0,6,0,0,0,0,0,0,0,1958,1958-04-30,537,464,62,111,12,5,15,52,59,1,58,7,3,4,13,13,5,3
15,41,37,3,11,0,0,0,2,2,0,4,0,1,1,2,1,0,0,1958,1958-05-01,578,501,65,122,12,5,15,54,61,1,62,7,4,5,15,14,5,3
16,39,33,9,10,1,1,0,8,5,0,5,0,0,1,0,0,2,0,1958,1958-05-02,617,534,74,132,13,6,15,62,66,1,67,7,4,6,15,14,7,3
17,35,35,1,7,0,0,1,1,0,0,5,0,0,0,1,1,0,0,1958,1958-05-03,652,569,75,139,13,6,16,63,66,1,72,7,4,6,16,15,7,3
18,38,32,8,8,1,2,1,7,4,1,3,0,2,0,1,0,0,0,1958,,690,601,83,147,14,8,17,70,70,2,75,7,6,6,17,15,7,3
19,46,41,15,18,5,1,2,15,5,2,6,0,0,0,0,0,0,1,1958,,736,642,98,165,19,9,19,85,75,4,81,7,6,6,17,15,7,4
20,35,30,3,5,0,0,1,3,5,0,2,0,0,0,0,2,0,0,1958,1958-05-05,771,672,101,170,19,9,20,88,80,4,83,7,6,6,17,17,7,4
21,60,51,7,13,1,1,0,7,8,1,13,0,1,0,0,1,4,0,1958,1958-05-06,831,723,108,183,20,10,20,95,88,5,96,7,7,6,17,18,11,4
22,41,36,3,11,0,0,1,3,5,0,1,0,0,0,0,2,0,0,1958,1958-05-07,872,759,111,194,20,10,21,98,93,5,97,7,7,6,17,20,11,4
23,37,36,3,10,1,1,0,2,1,0,8,0,0,0,0,1,0,0,1958,1958-05-09,909,795,114,204,21,11,21,100,94,5,105,7,7,6,17,21,11,4
24,32,27,2,5,0,0,2,2,4,2,5,0,1,0,0,2,0,0,1958,1958-05-10,941,822,116,209,21,11,23,102,98,7,110,7,8,6,17,23,11,4
25,34,33,3,6,3,1,1,3,1,0,10,0,0,0,0,1,0,0,1958,1958-05-12,975,855,119,215,24,12,24,105,99,7,120,7,8,6,17,24,11,4
26,47,40,9,11,0,0,4,9,5,0,4,2,0,0,2,0,0,0,1958,1958-05-13,1022,895,128,226,24,12,28,114,104,7,124,9,8,6,19,24,11,4
27,33,29,3,5,0,1,1,3,3,0,4,0,1,0,0,1,0,0,1958,1958-05-14,1055,924,131,231,24,13,29,117,107,7,128,9,9,6,19,25,11,4
28,51,41,4,8,2,0,0,4,8,0,8,0,1,1,0,0,0,0,1958,1958-05-15,1106,965,135,239,26,13,29,121,115,7,136,9,10,7,19,25,11,4
29,33,30,0,6,1,0,0,0,2,0,9,1,0,0,0,0,0,0,1958,1958-05-16,1139,995,135,245,27,13,29,121,117,7,145,10,10,7,19,25,11,4
30,32,30,1,5,0,1,0,1,1,0,6,0,0,1,1,2,1,0,1958,1958-05-17,1171,1025,136,250,27,14,29,122,118,7,151,10,10,8,20,27,12,4
31,37,33,5,8,2,1,2,4,3,0,5,0,1,0,1,0,1,1,1958,,1208,1058,141,258,29,15,31,126,121,7,156,10,11,8,21,27,13,5
32,36,35,4,9,1,0,2,4,1,0,2,0,0,0,0,0,1,0,1958,,1244,1093,145,267,30,15,33,130,122,7,158,10,11,8,21,27,14,5
33,43,35,6,6,2,0,1,6,5,0,9,0,0,3,0,0,0,1,1958,1958-05-20,1287,1128,151,273,32,15,34,136,127,7,167,10,11,11,21,27,14,6
34,31,29,2,4,1,0,1,2,1,0,3,0,1,0,0,1,0,0,1958,1958-05-21,1318,1157,153,277,33,15,35,138,128,7,170,10,12,11,21,28,14,6
35,37,34,1,8,1,0,1,1,3,0,1,0,0,0,1,2,0,0,1958,1958-05-23,1355,1191,154,285,34,15,36,139,131,7,171,10,12,11,22,30,14,6
36,37,32,4,8,2,1,2,4,4,0,4,0,0,1,0,1,0,1,1958,1958-05-24,1392,1223,158,293,36,16,38,143,135,7,175,10,12,12,22,31,14,7
37,37,32,2,6,2,0,0,2,4,0,7,0,1,0,0,0,1,0,1958,1958-05-26,1429,1255,160,299,38,16,38,145,139,7,182,10,13,12,22,31,15,7
38,36,33,3,7,0,1,0,3,2,0,3,0,0,1,0,0,0,0,1958,1958-05-27,1465,1288,163,306,38,17,38,148,141,7,185,10,13,13,22,31,15,7
39,38,37,7,12,2,0,0,7,1,1,5,0,0,0,0,0,0,0,1958,1958-05-28,1503,1325,170,318,40,17,38,155,142,8,190,10,13,13,22,31,15,7
40,36,34,2,7,2,0,1,1,2,0,5,0,0,0,0,0,1,1,1958,,1539,1359,172,325,42,17,39,156,144,8,195,10,13,13,22,31,16,8
41,45,37,8,14,2,2,2,7,5,1,5,0,2,1,0,0,1,1,1958,,1584,1396,180,339,44,19,41,163,149,9,200,10,15,14,22,31,17,9
42,45,39,9,15,1,0,3,9,4,0,2,1,1,0,0,1,0,0,1958,1958-05-31,1629,1435,189,354,45,19,44,172,153,9,202,11,16,14,22,32,17,9
43,37,31,1,4,1,0,0,1,4,0,7,0,2,0,2,0,0,0,1958,1958-06-01,1666,1466,190,358,46,19,44,173,157,9,209,11,18,14,24,32,17,9
44,37,34,3,5,1,0,1,3,3,0,7,0,0,0,4,0,0,1,1958,1958-06-03,1703,1500,193,363,47,19,45,176,160,9,216,11,18,14,28,32,17,10
45,31,29,3,7,0,2,1,3,2,0,8,0,0,0,0,1,0,1,1958,1958-06-04,1734,1529,196,370,47,21,46,179,162,9,224,11,18,14,28,33,17,11
46,37,35,4,8,1,0,1,4,2,0,1,0,0,0,2,1,0,0,1958,1958-06-05,1771,1564,200,378,48,21,47,183,164,9,225,11,18,14,30,34,17,11
47,34,34,4,10,0,1,2,4,0,0,9,0,0,0,1,1,1,0,1958,1958-06-06,1805,1598,204,388,48,22,49,187,164,9,234,11,18,14,31,35,18,11
48,39,37,5,13,0,2,2,5,1,0,3,0,1,0,1,0,0,0,1958,1958-06-07,1844,1635,209,401,48,24,51,192,165,9,237,11,19,14,32,35,18,11
49,44,41,12,19,5,1,0,12,3,1,6,0,0,0,0,1,0,0,1958,1958-06-08,1888,1676,221,420,53,25,51,204,168,10,243,11,19,14,32,36,18,11
50,38,35,2,9,2,0,1,2,3,0,6,0,0,0,0,1,0,0,1958,1958-06-10,1926,1711,223,429,55,25,52,206,171,10,249,11,19,14,32,37,18,11
51,35,31,7,11,1,2,1,6,2,0,0,0,1,1,0,2,2,0,1958,1958-06-11,1961,1742,230,440,56,27,53,212,173,10,249,11,20,15,32,39,20,11
52,34,32,3,8,1,0,0,2,1,0,7,0,1,0,0,1,0,0,1958,1958-06-12,1995,1774,233,448,57,27,53,214,174,10,256,11,21,15,32,40,20,11
53,38,28,5,7,2,0,0,5,6,1,2,0,3,1,0,2,1,0,1958,1958-06-13,2033,1802,238,455,59,27,53,219,180,11,258,11,24,16,32,42,21,11
54,34,28,4,5,0,0,1,4,5,0,5,0,1,0,1,2,2,0,1958,1958-06-14,2067,1830,242,460,59,27,54,223,185,11,263,11,25,16,33,44,23,11
55,36,35,1,8,0,0,0,1,1,0,2,0,0,0,0,0,0,0,1958,1958-06-15,2103,1865,243,468,59,27,54,224,186,11,265,11,25,16,33,44,23,11
56,42,34,6,11,1,1,1,5,7,0,11,0,0,1,0,3,0,0,1958,1958-06-17,2145,1899,249,479,60,28,55,229,193,11,276,11,25,17,33,47,23,11
57,36,34,3,8,0,0,1,3,2,0,9,0,0,0,0,1,0,0,1958,1958-06-18,2181,1933,252,487,60,28,56,232,195,11,285,11,25,17,33,48,23,11
58,31,30,3,6,0,0,2,3,1,0,3,0,0,0,0,2,0,0,1958,1958-06-19,2212,1963,255,493,60,28,58,235,196,11,288,11,25,17,33,50,23,11
59,33,31,1,6,0,0,0,1,2,0,8,0,0,0,0,0,0,2,1958,1958-06-20,2245,1994,256,499,60,28,58,236,198,11,296,11,25,17,33,50,23,13
60,42,37,7,13,2,1,0,6,2,0,2,0,2,1,1,0,0,0,1958,1958-06-21,2287,2031,263,512,62,29,58,242,200,11,298,11,27,18,34,50,23,13
61,39,36,4,9,1,0,0,3,3,0,2,0,0,0,2,0,0,1,1958,,2326,2067,267,521,63,29,58,245,203,11,300,11,27,18,36,50,23,14
62,42,37,3,10,0,0,0,3,4,0,5,1,0,0,0,2,0,1,1958,,2368,2104,270,531,63,29,58,248,207,11,305,12,27,18,36,52,23,15
63,33,31,1,6,2,0,0,1,2,0,4,0,0,0,0,2,0,0,1958,1958-06-23,2401,2135,271,537,65,29,58,249,209,11,309,12,27,18,36,54,23,15
64,52,45,13,15,1,0,4,12,4,0,8,1,1,1,1,0,1,0,1958,,2453,2180,284,552,66,29,62,261,213,11,317,13,28,19,37,54,24,15
65,43,39,7,10,2,0,2,7,3,0,3,0,1,0,1,3,0,0,1958,,2496,2219,291,562,68,29,64,268,216,11,320,13,29,19,38,57,24,15
66,38,33,4,8,0,0,2,4,3,0,3,1,0,1,1,1,0,0,1958,1958-06-26,2534,2252,295,570,68,29,66,272,219,11,323,14,29,20,39,58,24,15
67,34,31,3,5,0,0,2,3,2,0,6,0,1,0,0,0,0,0,1958,1958-06-27,2568,2283,298,575,68,29,68,275,221,11,329,14,30,20,39,58,24,15
68,38,31,3,4,0,0,1,2,6,0,3,0,0,1,1,0,0,0,1958,1958-06-28,2606,2314,301,579,68,29,69,277,227,11,332,14,30,21,40,58,24,15
69,38,37,6,10,1,0,4,6,1,0,5,0,0,0,0,0,0,0,1958,1958-06-29,2644,2351,307,589,69,29,73,283,228,11,337,14,30,21,40,58,24,15
70,36,32,2,7,0,0,1,2,4,0,3,0,0,0,0,2,0,0,1958,1958-06-30,2680,2383,309,596,69,29,74,285,232,11,340,14,30,21,40,60,24,15
71,41,35,9,13,2,1,3,9,3,0,5,1,1,1,0,2,0,0,1958,1958-07-01,2721,2418,318,609,71,30,77,294,235,11,345,15,31,22,40,62,24,15
72,34,33,2,8,0,0,1,2,1,0,6,0,0,0,0,2,2,0,1958,,2755,2451,320,617,71,30,78,296,236,11,351,15,31,22,40,64,26,15
73,35,30,3,7,0,0,2,3,3,0,4,0,2,0,1,0,2,0,1958,,2790,2481,323,624,71,30,80,299,239,11,355,15,33,22,41,64,28,15
74,39,32,1,7,0,0,0,1,6,1,9,0,0,1,0,1,1,0,1958,1958-07-05,2829,2513,324,631,71,30,80,300,245,12,364,15,33,23,41,65,29,15
75,39,28,2,1,0,0,0,2,8,0,7,1,1,1,2,0,0,0,1958,1958-07-06,2868,2541,326,632,71,30,80,302,253,12,371,16,34,24,43,65,29,15
76,40,34,10,10,2,1,1,10,5,1,7,0,0,1,1,0,0,0,1958,1958-07-09,2908,2575,336,642,73,31,81,312,258,13,378,16,34,25,44,65,29,15
77,36,36,4,11,2,0,0,3,0,0,1,0,0,0,2,3,0,0,1958,1958-07-10,2944,2611,340,653,75,31,81,315,258,13,379,16,34,25,46,68,29,15
78,41,37,4,11,2,0,2,4,3,1,9,0,1,0,1,0,0,1,1958,1958-07-11,2985,2648,344,664,77,31,83,319,261,14,388,16,35,25,47,68,29,16
79,31,28,4,7,2,0,1,4,1,0,3,0,1,1,0,0,0,1,1958,1958-07-12,3016,2676,348,671,79,31,84,323,262,14,391,16,36,26,47,68,29,17
80,31,28,3,6,1,0,2,3,2,1,6,0,1,0,0,1,0,0,1958,,3047,2704,351,677,80,31,86,326,264,15,397,16,37,26,47,69,29,17
81,32,27,3,4,0,0,3,3,5,0,10,0,0,0,0,1,0,0,1958,,3079,2731,354,681,80,31,89,329,269,15,407,16,37,26,47,70,29,17
82,34,33,8,8,0,0,4,8,1,0,4,0,0,0,1,0,0,0,1958,1958-07-14,3113,2764,362,689,80,31,93,337,270,15,411,16,37,26,48,70,29,17
83,34,32,2,6,0,0,1,2,2,0,7,0,0,0,0,0,0,1,1958,1958-07-15,3147,2796,364,695,80,31,94,339,272,15,418,16,37,26,48,70,29,18
84,37,36,4,10,3,0,1,4,1,0,4,0,0,0,0,1,0,0,1958,1958-07-16,3184,2832,368,705,83,31,95,343,273,15,422,16,37,26,48,71,29,18
85,36,31,5,10,0,1,3,5,4,0,7,0,0,1,0,1,0,0,1958,1958-07-17,3220,2863,373,715,83,32,98,348,277,15,429,16,37,27,48,72,29,18
86,39,31,8,11,0,3,2,8,6,0,5,0,1,1,0,2,0,0,1958,1958-07-18,3259,2894,381,726,83,35,100,356,283,15,434,16,38,28,48,74,29,18
87,34,34,2,8,2,1,0,2,0,0,8,0,0,0,0,0,1,0,1958,1958-07-19,3293,2928,383,734,85,36,100,358,283,15,442,16,38,28,48,74,30,18
88,37,34,6,14,0,1,0,6,3,0,4,0,0,0,0,2,0,2,1958,1958-07-20,3330,2962,389,748,85,37,100,364,286,15,446,16,38,28,48,76,30,20
89,30,28,3,4,2,0,1,3,2,0,5,0,0,0,0,1,0,0,1958,,3360,2990,392,752,87,37,101,367,288,15,451,16,38,28,48,77,30,20
90,35,34,3,8,2,1,0,3,1,0,10,0,0,0,0,1,0,0,1958,,3395,3024,395,760,89,38,101,370,289,15,461,16,38,28,48,78,30,20
91,35,29,3,6,1,0,1,2,6,0,5,0,0,0,0,3,0,1,1958,1958-07-24,3430,3053,398,766,90,38,102,372,295,15,466,16,38,28,48,81,30,21
92,41,34,7,9,1,1,1,7,5,0,7,1,1,0,0,0,0,1,1958,1958-07-25,3471,3087,405,775,91,39,103,379,300,15,473,17,39,28,48,81,30,22
93,42,37,10,13,1,1,1,9,3,0,6,1,1,0,0,1,3,0,1958,1958-07-26,3513,3124,415,788,92,40,104,388,303,15,479,18,40,28,48,82,33,22
94,40,35,4,12,1,0,1,4,2,0,5,0,2,1,0,1,0,0,1958,,3553,3159,419,800,93,40,105,392,305,15,484,18,42,29,48,83,33,22
95,36,34,2,6,0,0,1,2,1,0,6,0,1,0,0,1,0,1,1958,,3589,3193,421,806,93,40,106,394,306,15,490,18,43,29,48,84,33,23
96,35,30,4,6,1,1,0,4,4,0,7,0,1,0,0,1,2,1,1958,1958-07-29,3624,3223,425,812,94,41,106,398,310,15,497,18,44,29,48,85,35,24
97,35,32,3,6,0,0,0,1,2,0,7,0,1,0,2,1,0,0,1958,1958-07-30,3659,3255,428,818,94,41,106,399,312,15,504,18,45,29,50,86,35,24
98,34,31,1,4,2,0,0,1,3,0,8,0,0,0,1,0,0,1,1958,1958-07-31,3693,3286,429,822,96,41,106,400,315,15,512,18,45,29,51,86,35,25
99,41,38,6,12,0,0,1,6,2,0,3,0,0,1,1,1,0,0,1958,1958-08-01,3734,3324,435,834,96,41,107,406,317,15,515,18,45,30,52,87,35,25
100,36,33,3,6,3,0,1,3,3,0,8,0,0,0,0,0,0,0,1958,1958-08-02,3770,3357,438,840,99,41,108,409,320,15,523,18,45,30,52,87,35,25
101,49,44,8,17,3,0,3,8,4,0,7,0,1,0,0,2,2,0,1958,,3819,3401,446,857,102,41,111,417,324,15,530,18,46,30,52,89,37,25
102,35,32,1,5,1,0,1,1,2,0,3,1,0,0,0,0,0,0,1958,,3854,3433,447,862,103,41,112,418,326,15,533,19,46,30,52,89,37,25
103,32,31,2,5,1,0,0,1,1,0,12,0,0,0,1,1,0,0,1958,1958-08-04,3886,3464,449,867,104,41,112,419,327,15,545,19,46,30,53,90,37,25
104,38,34,3,7,2,0,0,3,4,0,5,0,0,0,1,1,1,0,1958,1958-08-05,3924,3498,452,874,106,41,112,422,331,15,550,19,46,30,54,91,38,25
105,38,32,5,10,1,0,1,5,3,0,2,0,2,1,0,1,0,0,1958,1958-08-06,3962,3530,457,884,107,41,113,427,334,15,552,19,48,31,54,92,38,25
106,35,33,3,7,2,0,0,3,2,0,1,0,0,0,1,1,1,1,1958,1958-08-07,3997,3563,460,891,109,41,113,430,336,15,553,19,48,31,55,93,39,26
107,36,26,6,8,1,0,1,6,6,0,7,0,2,2,1,0,0,1,1958,1958-08-08,4033,3589,466,899,110,41,114,436,342,15,560,19,50,33,56,93,39,27
108,41,36,3,9,0,0,0,3,5,0,7,0,0,0,1,1,1,0,1958,1958-08-09,4074,3625,469,908,110,41,114,439,347,15,567,19,50,33,57,94,40,27
109,42,37,8,12,2,0,2,7,4,0,7,0,0,1,0,0,1,0,1958,1958-08-10,4116,3662,477,920,112,41,116,446,351,15,574,19,50,34,57,94,41,27
110,42,34,3,8,2,0,1,3,7,0,6,1,0,0,1,1,0,1,1958,1958-08-12,4158,3696,480,928,114,41,117,449,358,15,580,20,50,34,58,95,41,28
111,35,32,6,8,3,0,0,5,3,0,8,0,0,0,0,1,2,0,1958,1958-08-13,4193,3728,486,936,117,41,117,454,361,15,588,20,50,34,58,96,43,28
112,36,32,7,10,0,1,2,6,3,0,5,0,0,1,1,1,3,1,1958,1958-08-14,4229,3760,493,946,117,42,119,460,364,15,593,20,50,35,59,97,46,29
113,45,42,4,12,1,0,2,4,2,1,9,0,1,0,1,1,1,1,1958,,4274,3802,497,958,118,42,121,464,366,16,602,20,51,35,60,98,47,30
114,33,28,5,5,1,1,2,5,4,0,5,1,0,0,1,1,2,0,1958,,4307,3830,502,963,119,43,123,469,370,16,607,21,51,35,61,99,49,30
115,43,38,7,12,2,0,0,6,5,0,9,0,0,0,0,1,0,0,1958,,4350,3868,509,975,121,43,123,475,375,16,616,21,51,35,61,100,49,30
116,38,34,9,11,1,1,3,8,4,0,12,0,0,0,0,0,2,1,1958,,4388,3902,518,986,122,44,126,483,379,16,628,21,51,35,61,100,51,31
117,32,29,4,6,1,0,2,4,2,1,3,0,1,0,1,0,1,1,1958,,4420,3931,522,992,123,44,128,487,381,17,631,21,52,35,62,100,52,32
118,39,36,7,12,2,0,2,7,2,0,9,0,1,0,1,0,3,0,1958,,4459,3967,529,1004,125,44,130,494,383,17,640,21,53,35,63,100,55,32
119,32,30,2,4,1,1,1,2,2,0,5,0,0,0,2,0,0,0,1958,1958-08-20,4491,3997,531,1008,126,45,131,496,385,17,645,21,53,35,65,100,55,32
120,31,31,0,4,1,0,0,0,0,0,5,0,0,0,0,0,0,0,1958,1958-08-21,4522,4028,531,1012,127,45,131,496,385,17,650,21,53,35,65,100,55,32
121,43,35,10,13,1,1,4,10,6,0,6,0,2,0,0,0,4,0,1958,1958-08-23,4565,4063,541,1025,128,46,135,506,391,17,656,21,55,35,65,100,59,32
122,36,31,5,9,2,0,1,5,3,0,8,1,1,0,0,3,0,1,1958,1958-08-24,4601,4094,546,1034,130,46,136,511,394,17,664,22,56,35,65,103,59,33
123,32,31,4,9,2,0,1,4,1,0,4,0,0,0,0,1,0,0,1958,1958-08-25,4633,4125,550,1043,132,46,137,515,395,17,668,22,56,35,65,104,59,33
124,36,34,4,8,0,0,1,4,2,0,3,0,0,0,0,1,0,0,1958,1958-08-26,4669,4159,554,1051,132,46,138,519,397,17,671,22,56,35,65,105,59,33
125,38,36,7,9,1,0,3,7,2,0,6,0,0,0,1,1,0,0,1958,1958-08-27,4707,4195,561,1060,133,46,141,526,399,17,677,22,56,35,66,106,59,33
126,38,33,4,8,1,0,2,4,5,0,13,0,0,0,0,1,2,0,1958,1958-08-29,4745,4228,565,1068,134,46,143,530,404,17,690,22,56,35,66,107,61,33
127,33,30,2,5,0,0,1,2,3,0,3,0,0,0,1,3,0,0,1958,,4778,4258,567,1073,134,46,144,532,407,17,693,22,56,35,67,110,61,33
128,34,31,1,5,0,0,0,1,2,1,4,0,0,1,0,0,0,0,1958,,4812,4289,568,1078,134,46,144,533,409,18,697,22,56,36,67,110,61,33
129,36,35,2,8,2,0,0,2,0,0,3,0,0,1,3,1,0,1,1958,1958-08-31,4848,4324,570,1086,136,46,144,535,409,18,700,22,56,37,70,111,61,34
130,36,36,6,10,3,0,2,6,0,0,4,0,0,0,0,0,0,0,1958,,4884,4360,576,1096,139,46,146,541,409,18,704,22,56,37,70,111,61,34
131,68,58,5,13,1,0,1,5,7,0,11,0,3,0,2,0,0,2,1958,,4952,4418,581,1109,140,46,147,546,416,18,715,22,59,37,72,111,61,36
132,33,31,4,7,0,0,2,4,1,0,4,0,1,0,1,0,2,0,1958,1958-09-02,4985,4449,585,1116,140,46,149,550,417,18,719,22,60,37,73,111,63,36
133,39,33,5,12,3,0,2,5,6,1,6,0,0,0,0,1,0,1,1958,1958-09-03,5024,4482,590,1128,143,46,151,555,423,19,725,22,60,37,73,112,63,37
134,36,32,3,5,0,0,0,3,3,0,3,0,0,1,3,2,1,0,1958,1958-09-04,5060,4514,593,1133,143,46,151,558,426,19,728,22,60,38,76,114,64,37
135,34,26,2,3,1,0,0,2,6,0,3,0,2,0,1,1,1,2,1958,1958-09-05,5094,4540,595,1136,144,46,151,560,432,19,731,22,62,38,77,115,65,39
136,36,32,2,5,1,0,2,2,4,0,10,0,0,0,0,0,0,0,1958,1958-09-06,5130,4572,597,1141,145,46,153,562,436,19,741,22,62,38,77,115,65,39
137,38,33,7,8,1,0,5,7,3,0,6,0,2,0,0,0,0,0,1958,1958-09-07,5168,4605,604,1149,146,46,158,569,439,19,747,22,64,38,77,115,65,39
138,37,33,3,6,1,1,0,3,4,0,11,0,0,0,0,0,1,0,1958,1958-09-09,5205,4638,607,1155,147,47,158,572,443,19,758,22,64,38,77,115,66,39
139,45,41,6,13,4,0,2,4,3,0,6,1,0,0,0,0,0,0,1958,1958-09-10,5250,4679,613,1168,151,47,160,576,446,19,764,23,64,38,77,115,66,39
140,34,32,3,6,2,0,0,2,0,0,2,0,0,2,1,0,0,0,1958,1958-09-11,5284,4711,616,1174,153,47,160,578,446,19,766,23,64,40,78,115,66,39
141,39,33,7,9,1,1,2,7,6,0,5,0,0,0,0,2,1,1,1958,1958-09-12,5323,4744,623,1183,154,48,162,585,452,19,771,23,64,40,78,117,67,40
142,36,33,4,9,1,0,0,4,3,0,1,0,0,0,0,2,0,1,1958,1958-09-13,5359,4777,627,1192,155,48,162,589,455,19,772,23,64,40,78,119,67,41
143,42,35,5,9,2,0,1,5,7,0,9,0,0,0,1,1,0,0,1958,1958-09-14,5401,4812,632,1201,157,48,163,594,462,19,781,23,64,40,79,120,67,41
144,37,34,3,11,0,0,1,2,2,0,3,0,0,1,0,1,0,2,1958,1958-09-15,5438,4846,635,1212,157,48,164,596,464,19,784,23,64,41,79,121,67,43
145,38,37,3,12,3,1,0,3,1,0,7,0,0,0,0,1,1,0,1958,,5476,4883,638,1224,160,49,164,599,465,19,791,23,64,41,79,122,68,43
146,41,33,5,9,1,0,1,5,5,0,8,0,1,2,0,0,1,1,1958,,5517,4916,643,1233,161,49,165,604,470,19,799,23,65,43,79,122,69,44
147,40,38,5,14,0,0,2,4,1,1,6,1,0,0,0,1,2,1,1958,1958-09-19,5557,4954,648,1247,161,49,167,608,471,20,805,24,65,43,79,123,71,45
148,34,32,2,5,2,0,1,2,2,0,5,0,0,0,0,0,1,0,1958,1958-09-20,5591,4986,650,1252,163,49,168,610,473,20,810,24,65,43,79,123,72,45
149,39,32,2,9,0,0,0,2,5,1,10,0,2,0,0,1,0,1,1958,1958-09-21,5630,5018,652,1261,163,49,168,612,478,21,820,24,67,43,79,124,72,46
150,35,28,1,3,1,0,0,1,7,0,5,0,0,0,0,2,0,0,1958,1958-09-23,5665,5046,653,1264,164,49,168,613,485,21,825,24,67,43,79,126,72,46
151,32,28,4,7,1,0,2,4,3,1,5,1,0,0,1,3,0,0,1958,1958-09-24,5697,5074,657,1271,165,49,170,617,488,22,830,25,67,43,80,129,72,46
152,35,34,6,13,0,1,0,6,1,0,6,0,0,0,0,1,1,1,1958,,5732,5108,663,1284,165,50,170,623,489,22,836,25,67,43,80,130,73,47
153,36,31,1,5,1,0,0,0,4,0,4,0,1,0,1,1,0,0,1958,,5768,5139,664,1289,166,50,170,623,493,22,840,25,68,43,81,131,73,47
154,36,34,4,8,0,0,2,4,2,0,10,0,0,0,0,1,0,0,1958,1958-09-27,5804,5173,668,1297,166,50,172,627,495,22,850,25,68,43,81,132,73,47
